494 441 53
1 9589 0.33899068999999998342 -0.05910986199999999913 442 2 0 1 7 470 471 378 379 380 442 2 
2 9590 0.32975653999999998689 -0.05925478299999999837 1 3 0 1 7 378 379 343 344 345 1 3 
3 9591 0.32058763000000001231 -0.05936510799999999977 2 4 0 1 7 343 344 340 341 342 2 4 
4 9592 0.31148744000000000431 -0.05944026599999999855 3 5 0 1 9 340 341 157 159 162 161 163 3 5 
5 9593 0.30697350202763168392 -0.05946444632133320030 4 6 0 1 6 4 6 156 157 162 340 
6 9594 0.30471648355992597690 -0.05947320571285184820 5 7 0 1 7 5 7 123 156 157 159 340 
7 9595 0.30245948000000000278 -0.05947971600000000192 6 8 0 1 7 6 8 122 123 156 158 340 
8 9596 0.29798336901526017995 -0.05948588895044005370 7 9 0 1 7 7 9 120 121 122 123 129 
9 9597 0.29574527757588309207 -0.05948557175105047973 8 10 0 1 7 79 8 10 120 121 122 125 
10 9598 0.29350721000000001837 -0.05948295599999999655 9 11 0 1 7 78 79 9 11 85 120 121 
11 9599 0.29128892774012543621 -0.05947807328175782476 10 12 0 1 7 78 79 10 12 84 120 75 
12 9600 0.28907062964177487885 -0.05947088791335765345 11 13 0 1 6 78 79 81 11 13 75 
13 9601 0.28463403999999997707 -0.05944951799999999981 12 14 0 1 9 78 84 75 77 80 81 86 12 14 
14 9602 0.27584338000000002689 -0.05937897100000000261 13 15 0 1 7 75 77 40 42 76 13 15 
15 9603 0.26713860999999999857 -0.05927092700000000103 14 16 0 1 7 40 42 37 39 41 14 16 
16 9604 0.25852304999999997648 -0.05912503599999999887 15 17 0 1 6 37 39 20 38 15 17 
17 9605 0.25000000000000000000 -0.05894098899999999919 16 443 0 1 6 38 18 19 20 16 443 
18 9606 0.24658203125000000000 -0.06103515625000000000 0 0 1 0 5 17 20 443 444 19 
19 9607 0.24658203125000000000 -0.06591796875000000000 0 0 1 0 11 20 17 25 444 443 445 18 21 446 22 27 
20 9608 0.25146484375000000000 -0.06591796875000000000 0 0 1 0 11 38 16 43 19 18 22 17 25 24 26 45 
21 9609 0.24536132812500000000 -0.06958007812500000000 0 0 1 0 8 22 19 24 445 444 446 20 23 
22 9610 0.24780273437500000000 -0.06958007812500000000 0 0 1 0 8 25 20 27 21 19 23 444 24 
23 9611 0.24536132812500000000 -0.07202148437500000000 0 0 1 0 8 24 22 30 446 445 447 21 29 
24 9612 0.24780273437500000000 -0.07202148437500000000 0 0 1 0 8 27 25 33 23 21 29 22 30 
25 9613 0.25024414062500000000 -0.06958007812500000000 0 0 1 0 8 26 20 28 22 19 24 38 27 
26 9614 0.25268554687500000000 -0.06958007812500000000 0 0 1 0 8 43 38 45 25 20 27 19 28 
27 9615 0.25024414062500000000 -0.07202148437500000000 0 0 1 0 8 28 26 34 24 22 30 25 33 
28 9616 0.25268554687500000000 -0.07202148437500000000 0 0 1 0 8 45 43 51 27 25 33 26 34 
29 9617 0.24536132812500000000 -0.07446289062500000000 0 0 1 0 8 30 24 32 447 446 448 23 31 
30 9618 0.24780273437500000000 -0.07446289062500000000 0 0 1 0 8 33 27 35 29 23 31 24 32 
31 9619 0.24536132812500000000 -0.07690429687500000000 0 0 1 0 8 32 30 198 448 447 450 29 199 
32 9620 0.24780273437500000000 -0.07690429687500000000 0 0 1 0 8 35 33 199 31 29 198 30 450 
33 9621 0.25024414062500000000 -0.07446289062500000000 0 0 1 0 8 34 28 36 30 24 32 27 35 
34 9622 0.25268554687500000000 -0.07446289062500000000 0 0 1 0 8 51 45 53 33 27 35 28 36 
35 9623 0.25024414062500000000 -0.07690429687500000000 0 0 1 0 8 36 34 199 32 30 198 33 206 
36 9624 0.25268554687500000000 -0.07690429687500000000 0 0 1 0 8 53 51 206 35 33 199 34 198 
37 9625 0.26123046875000000000 -0.06103515625000000000 0 0 1 0 5 15 41 16 38 39 
38 9626 0.25634765625000000000 -0.06591796875000000000 0 0 1 0 11 39 37 47 20 17 26 16 43 28 44 49 
39 9627 0.26123046875000000000 -0.06591796875000000000 0 0 1 0 11 41 15 59 38 16 44 37 47 46 48 61 
40 9628 0.27099609375000000000 -0.06103515625000000000 0 0 1 0 5 14 76 15 41 42 
41 9629 0.26611328125000000000 -0.06591796875000000000 0 0 1 0 11 42 40 63 39 37 48 15 59 50 60 65 
42 9630 0.27099609375000000000 -0.06591796875000000000 0 0 1 0 11 76 14 88 41 15 60 40 63 62 64 90 
43 9631 0.25512695312500000000 -0.06958007812500000000 0 0 1 0 8 44 38 46 26 20 28 39 45 
44 9632 0.25756835937500000000 -0.06958007812500000000 0 0 1 0 8 47 39 49 43 38 45 20 46 
45 9633 0.25512695312500000000 -0.07202148437500000000 0 0 1 0 8 46 44 52 28 26 34 43 51 
46 9634 0.25756835937500000000 -0.07202148437500000000 0 0 1 0 8 49 47 55 45 43 51 44 52 
47 9635 0.26000976562500000000 -0.06958007812500000000 0 0 1 0 8 48 39 50 44 38 46 41 49 
48 9636 0.26245117187500000000 -0.06958007812500000000 0 0 1 0 8 59 41 61 47 39 49 38 50 
49 9637 0.26000976562500000000 -0.07202148437500000000 0 0 1 0 8 50 48 56 46 44 52 47 55 
50 9638 0.26245117187500000000 -0.07202148437500000000 0 0 1 0 8 61 59 67 49 47 55 48 56 
51 9639 0.25512695312500000000 -0.07446289062500000000 0 0 1 0 8 52 46 54 34 28 36 45 53 
52 9640 0.25756835937500000000 -0.07446289062500000000 0 0 1 0 8 55 49 57 51 45 53 46 54 
53 9641 0.25512695312500000000 -0.07690429687500000000 0 0 1 0 8 54 52 206 36 34 199 51 207 
54 9642 0.25756835937500000000 -0.07690429687500000000 0 0 1 0 8 57 55 207 53 51 206 52 199 
55 9643 0.26000976562500000000 -0.07446289062500000000 0 0 1 0 8 56 50 58 52 46 54 49 57 
56 9644 0.26245117187500000000 -0.07446289062500000000 0 0 1 0 8 67 61 69 55 49 57 50 58 
57 9645 0.26000976562500000000 -0.07690429687500000000 0 0 1 0 8 58 56 207 54 52 206 55 210 
58 9646 0.26245117187500000000 -0.07690429687500000000 0 0 1 0 8 69 67 210 57 55 207 56 206 
59 9647 0.26489257812500000000 -0.06958007812500000000 0 0 1 0 8 60 41 62 48 39 50 42 61 
60 9648 0.26733398437500000000 -0.06958007812500000000 0 0 1 0 8 63 42 65 59 41 61 39 62 
61 9649 0.26489257812500000000 -0.07202148437500000000 0 0 1 0 8 62 60 68 50 48 56 59 67 
62 9650 0.26733398437500000000 -0.07202148437500000000 0 0 1 0 8 65 63 71 61 59 67 60 68 
63 9651 0.26977539062500000000 -0.06958007812500000000 0 0 1 0 8 64 42 66 60 41 62 76 65 
64 9652 0.27221679687500000000 -0.06958007812500000000 0 0 1 0 8 88 76 90 63 42 65 41 66 
65 9653 0.26977539062500000000 -0.07202148437500000000 0 0 1 0 8 66 64 72 62 60 68 63 71 
66 9654 0.27221679687500000000 -0.07202148437500000000 0 0 1 0 8 90 88 96 65 63 71 64 72 
67 9655 0.26489257812500000000 -0.07446289062500000000 0 0 1 0 8 68 62 70 56 50 58 61 69 
68 9656 0.26733398437500000000 -0.07446289062500000000 0 0 1 0 8 71 65 73 67 61 69 62 70 
69 9657 0.26489257812500000000 -0.07690429687500000000 0 0 1 0 8 70 68 210 58 56 207 67 211 
70 9658 0.26733398437500000000 -0.07690429687500000000 0 0 1 0 8 73 71 211 69 67 210 68 207 
71 9659 0.26977539062500000000 -0.07446289062500000000 0 0 1 0 8 72 66 74 68 62 70 65 73 
72 9660 0.27221679687500000000 -0.07446289062500000000 0 0 1 0 8 96 90 98 71 65 73 66 74 
73 9661 0.26977539062500000000 -0.07690429687500000000 0 0 1 0 8 74 72 211 70 68 210 71 246 
74 9662 0.27221679687500000000 -0.07690429687500000000 0 0 1 0 8 98 96 246 73 71 211 72 210 
75 9663 0.28076171875000000000 -0.06103515625000000000 0 0 1 0 6 13 80 14 76 77 82 
76 9664 0.27587890625000000000 -0.06591796875000000000 0 0 1 0 11 77 75 92 42 40 64 14 88 66 89 94 
77 9665 0.28076171875000000000 -0.06591796875000000000 0 0 1 0 12 80 13 82 104 76 14 89 75 92 91 93 106 
78 9666 0.28930664062500000000 -0.06225585937500000000 0 0 1 0 7 79 11 85 13 12 84 81 
79 9667 0.29174804687500000000 -0.06225585937500000000 0 0 1 0 9 120 10 124 78 12 84 11 85 126 
80 9668 0.28442382812500000000 -0.06469726562500000000 0 0 1 0 6 81 13 83 77 75 82 
81 9669 0.28686523437500000000 -0.06469726562500000000 0 0 1 0 8 84 78 86 80 13 82 75 83 
82 9670 0.28442382812500000000 -0.06713867187500000000 0 0 1 0 8 83 81 105 77 75 80 104 93 
83 9671 0.28686523437500000000 -0.06713867187500000000 0 0 1 0 8 86 84 108 82 80 104 81 105 
84 9672 0.28930664062500000000 -0.06469726562500000000 0 0 1 0 8 85 79 87 81 13 83 78 86 
85 9673 0.29174804687500000000 -0.06469726562500000000 0 0 1 0 10 124 120 126 132 84 78 86 79 87 134 
86 9674 0.28930664062500000000 -0.06713867187500000000 0 0 1 0 8 87 85 109 83 81 105 84 108 
87 9675 0.29174804687500000000 -0.06713867187500000000 0 0 1 0 9 132 126 134 166 86 84 108 85 109 
88 9676 0.27465820312500000000 -0.06958007812500000000 0 0 1 0 8 89 76 91 64 42 66 77 90 
89 9677 0.27709960937500000000 -0.06958007812500000000 0 0 1 0 8 92 77 94 88 76 90 42 91 
90 9678 0.27465820312500000000 -0.07202148437500000000 0 0 1 0 8 91 89 97 66 64 72 88 96 
91 9679 0.27709960937500000000 -0.07202148437500000000 0 0 1 0 8 94 92 100 90 88 96 89 97 
92 9680 0.27954101562500000000 -0.06958007812500000000 0 0 1 0 7 93 77 95 89 76 91 94 
93 9681 0.28198242187500000000 -0.06958007812500000000 0 0 1 0 8 104 82 106 92 77 94 76 95 
94 9682 0.27954101562500000000 -0.07202148437500000000 0 0 1 0 8 95 93 101 91 89 97 92 100 
95 9683 0.28198242187500000000 -0.07202148437500000000 0 0 1 0 8 106 104 112 94 92 100 93 101 
96 9684 0.27465820312500000000 -0.07446289062500000000 0 0 1 0 8 97 91 99 72 66 74 90 98 
97 9685 0.27709960937500000000 -0.07446289062500000000 0 0 1 0 8 100 94 102 96 90 98 91 99 
98 9686 0.27465820312500000000 -0.07690429687500000000 0 0 1 0 8 99 97 246 74 72 211 96 247 
99 9687 0.27709960937500000000 -0.07690429687500000000 0 0 1 0 8 102 100 247 98 96 246 97 211 
100 9688 0.27954101562500000000 -0.07446289062500000000 0 0 1 0 8 101 95 103 97 91 99 94 102 
101 9689 0.28198242187500000000 -0.07446289062500000000 0 0 1 0 8 112 106 114 100 94 102 95 103 
102 9690 0.27954101562500000000 -0.07690429687500000000 0 0 1 0 8 103 101 247 99 97 246 100 250 
103 9691 0.28198242187500000000 -0.07690429687500000000 0 0 1 0 8 114 112 250 102 100 247 101 246 
104 9692 0.28442382812500000000 -0.06958007812500000000 0 0 1 0 8 105 83 107 93 77 95 82 106 
105 9693 0.28686523437500000000 -0.06958007812500000000 0 0 1 0 8 108 86 110 104 82 106 83 107 
106 9694 0.28442382812500000000 -0.07202148437500000000 0 0 1 0 8 107 105 113 95 93 101 104 112 
107 9695 0.28686523437500000000 -0.07202148437500000000 0 0 1 0 8 110 108 116 106 104 112 105 113 
108 9696 0.28930664062500000000 -0.06958007812500000000 0 0 1 0 8 109 87 111 105 83 107 86 110 
109 9697 0.29174804687500000000 -0.06958007812500000000 0 0 1 0 8 166 134 168 108 86 110 87 111 
110 9698 0.28930664062500000000 -0.07202148437500000000 0 0 1 0 8 111 109 117 107 105 113 108 116 
111 9699 0.29174804687500000000 -0.07202148437500000000 0 0 1 0 8 168 166 174 110 108 116 109 117 
112 9700 0.28442382812500000000 -0.07446289062500000000 0 0 1 0 8 113 107 115 101 95 103 106 114 
113 9701 0.28686523437500000000 -0.07446289062500000000 0 0 1 0 8 116 110 118 112 106 114 107 115 
114 9702 0.28442382812500000000 -0.07690429687500000000 0 0 1 0 8 115 113 250 103 101 247 112 251 
115 9703 0.28686523437500000000 -0.07690429687500000000 0 0 1 0 8 118 116 251 114 112 250 113 247 
116 9704 0.28930664062500000000 -0.07446289062500000000 0 0 1 0 8 117 111 119 113 107 115 110 118 
117 9705 0.29174804687500000000 -0.07446289062500000000 0 0 1 0 8 174 168 176 116 110 118 111 119 
118 9706 0.28930664062500000000 -0.07690429687500000000 0 0 1 0 8 119 117 251 115 113 250 116 262 
119 9707 0.29174804687500000000 -0.07690429687500000000 0 0 1 0 8 176 174 262 118 116 251 117 250 
120 9708 0.29418945312500000000 -0.06225585937500000000 0 0 1 0 10 121 9 128 79 11 85 10 124 125 130 
121 9709 0.29663085937500000000 -0.06225585937500000000 0 0 1 0 11 122 8 140 120 10 125 9 128 127 129 142 
122 9710 0.29907226562500000000 -0.06225585937500000000 0 0 1 0 11 123 7 144 121 9 129 8 140 131 141 146 
123 9711 0.30151367187500000000 -0.06225585937500000000 0 0 1 0 10 156 6 158 122 8 141 7 144 143 145 
124 9712 0.29357910156250000000 -0.06408691406250000000 0 0 1 0 8 125 120 127 85 79 87 121 126 
125 9713 0.29479980468750000000 -0.06408691406250000000 0 0 1 0 8 128 121 130 124 120 126 79 127 
126 9714 0.29357910156250000000 -0.06530761718750000000 0 0 1 0 8 127 125 133 85 79 87 124 132 
127 9715 0.29479980468750000000 -0.06530761718750000000 0 0 1 0 8 130 128 136 126 124 132 125 133 
128 9716 0.29602050781250000000 -0.06408691406250000000 0 0 1 0 8 129 121 131 125 120 127 122 130 
129 9717 0.29724121093750000000 -0.06408691406250000000 0 0 1 0 8 140 122 142 128 121 130 120 131 
130 9718 0.29602050781250000000 -0.06530761718750000000 0 0 1 0 8 131 129 137 127 125 133 128 136 
131 9719 0.29724121093750000000 -0.06530761718750000000 0 0 1 0 8 142 140 148 130 128 136 129 137 
132 9720 0.29357910156250000000 -0.06652832031250000000 0 0 1 0 8 133 127 135 87 85 109 126 134 
133 9721 0.29479980468750000000 -0.06652832031250000000 0 0 1 0 8 136 130 138 132 126 134 127 135 
134 9722 0.29357910156250000000 -0.06774902343750000000 0 0 1 0 8 135 133 166 87 85 109 132 167 
135 9723 0.29479980468750000000 -0.06774902343750000000 0 0 1 0 8 138 136 167 134 132 166 133 109 
136 9724 0.29602050781250000000 -0.06652832031250000000 0 0 1 0 8 137 131 139 133 127 135 130 138 
137 9725 0.29724121093750000000 -0.06652832031250000000 0 0 1 0 8 148 142 150 136 130 138 131 139 
138 9726 0.29602050781250000000 -0.06774902343750000000 0 0 1 0 8 139 137 167 135 133 166 136 170 
139 9727 0.29724121093750000000 -0.06774902343750000000 0 0 1 0 8 150 148 170 138 136 167 137 166 
140 9728 0.29846191406250000000 -0.06408691406250000000 0 0 1 0 8 141 122 143 129 121 131 123 142 
141 9729 0.29968261718750000000 -0.06408691406250000000 0 0 1 0 8 144 123 146 140 122 142 121 143 
142 9730 0.29846191406250000000 -0.06530761718750000000 0 0 1 0 8 143 141 149 131 129 137 140 148 
143 9731 0.29968261718750000000 -0.06530761718750000000 0 0 1 0 8 146 144 152 142 140 148 141 149 
144 9732 0.30090332031250000000 -0.06408691406250000000 0 0 1 0 8 145 123 147 141 122 143 156 146 
145 9733 0.30212402343750000000 -0.06408691406250000000 0 0 1 0 8 158 156 160 144 123 146 122 147 
146 9734 0.30090332031250000000 -0.06530761718750000000 0 0 1 0 8 147 145 153 143 141 149 144 152 
147 9735 0.30212402343750000000 -0.06530761718750000000 0 0 1 0 8 158 156 160 146 144 152 145 153 
148 9736 0.29846191406250000000 -0.06652832031250000000 0 0 1 0 8 149 143 151 137 131 139 142 150 
149 9737 0.29968261718750000000 -0.06652832031250000000 0 0 1 0 8 152 146 154 148 142 150 143 151 
150 9738 0.29846191406250000000 -0.06774902343750000000 0 0 1 0 8 151 149 170 139 137 167 148 171 
151 9739 0.29968261718750000000 -0.06774902343750000000 0 0 1 0 8 154 152 171 150 148 170 149 167 
152 9740 0.30090332031250000000 -0.06652832031250000000 0 0 1 0 8 153 147 155 149 143 151 146 154 
153 9741 0.30212402343750000000 -0.06652832031250000000 0 0 1 0 8 160 158 182 152 146 154 147 155 
154 9742 0.30090332031250000000 -0.06774902343750000000 0 0 1 0 8 155 153 171 151 149 170 152 182 
155 9743 0.30212402343750000000 -0.06774902343750000000 0 0 1 0 8 160 158 182 154 152 171 153 170 
156 9744 0.30395507812500000000 -0.06225585937500000000 0 0 1 0 9 157 5 159 123 7 145 6 158 147 
157 9745 0.30639648437500000000 -0.06225585937500000000 0 0 1 0 7 4 156 6 158 5 159 162 
158 9746 0.30395507812500000000 -0.06469726562500000000 0 0 1 0 10 159 157 161 145 123 147 153 156 160 155 
159 9747 0.30639648437500000000 -0.06469726562500000000 0 0 1 0 8 162 4 164 158 156 160 157 161 
160 9748 0.30395507812500000000 -0.06713867187500000000 0 0 1 0 9 161 159 183 153 147 155 171 158 182 
161 9749 0.30639648437500000000 -0.06713867187500000000 0 0 1 0 8 164 162 186 160 158 182 159 183 
162 9750 0.30883789062500000000 -0.06469726562500000000 0 0 1 0 8 163 4 165 159 157 161 340 164 
163 9751 0.31127929687500000000 -0.06469726562500000000 0 0 1 0 6 341 340 162 4 164 165 
164 9752 0.30883789062500000000 -0.06713867187500000000 0 0 1 0 8 165 163 187 161 159 183 162 186 
165 9753 0.31127929687500000000 -0.06713867187500000000 0 0 1 0 8 341 340 164 162 186 163 187 346 
166 9754 0.29418945312500000000 -0.06958007812500000000 0 0 1 0 9 167 138 169 109 87 111 135 134 168 
167 9755 0.29663085937500000000 -0.06958007812500000000 0 0 1 0 9 170 150 172 166 135 168 139 138 169 
168 9756 0.29418945312500000000 -0.07202148437500000000 0 0 1 0 8 169 167 175 111 109 117 166 174 
169 9757 0.29663085937500000000 -0.07202148437500000000 0 0 1 0 8 172 170 178 168 166 174 167 175 
170 9758 0.29907226562500000000 -0.06958007812500000000 0 0 1 0 9 171 154 173 167 139 169 151 150 172 
171 9759 0.30151367187500000000 -0.06958007812500000000 0 0 1 0 9 182 160 184 170 151 172 155 154 173 
172 9760 0.29907226562500000000 -0.07202148437500000000 0 0 1 0 8 173 171 179 169 167 175 170 178 
173 9761 0.30151367187500000000 -0.07202148437500000000 0 0 1 0 8 184 182 190 172 170 178 171 179 
174 9762 0.29418945312500000000 -0.07446289062500000000 0 0 1 0 8 175 169 177 117 111 119 168 176 
175 9763 0.29663085937500000000 -0.07446289062500000000 0 0 1 0 8 178 172 180 174 168 176 169 177 
176 9764 0.29418945312500000000 -0.07690429687500000000 0 0 1 0 8 177 175 262 119 117 251 174 263 
177 9765 0.29663085937500000000 -0.07690429687500000000 0 0 1 0 8 180 178 263 176 174 262 175 251 
178 9766 0.29907226562500000000 -0.07446289062500000000 0 0 1 0 8 179 173 181 175 169 177 172 180 
179 9767 0.30151367187500000000 -0.07446289062500000000 0 0 1 0 8 190 184 192 178 172 180 173 181 
180 9768 0.29907226562500000000 -0.07690429687500000000 0 0 1 0 8 181 179 263 177 175 262 178 266 
181 9769 0.30151367187500000000 -0.07690429687500000000 0 0 1 0 8 192 190 266 180 178 263 179 262 
182 9770 0.30395507812500000000 -0.06958007812500000000 0 0 1 0 8 183 161 185 171 155 173 160 184 
183 9771 0.30639648437500000000 -0.06958007812500000000 0 0 1 0 8 186 164 188 182 160 184 161 185 
184 9772 0.30395507812500000000 -0.07202148437500000000 0 0 1 0 8 185 183 191 173 171 179 182 190 
185 9773 0.30639648437500000000 -0.07202148437500000000 0 0 1 0 8 188 186 194 184 182 190 183 191 
186 9774 0.30883789062500000000 -0.06958007812500000000 0 0 1 0 8 187 165 189 183 161 185 164 188 
187 9775 0.31127929687500000000 -0.06958007812500000000 0 0 1 0 8 346 341 348 186 164 188 165 189 
188 9776 0.30883789062500000000 -0.07202148437500000000 0 0 1 0 8 189 187 195 185 183 191 186 194 
189 9777 0.31127929687500000000 -0.07202148437500000000 0 0 1 0 8 348 346 354 188 186 194 187 195 
190 9778 0.30395507812500000000 -0.07446289062500000000 0 0 1 0 8 191 185 193 179 173 181 184 192 
191 9779 0.30639648437500000000 -0.07446289062500000000 0 0 1 0 8 194 188 196 190 184 192 185 193 
192 9780 0.30395507812500000000 -0.07690429687500000000 0 0 1 0 8 193 191 266 181 179 263 190 267 
193 9781 0.30639648437500000000 -0.07690429687500000000 0 0 1 0 8 196 194 267 192 190 266 191 263 
194 9782 0.30883789062500000000 -0.07446289062500000000 0 0 1 0 8 195 189 197 191 185 193 188 196 
195 9783 0.31127929687500000000 -0.07446289062500000000 0 0 1 0 8 354 348 356 194 188 196 189 197 
196 9784 0.30883789062500000000 -0.07690429687500000000 0 0 1 0 8 197 195 267 193 191 266 194 400 
197 9785 0.31127929687500000000 -0.07690429687500000000 0 0 1 0 8 356 354 400 196 194 267 195 266 
198 9786 0.24658203125000000000 -0.08056640625000000000 0 0 1 0 9 199 35 201 450 448 451 32 31 200 
199 9787 0.25146484375000000000 -0.08056640625000000000 0 0 1 0 9 206 53 208 198 32 200 36 35 201 
200 9788 0.24658203125000000000 -0.08544921875000000000 0 0 1 0 8 201 199 203 451 450 452 198 202 
201 9789 0.25146484375000000000 -0.08544921875000000000 0 0 1 0 8 208 206 214 200 198 202 199 203 
202 9790 0.24658203125000000000 -0.09033203125000000000 0 0 1 0 8 203 201 205 452 451 453 200 204 
203 9791 0.25146484375000000000 -0.09033203125000000000 0 0 1 0 8 214 208 216 202 200 204 201 205 
204 9792 0.24658203125000000000 -0.09521484375000000000 0 0 1 0 8 205 203 223 453 452 454 202 222 
205 9793 0.25146484375000000000 -0.09521484375000000000 0 0 1 0 8 216 214 230 204 202 222 203 223 
206 9794 0.25634765625000000000 -0.08056640625000000000 0 0 1 0 9 207 57 209 199 36 201 54 53 208 
207 9795 0.26123046875000000000 -0.08056640625000000000 0 0 1 0 9 210 69 212 206 54 208 58 57 209 
208 9796 0.25634765625000000000 -0.08544921875000000000 0 0 1 0 8 209 207 215 201 199 203 206 214 
209 9797 0.26123046875000000000 -0.08544921875000000000 0 0 1 0 8 212 210 218 208 206 214 207 215 
210 9798 0.26611328125000000000 -0.08056640625000000000 0 0 1 0 9 211 73 213 207 58 209 70 69 212 
211 9799 0.27099609375000000000 -0.08056640625000000000 0 0 1 0 9 246 98 248 210 70 212 74 73 213 
212 9800 0.26611328125000000000 -0.08544921875000000000 0 0 1 0 8 213 211 219 209 207 215 210 218 
213 9801 0.27099609375000000000 -0.08544921875000000000 0 0 1 0 8 248 246 254 212 210 218 211 219 
214 9802 0.25634765625000000000 -0.09033203125000000000 0 0 1 0 8 215 209 217 203 201 205 208 216 
215 9803 0.26123046875000000000 -0.09033203125000000000 0 0 1 0 8 218 212 220 214 208 216 209 217 
216 9804 0.25634765625000000000 -0.09521484375000000000 0 0 1 0 8 217 215 231 205 203 223 214 230 
217 9805 0.26123046875000000000 -0.09521484375000000000 0 0 1 0 8 220 218 234 216 214 230 215 231 
218 9806 0.26611328125000000000 -0.09033203125000000000 0 0 1 0 8 219 213 221 215 209 217 212 220 
219 9807 0.27099609375000000000 -0.09033203125000000000 0 0 1 0 8 254 248 256 218 212 220 213 221 
220 9808 0.26611328125000000000 -0.09521484375000000000 0 0 1 0 8 221 219 235 217 215 231 218 234 
221 9809 0.27099609375000000000 -0.09521484375000000000 0 0 1 0 8 256 254 278 220 218 234 219 235 
222 9810 0.24658203125000000000 -0.10009765625000000000 0 0 1 0 8 223 205 225 454 453 455 204 224 
223 9811 0.25146484375000000000 -0.10009765625000000000 0 0 1 0 8 230 216 232 222 204 224 205 225 
224 9812 0.24658203125000000000 -0.10498046875000000000 0 0 1 0 8 225 223 227 455 454 456 222 226 
225 9813 0.25146484375000000000 -0.10498046875000000000 0 0 1 0 8 232 230 238 224 222 226 223 227 
226 9814 0.24658203125000000000 -0.10986328125000000000 0 0 1 0 8 227 225 229 456 455 457 224 228 
227 9815 0.25146484375000000000 -0.10986328125000000000 0 0 1 0 8 238 232 240 226 224 228 225 229 
228 9816 0.24658203125000000000 -0.11474609375000000000 0 0 1 0 8 229 227 310 457 456 458 226 312 
229 9817 0.25146484375000000000 -0.11474609375000000000 0 0 1 0 8 240 238 312 228 226 310 227 458 
230 9818 0.25634765625000000000 -0.10009765625000000000 0 0 1 0 8 231 217 233 223 205 225 216 232 
231 9819 0.26123046875000000000 -0.10009765625000000000 0 0 1 0 8 234 220 236 230 216 232 217 233 
232 9820 0.25634765625000000000 -0.10498046875000000000 0 0 1 0 8 233 231 239 225 223 227 230 238 
233 9821 0.26123046875000000000 -0.10498046875000000000 0 0 1 0 8 236 234 242 232 230 238 231 239 
234 9822 0.26611328125000000000 -0.10009765625000000000 0 0 1 0 8 235 221 237 231 217 233 220 236 
235 9823 0.27099609375000000000 -0.10009765625000000000 0 0 1 0 8 278 256 280 234 220 236 221 237 
236 9824 0.26611328125000000000 -0.10498046875000000000 0 0 1 0 8 237 235 243 233 231 239 234 242 
237 9825 0.27099609375000000000 -0.10498046875000000000 0 0 1 0 8 280 278 286 236 234 242 235 243 
238 9826 0.25634765625000000000 -0.10986328125000000000 0 0 1 0 8 239 233 241 227 225 229 232 240 
239 9827 0.26123046875000000000 -0.10986328125000000000 0 0 1 0 8 242 236 244 238 232 240 233 241 
240 9828 0.25634765625000000000 -0.11474609375000000000 0 0 1 0 8 241 239 312 229 227 310 238 313 
241 9829 0.26123046875000000000 -0.11474609375000000000 0 0 1 0 8 244 242 313 240 238 312 239 310 
242 9830 0.26611328125000000000 -0.10986328125000000000 0 0 1 0 8 243 237 245 239 233 241 236 244 
243 9831 0.27099609375000000000 -0.10986328125000000000 0 0 1 0 8 286 280 288 242 236 244 237 245 
244 9832 0.26611328125000000000 -0.11474609375000000000 0 0 1 0 8 245 243 313 241 239 312 242 322 
245 9833 0.27099609375000000000 -0.11474609375000000000 0 0 1 0 8 288 286 322 244 242 313 243 312 
246 9834 0.27587890625000000000 -0.08056640625000000000 0 0 1 0 9 247 102 249 211 74 213 99 98 248 
247 9835 0.28076171875000000000 -0.08056640625000000000 0 0 1 0 9 250 114 252 246 99 248 103 102 249 
248 9836 0.27587890625000000000 -0.08544921875000000000 0 0 1 0 8 249 247 255 213 211 219 246 254 
249 9837 0.28076171875000000000 -0.08544921875000000000 0 0 1 0 8 252 250 258 248 246 254 247 255 
250 9838 0.28564453125000000000 -0.08056640625000000000 0 0 1 0 9 251 118 253 247 103 249 115 114 252 
251 9839 0.29052734375000000000 -0.08056640625000000000 0 0 1 0 9 262 176 264 250 115 252 119 118 253 
252 9840 0.28564453125000000000 -0.08544921875000000000 0 0 1 0 8 253 251 259 249 247 255 250 258 
253 9841 0.29052734375000000000 -0.08544921875000000000 0 0 1 0 8 264 262 270 252 250 258 251 259 
254 9842 0.27587890625000000000 -0.09033203125000000000 0 0 1 0 8 255 249 257 219 213 221 248 256 
255 9843 0.28076171875000000000 -0.09033203125000000000 0 0 1 0 8 258 252 260 254 248 256 249 257 
256 9844 0.27587890625000000000 -0.09521484375000000000 0 0 1 0 8 257 255 279 221 219 235 254 278 
257 9845 0.28076171875000000000 -0.09521484375000000000 0 0 1 0 8 260 258 282 256 254 278 255 279 
258 9846 0.28564453125000000000 -0.09033203125000000000 0 0 1 0 8 259 253 261 255 249 257 252 260 
259 9847 0.29052734375000000000 -0.09033203125000000000 0 0 1 0 8 270 264 272 258 252 260 253 261 
260 9848 0.28564453125000000000 -0.09521484375000000000 0 0 1 0 8 261 259 283 257 255 279 258 282 
261 9849 0.29052734375000000000 -0.09521484375000000000 0 0 1 0 8 272 270 294 260 258 282 259 283 
262 9850 0.29541015625000000000 -0.08056640625000000000 0 0 1 0 9 263 180 265 251 119 253 177 176 264 
263 9851 0.30029296875000000000 -0.08056640625000000000 0 0 1 0 9 266 192 268 262 177 264 181 180 265 
264 9852 0.29541015625000000000 -0.08544921875000000000 0 0 1 0 8 265 263 271 253 251 259 262 270 
265 9853 0.30029296875000000000 -0.08544921875000000000 0 0 1 0 8 268 266 274 264 262 270 263 271 
266 9854 0.30517578125000000000 -0.08056640625000000000 0 0 1 0 9 267 196 269 263 181 265 193 192 268 
267 9855 0.31005859375000000000 -0.08056640625000000000 0 0 1 0 9 400 356 402 266 193 268 197 196 269 
268 9856 0.30517578125000000000 -0.08544921875000000000 0 0 1 0 8 269 267 275 265 263 271 266 274 
269 9857 0.31005859375000000000 -0.08544921875000000000 0 0 1 0 8 402 400 408 268 266 274 267 275 
270 9858 0.29541015625000000000 -0.09033203125000000000 0 0 1 0 8 271 265 273 259 253 261 264 272 
271 9859 0.30029296875000000000 -0.09033203125000000000 0 0 1 0 8 274 268 276 270 264 272 265 273 
272 9860 0.29541015625000000000 -0.09521484375000000000 0 0 1 0 8 273 271 295 261 259 283 270 294 
273 9861 0.30029296875000000000 -0.09521484375000000000 0 0 1 0 8 276 274 298 272 270 294 271 295 
274 9862 0.30517578125000000000 -0.09033203125000000000 0 0 1 0 8 275 269 277 271 265 273 268 276 
275 9863 0.31005859375000000000 -0.09033203125000000000 0 0 1 0 8 408 402 410 274 268 276 269 277 
276 9864 0.30517578125000000000 -0.09521484375000000000 0 0 1 0 8 277 275 299 273 271 295 274 298 
277 9865 0.31005859375000000000 -0.09521484375000000000 0 0 1 0 8 410 408 422 276 274 298 275 299 
278 9866 0.27587890625000000000 -0.10009765625000000000 0 0 1 0 8 279 257 281 235 221 237 256 280 
279 9867 0.28076171875000000000 -0.10009765625000000000 0 0 1 0 8 282 260 284 278 256 280 257 281 
280 9868 0.27587890625000000000 -0.10498046875000000000 0 0 1 0 8 281 279 287 237 235 243 278 286 
281 9869 0.28076171875000000000 -0.10498046875000000000 0 0 1 0 8 284 282 290 280 278 286 279 287 
282 9870 0.28564453125000000000 -0.10009765625000000000 0 0 1 0 8 283 261 285 279 257 281 260 284 
283 9871 0.29052734375000000000 -0.10009765625000000000 0 0 1 0 8 294 272 296 282 260 284 261 285 
284 9872 0.28564453125000000000 -0.10498046875000000000 0 0 1 0 8 285 283 291 281 279 287 282 290 
285 9873 0.29052734375000000000 -0.10498046875000000000 0 0 1 0 8 296 294 302 284 282 290 283 291 
286 9874 0.27587890625000000000 -0.10986328125000000000 0 0 1 0 8 287 281 289 243 237 245 280 288 
287 9875 0.28076171875000000000 -0.10986328125000000000 0 0 1 0 8 290 284 292 286 280 288 281 289 
288 9876 0.27587890625000000000 -0.11474609375000000000 0 0 1 0 8 289 287 322 245 243 313 286 323 
289 9877 0.28076171875000000000 -0.11474609375000000000 0 0 1 0 8 292 290 323 288 286 322 287 313 
290 9878 0.28564453125000000000 -0.10986328125000000000 0 0 1 0 8 291 285 293 287 281 289 284 292 
291 9879 0.29052734375000000000 -0.10986328125000000000 0 0 1 0 8 302 296 304 290 284 292 285 293 
292 9880 0.28564453125000000000 -0.11474609375000000000 0 0 1 0 8 293 291 323 289 287 322 290 326 
293 9881 0.29052734375000000000 -0.11474609375000000000 0 0 1 0 8 304 302 326 292 290 323 291 322 
294 9882 0.29541015625000000000 -0.10009765625000000000 0 0 1 0 8 295 273 297 283 261 285 272 296 
295 9883 0.30029296875000000000 -0.10009765625000000000 0 0 1 0 8 298 276 300 294 272 296 273 297 
296 9884 0.29541015625000000000 -0.10498046875000000000 0 0 1 0 8 297 295 303 285 283 291 294 302 
297 9885 0.30029296875000000000 -0.10498046875000000000 0 0 1 0 8 300 298 306 296 294 302 295 303 
298 9886 0.30517578125000000000 -0.10009765625000000000 0 0 1 0 8 299 277 301 295 273 297 276 300 
299 9887 0.31005859375000000000 -0.10009765625000000000 0 0 1 0 8 422 410 424 298 276 300 277 301 
300 9888 0.30517578125000000000 -0.10498046875000000000 0 0 1 0 8 301 299 307 297 295 303 298 306 
301 9889 0.31005859375000000000 -0.10498046875000000000 0 0 1 0 8 424 422 430 300 298 306 299 307 
302 9890 0.29541015625000000000 -0.10986328125000000000 0 0 1 0 8 303 297 305 291 285 293 296 304 
303 9891 0.30029296875000000000 -0.10986328125000000000 0 0 1 0 8 306 300 308 302 296 304 297 305 
304 9892 0.29541015625000000000 -0.11474609375000000000 0 0 1 0 8 305 303 326 293 291 323 302 327 
305 9893 0.30029296875000000000 -0.11474609375000000000 0 0 1 0 8 308 306 327 304 302 326 303 323 
306 9894 0.30517578125000000000 -0.10986328125000000000 0 0 1 0 8 307 301 309 303 297 305 300 308 
307 9895 0.31005859375000000000 -0.10986328125000000000 0 0 1 0 8 430 424 432 306 300 308 301 309 
308 9896 0.30517578125000000000 -0.11474609375000000000 0 0 1 0 8 309 307 327 305 303 326 306 439 
309 9897 0.31005859375000000000 -0.11474609375000000000 0 0 1 0 8 432 430 439 308 306 327 307 326 
310 9898 0.24902343750000000000 -0.12207031250000000000 0 0 1 0 9 312 240 314 458 457 459 229 228 311 
311 9899 0.24902343750000000000 -0.13183593750000000000 0 0 1 0 8 314 312 318 459 458 460 310 316 
312 9900 0.25878906250000000000 -0.12207031250000000000 0 0 1 0 9 313 244 315 310 229 311 241 240 314 
313 9901 0.26855468750000000000 -0.12207031250000000000 0 0 1 0 9 322 288 324 312 241 314 245 244 315 
314 9902 0.25878906250000000000 -0.13183593750000000000 0 0 1 0 8 315 313 319 311 310 316 312 318 
315 9903 0.26855468750000000000 -0.13183593750000000000 0 0 1 0 8 324 322 330 314 312 318 313 319 
316 9904 0.24902343750000000000 -0.14160156250000000000 0 0 1 0 8 318 314 320 460 459 461 311 317 
317 9905 0.24902343750000000000 -0.15136718750000000000 0 0 1 0 8 320 318 338 461 460 337 316 463 
318 9906 0.25878906250000000000 -0.14160156250000000000 0 0 1 0 8 319 315 321 316 311 317 314 320 
319 9907 0.26855468750000000000 -0.14160156250000000000 0 0 1 0 8 330 324 332 318 314 320 315 321 
320 9908 0.25878906250000000000 -0.15136718750000000000 0 0 1 0 8 321 319 338 317 316 337 318 339 
321 9909 0.26855468750000000000 -0.15136718750000000000 0 0 1 0 8 332 330 339 320 318 338 319 337 
322 9910 0.27832031250000000000 -0.12207031250000000000 0 0 1 0 9 323 292 325 313 245 315 289 288 324 
323 9911 0.28808593750000000000 -0.12207031250000000000 0 0 1 0 9 326 304 328 322 289 324 293 292 325 
324 9912 0.27832031250000000000 -0.13183593750000000000 0 0 1 0 8 325 323 331 315 313 319 322 330 
325 9913 0.28808593750000000000 -0.13183593750000000000 0 0 1 0 8 328 326 334 324 322 330 323 331 
326 9914 0.29785156250000000000 -0.12207031250000000000 0 0 1 0 9 327 308 329 323 293 325 305 304 328 
327 9915 0.30761718750000000000 -0.12207031250000000000 0 0 1 0 9 439 432 441 326 305 328 309 308 329 
328 9916 0.29785156250000000000 -0.13183593750000000000 0 0 1 0 8 329 327 335 325 323 331 326 334 
329 9917 0.30761718750000000000 -0.13183593750000000000 0 0 1 0 8 441 439 491 328 326 334 327 335 
330 9918 0.27832031250000000000 -0.14160156250000000000 0 0 1 0 8 331 325 333 319 315 321 324 332 
331 9919 0.28808593750000000000 -0.14160156250000000000 0 0 1 0 8 334 328 336 330 324 332 325 333 
332 9920 0.27832031250000000000 -0.15136718750000000000 0 0 1 0 8 333 331 339 321 319 338 330 467 
333 9921 0.28808593750000000000 -0.15136718750000000000 0 0 1 0 8 336 334 467 332 330 339 331 338 
334 9922 0.29785156250000000000 -0.14160156250000000000 0 0 1 0 8 335 329 462 331 325 333 328 336 
335 9923 0.30761718750000000000 -0.14160156250000000000 0 0 1 0 8 491 441 493 334 328 336 329 462 
336 9924 0.29785156250000000000 -0.15136718750000000000 0 0 1 0 8 462 335 467 333 331 339 334 494 
337 9925 0.24414062500000000000 -0.16601562500000000000 0 0 1 0 9 338 320 466 463 449 464 317 461 465 
338 9926 0.26367187500000000000 -0.16601562500000000000 0 0 1 0 9 339 332 468 337 317 465 321 320 466 
339 9927 0.28320312500000000000 -0.16601562500000000000 0 0 1 0 9 467 336 469 338 321 466 333 332 468 
340 9928 0.31494140625000000000 -0.06103515625000000000 0 0 1 0 6 3 342 4 163 341 165 
341 9929 0.31494140625000000000 -0.06591796875000000000 0 0 1 0 12 342 3 350 163 4 165 187 340 346 189 347 352 
342 9930 0.31982421875000000000 -0.06591796875000000000 0 0 1 0 11 344 343 362 341 340 347 3 350 349 351 364 
343 9931 0.32470703125000000000 -0.06103515625000000000 0 0 1 0 5 2 345 3 342 344 
344 9932 0.32470703125000000000 -0.06591796875000000000 0 0 1 0 11 345 2 366 342 3 351 343 362 353 363 368 
345 9933 0.32958984375000000000 -0.06591796875000000000 0 0 1 0 11 379 378 381 344 343 363 2 366 365 367 383 
346 9934 0.31372070312500000000 -0.06958007812500000000 0 0 1 0 8 347 341 349 187 165 189 342 348 
347 9935 0.31616210937500000000 -0.06958007812500000000 0 0 1 0 7 350 342 352 346 341 348 349 
348 9936 0.31372070312500000000 -0.07202148437500000000 0 0 1 0 8 349 347 355 189 187 195 346 354 
349 9937 0.31616210937500000000 -0.07202148437500000000 0 0 1 0 8 352 350 358 348 346 354 347 355 
350 9938 0.31860351562500000000 -0.06958007812500000000 0 0 1 0 8 351 342 353 347 341 349 344 352 
351 9939 0.32104492187500000000 -0.06958007812500000000 0 0 1 0 8 362 344 364 350 342 352 341 353 
352 9940 0.31860351562500000000 -0.07202148437500000000 0 0 1 0 8 353 351 359 349 347 355 350 358 
353 9941 0.32104492187500000000 -0.07202148437500000000 0 0 1 0 8 364 362 370 352 350 358 351 359 
354 9942 0.31372070312500000000 -0.07446289062500000000 0 0 1 0 8 355 349 357 195 189 197 348 356 
355 9943 0.31616210937500000000 -0.07446289062500000000 0 0 1 0 8 358 352 360 354 348 356 349 357 
356 9944 0.31372070312500000000 -0.07690429687500000000 0 0 1 0 8 357 355 400 197 195 267 354 401 
357 9945 0.31616210937500000000 -0.07690429687500000000 0 0 1 0 8 360 358 401 356 354 400 355 267 
358 9946 0.31860351562500000000 -0.07446289062500000000 0 0 1 0 8 359 353 361 355 349 357 352 360 
359 9947 0.32104492187500000000 -0.07446289062500000000 0 0 1 0 8 370 364 372 358 352 360 353 361 
360 9948 0.31860351562500000000 -0.07690429687500000000 0 0 1 0 8 361 359 401 357 355 400 358 404 
361 9949 0.32104492187500000000 -0.07690429687500000000 0 0 1 0 8 372 370 404 360 358 401 359 400 
362 9950 0.32348632812500000000 -0.06958007812500000000 0 0 1 0 8 363 344 365 351 342 353 345 364 
363 9951 0.32592773437500000000 -0.06958007812500000000 0 0 1 0 8 366 345 368 362 344 364 342 365 
364 9952 0.32348632812500000000 -0.07202148437500000000 0 0 1 0 8 365 363 371 353 351 359 362 370 
365 9953 0.32592773437500000000 -0.07202148437500000000 0 0 1 0 8 368 366 374 364 362 370 363 371 
366 9954 0.32836914062500000000 -0.06958007812500000000 0 0 1 0 8 367 345 369 363 344 365 379 368 
367 9955 0.33081054687500000000 -0.06958007812500000000 0 0 1 0 8 381 379 383 366 345 368 344 369 
368 9956 0.32836914062500000000 -0.07202148437500000000 0 0 1 0 8 369 367 375 365 363 371 366 374 
369 9957 0.33081054687500000000 -0.07202148437500000000 0 0 1 0 8 383 381 389 368 366 374 367 375 
370 9958 0.32348632812500000000 -0.07446289062500000000 0 0 1 0 8 371 365 373 359 353 361 364 372 
371 9959 0.32592773437500000000 -0.07446289062500000000 0 0 1 0 8 374 368 376 370 364 372 365 373 
372 9960 0.32348632812500000000 -0.07690429687500000000 0 0 1 0 8 373 371 404 361 359 401 370 405 
373 9961 0.32592773437500000000 -0.07690429687500000000 0 0 1 0 8 376 374 405 372 370 404 371 401 
374 9962 0.32836914062500000000 -0.07446289062500000000 0 0 1 0 8 375 369 377 371 365 373 368 376 
375 9963 0.33081054687500000000 -0.07446289062500000000 0 0 1 0 8 389 383 391 374 368 376 369 377 
376 9964 0.32836914062500000000 -0.07690429687500000000 0 0 1 0 8 377 375 405 373 371 404 374 416 
377 9965 0.33081054687500000000 -0.07690429687500000000 0 0 1 0 8 391 389 416 376 374 405 375 404 
378 9966 0.33447265625000000000 -0.06103515625000000000 0 0 1 0 5 1 380 2 345 379 
379 9967 0.33447265625000000000 -0.06591796875000000000 0 0 1 0 11 380 1 385 345 2 367 378 381 369 382 387 
380 9968 0.33935546875000000000 -0.06591796875000000000 0 0 1 0 11 471 470 472 379 378 382 1 385 384 386 397 
381 9969 0.33325195312500000000 -0.06958007812500000000 0 0 1 0 8 382 379 384 367 345 369 380 383 
382 9970 0.33569335937500000000 -0.06958007812500000000 0 0 1 0 8 385 380 387 381 379 383 345 384 
383 9971 0.33325195312500000000 -0.07202148437500000000 0 0 1 0 8 384 382 390 369 367 375 381 389 
384 9972 0.33569335937500000000 -0.07202148437500000000 0 0 1 0 8 387 385 393 383 381 389 382 390 
385 9973 0.33813476562500000000 -0.06958007812500000000 0 0 1 0 8 386 380 388 382 379 384 471 387 
386 9974 0.34057617187500000000 -0.06958007812500000000 0 0 1 0 8 472 471 397 385 380 387 379 388 
387 9975 0.33813476562500000000 -0.07202148437500000000 0 0 1 0 8 388 386 394 384 382 390 385 393 
388 9976 0.34057617187500000000 -0.07202148437500000000 0 0 1 0 8 397 472 398 387 385 393 386 394 
389 9977 0.33325195312500000000 -0.07446289062500000000 0 0 1 0 8 390 384 392 375 369 377 383 391 
390 9978 0.33569335937500000000 -0.07446289062500000000 0 0 1 0 8 393 387 395 389 383 391 384 392 
391 9979 0.33325195312500000000 -0.07690429687500000000 0 0 1 0 8 392 390 416 377 375 405 389 417 
392 9980 0.33569335937500000000 -0.07690429687500000000 0 0 1 0 8 395 393 417 391 389 416 390 405 
393 9981 0.33813476562500000000 -0.07446289062500000000 0 0 1 0 8 394 388 396 390 384 392 387 395 
394 9982 0.34057617187500000000 -0.07446289062500000000 0 0 1 0 8 398 397 399 393 387 395 388 396 
395 9983 0.33813476562500000000 -0.07690429687500000000 0 0 1 0 8 396 394 417 392 390 416 393 477 
396 9984 0.34057617187500000000 -0.07690429687500000000 0 0 1 0 8 399 398 477 395 393 417 394 416 
397 9985 0.34301757812500000000 -0.07202148437500000000 0 0 1 0 8 474 473 475 388 386 394 472 398 
398 9986 0.34301757812500000000 -0.07446289062500000000 0 0 1 0 8 475 474 476 394 388 396 397 399 
399 9987 0.34301757812500000000 -0.07690429687500000000 0 0 1 0 8 476 475 477 396 394 417 398 478 
400 9988 0.31494140625000000000 -0.08056640625000000000 0 0 1 0 9 401 360 403 267 197 269 357 356 402 
401 9989 0.31982421875000000000 -0.08056640625000000000 0 0 1 0 9 404 372 406 400 357 402 361 360 403 
402 9990 0.31494140625000000000 -0.08544921875000000000 0 0 1 0 8 403 401 409 269 267 275 400 408 
403 9991 0.31982421875000000000 -0.08544921875000000000 0 0 1 0 8 406 404 412 402 400 408 401 409 
404 9992 0.32470703125000000000 -0.08056640625000000000 0 0 1 0 9 405 376 407 401 361 403 373 372 406 
405 9993 0.32958984375000000000 -0.08056640625000000000 0 0 1 0 9 416 391 418 404 373 406 377 376 407 
406 9994 0.32470703125000000000 -0.08544921875000000000 0 0 1 0 8 407 405 413 403 401 409 404 412 
407 9995 0.32958984375000000000 -0.08544921875000000000 0 0 1 0 8 418 416 420 406 404 412 405 413 
408 9996 0.31494140625000000000 -0.09033203125000000000 0 0 1 0 8 409 403 411 275 269 277 402 410 
409 9997 0.31982421875000000000 -0.09033203125000000000 0 0 1 0 8 412 406 414 408 402 410 403 411 
410 9998 0.31494140625000000000 -0.09521484375000000000 0 0 1 0 8 411 409 423 277 275 299 408 422 
411 9999 0.31982421875000000000 -0.09521484375000000000 0 0 1 0 8 414 412 426 410 408 422 409 423 
412 10000 0.32470703125000000000 -0.09033203125000000000 0 0 1 0 8 413 407 415 409 403 411 406 414 
413 10001 0.32958984375000000000 -0.09033203125000000000 0 0 1 0 8 420 418 421 412 406 414 407 415 
414 10002 0.32470703125000000000 -0.09521484375000000000 0 0 1 0 8 415 413 427 411 409 423 412 426 
415 10003 0.32958984375000000000 -0.09521484375000000000 0 0 1 0 8 421 420 438 414 412 426 413 427 
416 10004 0.33447265625000000000 -0.08056640625000000000 0 0 1 0 9 417 395 419 405 377 407 392 391 418 
417 10005 0.33935546875000000000 -0.08056640625000000000 0 0 1 0 9 477 399 479 416 392 418 396 395 419 
418 10006 0.33447265625000000000 -0.08544921875000000000 0 0 1 0 8 419 417 480 407 405 413 416 420 
419 10007 0.33935546875000000000 -0.08544921875000000000 0 0 1 0 8 479 477 482 418 416 420 417 480 
420 10008 0.33447265625000000000 -0.09033203125000000000 0 0 1 0 8 480 419 481 413 407 415 418 421 
421 10009 0.33447265625000000000 -0.09521484375000000000 0 0 1 0 8 481 480 483 415 413 427 420 438 
422 10010 0.31494140625000000000 -0.10009765625000000000 0 0 1 0 8 423 411 425 299 277 301 410 424 
423 10011 0.31982421875000000000 -0.10009765625000000000 0 0 1 0 8 426 414 428 422 410 424 411 425 
424 10012 0.31494140625000000000 -0.10498046875000000000 0 0 1 0 8 425 423 431 301 299 307 422 430 
425 10013 0.31982421875000000000 -0.10498046875000000000 0 0 1 0 8 428 426 434 424 422 430 423 431 
426 10014 0.32470703125000000000 -0.10009765625000000000 0 0 1 0 8 427 415 429 423 411 425 414 428 
427 10015 0.32958984375000000000 -0.10009765625000000000 0 0 1 0 8 438 421 484 426 414 428 415 429 
428 10016 0.32470703125000000000 -0.10498046875000000000 0 0 1 0 8 429 427 435 425 423 431 426 434 
429 10017 0.32958984375000000000 -0.10498046875000000000 0 0 1 0 8 484 438 486 428 426 434 427 435 
430 10018 0.31494140625000000000 -0.10986328125000000000 0 0 1 0 8 431 425 433 307 301 309 424 432 
431 10019 0.31982421875000000000 -0.10986328125000000000 0 0 1 0 8 434 428 436 430 424 432 425 433 
432 10020 0.31494140625000000000 -0.11474609375000000000 0 0 1 0 8 433 431 439 309 307 327 430 440 
433 10021 0.31982421875000000000 -0.11474609375000000000 0 0 1 0 8 436 434 440 432 430 439 431 327 
434 10022 0.32470703125000000000 -0.10986328125000000000 0 0 1 0 8 435 429 437 431 425 433 428 436 
435 10023 0.32958984375000000000 -0.10986328125000000000 0 0 1 0 8 486 484 487 434 428 436 429 437 
436 10024 0.32470703125000000000 -0.11474609375000000000 0 0 1 0 8 437 435 440 433 431 439 434 489 
437 10025 0.32958984375000000000 -0.11474609375000000000 0 0 1 0 8 487 486 489 436 434 440 435 439 
438 10026 0.33447265625000000000 -0.10009765625000000000 0 0 1 0 8 483 481 485 427 415 429 421 484 
439 10027 0.31738281250000000000 -0.12207031250000000000 0 0 1 0 9 440 436 488 327 309 329 433 432 441 
440 10028 0.32714843750000000000 -0.12207031250000000000 0 0 1 0 9 489 487 490 439 433 441 437 436 488 
441 10029 0.31738281250000000000 -0.13183593750000000000 0 0 1 0 8 488 440 492 329 327 335 439 491 
442 13895 0.34828651999999998834 -0.05893094900000000330 32 
443 10030 0.24157273000000001328 -0.05871852300000000163 23 
444 10314 0.24169921875000000000 -0.06591796875000000000 23 
445 10320 0.24291992187500000000 -0.06958007812500000000 23 
446 10322 0.24291992187500000000 -0.07202148437500000000 23 
447 10328 0.24291992187500000000 -0.07446289062500000000 23 
448 10330 0.24291992187500000000 -0.07690429687500000000 23 
449 10863 0.22949218750000000000 -0.15136718750000000000 24 
450 10439 0.24169921875000000000 -0.08056640625000000000 23 
451 10441 0.24169921875000000000 -0.08544921875000000000 23 
452 10443 0.24169921875000000000 -0.09033203125000000000 23 
453 10445 0.24169921875000000000 -0.09521484375000000000 23 
454 10447 0.24169921875000000000 -0.10009765625000000000 23 
455 10449 0.24169921875000000000 -0.10498046875000000000 23 
456 10451 0.24169921875000000000 -0.10986328125000000000 23 
457 10453 0.24169921875000000000 -0.11474609375000000000 23 
458 10454 0.23925781250000000000 -0.12207031250000000000 23 
459 10864 0.23925781250000000000 -0.13183593750000000000 24 
460 10865 0.23925781250000000000 -0.14160156250000000000 24 
461 10866 0.23925781250000000000 -0.15136718750000000000 24 
462 13896 0.30761718750000000000 -0.15136718750000000000 32 
463 10874 0.22460937500000000000 -0.16601562500000000000 24 
464 13262 0.22460937500000000000 -0.18554687500000000000 30 
465 13271 0.24414062500000000000 -0.18554687500000000000 30 
466 13272 0.26367187500000000000 -0.18554687500000000000 30 
467 13897 0.30273437500000000000 -0.16601562500000000000 32 
468 13273 0.28320312500000000000 -0.18554687500000000000 30 
469 13274 0.30273437500000000000 -0.18554687500000000000 30 
470 13898 0.34423828125000000000 -0.06103515625000000000 32 
471 13899 0.34423828125000000000 -0.06591796875000000000 32 
472 13901 0.34301757812500000000 -0.06958007812500000000 32 
473 13902 0.34545898437500000000 -0.06958007812500000000 32 
474 13903 0.34545898437500000000 -0.07202148437500000000 32 
475 13908 0.34545898437500000000 -0.07446289062500000000 32 
476 13909 0.34545898437500000000 -0.07690429687500000000 32 
477 14007 0.34423828125000000000 -0.08056640625000000000 32 
478 14008 0.34912109375000000000 -0.08056640625000000000 32 
479 14009 0.34423828125000000000 -0.08544921875000000000 32 
480 14011 0.33935546875000000000 -0.09033203125000000000 32 
481 14012 0.33935546875000000000 -0.09521484375000000000 32 
482 14013 0.34423828125000000000 -0.09033203125000000000 32 
483 14017 0.33935546875000000000 -0.10009765625000000000 32 
484 14018 0.33447265625000000000 -0.10498046875000000000 32 
485 14019 0.33935546875000000000 -0.10498046875000000000 32 
486 14024 0.33447265625000000000 -0.10986328125000000000 32 
487 14026 0.33447265625000000000 -0.11474609375000000000 32 
488 14096 0.32714843750000000000 -0.13183593750000000000 32 
489 14097 0.33691406250000000000 -0.12207031250000000000 32 
490 14099 0.33691406250000000000 -0.13183593750000000000 32 
491 14101 0.31738281250000000000 -0.14160156250000000000 32 
492 14102 0.32714843750000000000 -0.14160156250000000000 32 
493 14103 0.31738281250000000000 -0.15136718750000000000 32 
494 14274 0.32226562500000000000 -0.16601562500000000000 32 
