531 431 100
1 886 0.43413051000000002499 0.05590409899999999876 432 2 0 1 6 304 507 301 511 432 2 
2 887 0.44384410000000001917 0.05542415299999999684 1 3 0 1 6 316 301 305 304 1 3 
3 888 0.45357921000000001044 0.05491842499999999988 2 4 0 1 6 320 305 317 316 2 4 
4 889 0.46333210000000002449 0.05438775800000000132 3 5 0 1 6 394 317 321 320 3 5 
5 890 0.47309904000000002622 0.05383299999999999891 4 6 0 1 6 398 321 395 394 4 6 
6 891 0.48287628999999998580 0.05325500600000000057 5 7 0 1 6 410 395 399 398 5 7 
7 892 0.49266008999999999496 0.05265463799999999667 6 8 0 1 6 414 399 411 410 6 8 
8 893 0.50244670999999996308 0.05203275699999999893 7 9 0 1 6 426 411 415 414 7 9 
9 894 0.51223240000000003214 0.05139023100000000149 8 10 0 1 6 430 415 427 426 8 10 
10 895 0.52201339000000002155 0.05072792400000000063 9 433 0 1 6 530 427 431 430 9 433 
11 896 0.13671875000000000000 0.33203125000000000000 0 0 1 0 11 14 12 66 438 436 36 437 39 38 40 68 
12 897 0.17578125000000000000 0.37109375000000000000 0 0 1 0 8 13 440 15 437 434 11 439 14 
13 898 0.21484375000000000000 0.37109375000000000000 0 0 1 0 8 16 441 18 12 439 14 440 15 
14 899 0.17578125000000000000 0.33203125000000000000 0 0 1 0 11 15 13 70 11 437 40 12 66 42 67 72 
15 900 0.21484375000000000000 0.33203125000000000000 0 0 1 0 11 18 16 82 14 12 67 13 70 69 71 84 
16 901 0.25390625000000000000 0.37109375000000000000 0 0 1 0 8 17 442 19 13 440 15 441 18 
17 902 0.29296875000000000000 0.37109375000000000000 0 0 1 0 8 20 443 22 16 441 18 442 19 
18 903 0.25390625000000000000 0.33203125000000000000 0 0 1 0 11 19 17 86 15 13 71 16 82 73 83 88 
19 904 0.29296875000000000000 0.33203125000000000000 0 0 1 0 11 22 20 122 18 16 83 17 86 85 87 124 
20 905 0.33203125000000000000 0.37109375000000000000 0 0 1 0 8 21 444 23 17 442 19 443 22 
21 906 0.37109375000000000000 0.37109375000000000000 0 0 1 0 8 24 445 26 20 443 22 444 23 
22 907 0.33203125000000000000 0.33203125000000000000 0 0 1 0 11 23 21 126 19 17 87 20 122 89 123 128 
23 908 0.37109375000000000000 0.33203125000000000000 0 0 1 0 11 26 24 138 22 20 123 21 126 125 127 140 
24 909 0.41015625000000000000 0.37109375000000000000 0 0 1 0 8 25 446 27 21 444 23 445 26 
25 910 0.44921875000000000000 0.37109375000000000000 0 0 1 0 8 28 447 30 24 445 26 446 27 
26 911 0.41015625000000000000 0.33203125000000000000 0 0 1 0 11 27 25 142 23 21 127 24 138 129 139 144 
27 912 0.44921875000000000000 0.33203125000000000000 0 0 1 0 11 30 28 184 26 24 139 25 142 141 143 186 
28 913 0.48828125000000000000 0.37109375000000000000 0 0 1 0 8 29 448 31 25 446 27 447 30 
29 914 0.52734375000000000000 0.37109375000000000000 0 0 1 0 8 450 449 32 28 447 30 448 31 
30 915 0.48828125000000000000 0.33203125000000000000 0 0 1 0 11 31 29 188 27 25 143 28 184 145 185 190 
31 916 0.52734375000000000000 0.33203125000000000000 0 0 1 0 11 32 450 200 30 28 185 29 188 187 189 202 
32 917 0.56640625000000000000 0.33203125000000000000 0 0 1 0 11 452 451 204 31 29 189 450 200 191 201 205 
33 918 0.06835937500000000000 0.26367187500000000000 0 0 1 0 8 43 37 45 458 454 34 455 35 
34 919 0.04882812500000000000 0.24414062500000000000 0 0 1 0 8 35 33 52 457 456 460 458 51 
35 920 0.06835937500000000000 0.24414062500000000000 0 0 1 0 8 45 43 54 34 458 51 33 52 
36 921 0.10742187500000000000 0.30273437500000000000 0 0 1 0 8 39 11 41 459 438 37 435 38 
37 922 0.08789062500000000000 0.28320312500000000000 0 0 1 0 8 38 36 44 455 453 33 459 43 
38 923 0.10742187500000000000 0.28320312500000000000 0 0 1 0 8 41 39 47 37 459 43 36 44 
39 924 0.12695312500000000000 0.30273437500000000000 0 0 1 0 8 40 11 42 36 438 38 14 41 
40 925 0.14648437500000000000 0.30273437500000000000 0 0 1 0 8 66 14 68 39 11 41 438 42 
41 926 0.12695312500000000000 0.28320312500000000000 0 0 1 0 8 42 40 48 38 36 44 39 47 
42 927 0.14648437500000000000 0.28320312500000000000 0 0 1 0 8 68 66 74 41 39 47 40 48 
43 928 0.08789062500000000000 0.26367187500000000000 0 0 1 0 8 44 38 46 33 455 35 37 45 
44 929 0.10742187500000000000 0.26367187500000000000 0 0 1 0 8 47 41 49 43 37 45 38 46 
45 930 0.08789062500000000000 0.24414062500000000000 0 0 1 0 8 46 44 55 35 33 52 43 54 
46 931 0.10742187500000000000 0.24414062500000000000 0 0 1 0 8 49 47 58 45 43 54 44 55 
47 932 0.12695312500000000000 0.26367187500000000000 0 0 1 0 8 48 42 50 44 38 46 41 49 
48 933 0.14648437500000000000 0.26367187500000000000 0 0 1 0 8 74 68 76 47 41 49 42 50 
49 934 0.12695312500000000000 0.24414062500000000000 0 0 1 0 8 50 48 59 46 44 55 47 58 
50 935 0.14648437500000000000 0.24414062500000000000 0 0 1 0 8 76 74 98 49 47 58 48 59 
51 936 0.04882812500000000000 0.22460937500000000000 0 0 1 0 8 52 35 53 460 457 461 34 462 
52 937 0.06835937500000000000 0.22460937500000000000 0 0 1 0 8 54 45 56 51 34 462 35 53 
53 938 0.06835937500000000000 0.20507812500000000000 0 0 1 0 8 56 54 62 462 51 463 52 464 
54 939 0.08789062500000000000 0.22460937500000000000 0 0 1 0 8 55 46 57 52 35 53 45 56 
55 940 0.10742187500000000000 0.22460937500000000000 0 0 1 0 8 58 49 60 54 45 56 46 57 
56 941 0.08789062500000000000 0.20507812500000000000 0 0 1 0 8 57 55 63 53 52 464 54 62 
57 942 0.10742187500000000000 0.20507812500000000000 0 0 1 0 8 60 58 64 56 54 62 55 63 
58 943 0.12695312500000000000 0.22460937500000000000 0 0 1 0 8 59 50 61 55 46 57 49 60 
59 944 0.14648437500000000000 0.22460937500000000000 0 0 1 0 8 98 76 100 58 49 60 50 61 
60 945 0.12695312500000000000 0.20507812500000000000 0 0 1 0 8 61 59 65 57 55 63 58 64 
61 946 0.14648437500000000000 0.20507812500000000000 0 0 1 0 8 100 98 106 60 58 64 59 65 
62 947 0.08789062500000000000 0.18554687500000000000 0 0 1 0 8 63 57 467 464 53 465 56 466 
63 948 0.10742187500000000000 0.18554687500000000000 0 0 1 0 8 64 60 468 62 56 466 57 467 
64 949 0.12695312500000000000 0.18554687500000000000 0 0 1 0 8 65 61 469 63 57 467 60 468 
65 950 0.14648437500000000000 0.18554687500000000000 0 0 1 0 8 106 100 470 64 60 468 61 469 
66 951 0.16601562500000000000 0.30273437500000000000 0 0 1 0 8 67 14 69 40 11 42 15 68 
67 952 0.18554687500000000000 0.30273437500000000000 0 0 1 0 8 70 15 72 66 14 68 11 69 
68 953 0.16601562500000000000 0.28320312500000000000 0 0 1 0 8 69 67 75 42 40 48 66 74 
69 954 0.18554687500000000000 0.28320312500000000000 0 0 1 0 8 72 70 78 68 66 74 67 75 
70 955 0.20507812500000000000 0.30273437500000000000 0 0 1 0 8 71 15 73 67 14 69 18 72 
71 956 0.22460937500000000000 0.30273437500000000000 0 0 1 0 8 82 18 84 70 15 72 14 73 
72 957 0.20507812500000000000 0.28320312500000000000 0 0 1 0 8 73 71 79 69 67 75 70 78 
73 958 0.22460937500000000000 0.28320312500000000000 0 0 1 0 8 84 82 90 72 70 78 71 79 
74 959 0.16601562500000000000 0.26367187500000000000 0 0 1 0 8 75 69 77 48 42 50 68 76 
75 960 0.18554687500000000000 0.26367187500000000000 0 0 1 0 8 78 72 80 74 68 76 69 77 
76 961 0.16601562500000000000 0.24414062500000000000 0 0 1 0 8 77 75 99 50 48 59 74 98 
77 962 0.18554687500000000000 0.24414062500000000000 0 0 1 0 8 80 78 102 76 74 98 75 99 
78 963 0.20507812500000000000 0.26367187500000000000 0 0 1 0 8 79 73 81 75 69 77 72 80 
79 964 0.22460937500000000000 0.26367187500000000000 0 0 1 0 8 90 84 92 78 72 80 73 81 
80 965 0.20507812500000000000 0.24414062500000000000 0 0 1 0 8 81 79 103 77 75 99 78 102 
81 966 0.22460937500000000000 0.24414062500000000000 0 0 1 0 8 92 90 110 80 78 102 79 103 
82 967 0.24414062500000000000 0.30273437500000000000 0 0 1 0 8 83 18 85 71 15 73 19 84 
83 968 0.26367187500000000000 0.30273437500000000000 0 0 1 0 8 86 19 88 82 18 84 15 85 
84 969 0.24414062500000000000 0.28320312500000000000 0 0 1 0 8 85 83 91 73 71 79 82 90 
85 970 0.26367187500000000000 0.28320312500000000000 0 0 1 0 8 88 86 94 84 82 90 83 91 
86 971 0.28320312500000000000 0.30273437500000000000 0 0 1 0 8 87 19 89 83 18 85 22 88 
87 972 0.30273437500000000000 0.30273437500000000000 0 0 1 0 8 122 22 124 86 19 88 18 89 
88 973 0.28320312500000000000 0.28320312500000000000 0 0 1 0 8 89 87 95 85 83 91 86 94 
89 974 0.30273437500000000000 0.28320312500000000000 0 0 1 0 8 124 122 130 88 86 94 87 95 
90 975 0.24414062500000000000 0.26367187500000000000 0 0 1 0 8 91 85 93 79 73 81 84 92 
91 976 0.26367187500000000000 0.26367187500000000000 0 0 1 0 8 94 88 96 90 84 92 85 93 
92 977 0.24414062500000000000 0.24414062500000000000 0 0 1 0 8 93 91 111 81 79 103 90 110 
93 978 0.26367187500000000000 0.24414062500000000000 0 0 1 0 8 96 94 114 92 90 110 91 111 
94 979 0.28320312500000000000 0.26367187500000000000 0 0 1 0 8 95 89 97 91 85 93 88 96 
95 980 0.30273437500000000000 0.26367187500000000000 0 0 1 0 8 130 124 132 94 88 96 89 97 
96 981 0.28320312500000000000 0.24414062500000000000 0 0 1 0 8 97 95 115 93 91 111 94 114 
97 982 0.30273437500000000000 0.24414062500000000000 0 0 1 0 8 132 130 154 96 94 114 95 115 
98 983 0.16601562500000000000 0.22460937500000000000 0 0 1 0 8 99 77 101 59 50 61 76 100 
99 984 0.18554687500000000000 0.22460937500000000000 0 0 1 0 8 102 80 104 98 76 100 77 101 
100 985 0.16601562500000000000 0.20507812500000000000 0 0 1 0 8 101 99 107 61 59 65 98 106 
101 986 0.18554687500000000000 0.20507812500000000000 0 0 1 0 8 104 102 108 100 98 106 99 107 
102 987 0.20507812500000000000 0.22460937500000000000 0 0 1 0 8 103 81 105 99 77 101 80 104 
103 988 0.22460937500000000000 0.22460937500000000000 0 0 1 0 8 110 92 112 102 80 104 81 105 
104 989 0.20507812500000000000 0.20507812500000000000 0 0 1 0 8 105 103 109 101 99 107 102 108 
105 990 0.22460937500000000000 0.20507812500000000000 0 0 1 0 8 112 110 118 104 102 108 103 109 
106 991 0.16601562500000000000 0.18554687500000000000 0 0 1 0 8 107 101 471 65 61 469 100 470 
107 992 0.18554687500000000000 0.18554687500000000000 0 0 1 0 8 108 104 472 106 100 470 101 471 
108 993 0.20507812500000000000 0.18554687500000000000 0 0 1 0 8 109 105 473 107 101 471 104 472 
109 994 0.22460937500000000000 0.18554687500000000000 0 0 1 0 8 118 112 474 108 104 472 105 473 
110 995 0.24414062500000000000 0.22460937500000000000 0 0 1 0 8 111 93 113 103 81 105 92 112 
111 996 0.26367187500000000000 0.22460937500000000000 0 0 1 0 8 114 96 116 110 92 112 93 113 
112 997 0.24414062500000000000 0.20507812500000000000 0 0 1 0 8 113 111 119 105 103 109 110 118 
113 998 0.26367187500000000000 0.20507812500000000000 0 0 1 0 8 116 114 120 112 110 118 111 119 
114 999 0.28320312500000000000 0.22460937500000000000 0 0 1 0 8 115 97 117 111 93 113 96 116 
115 1000 0.30273437500000000000 0.22460937500000000000 0 0 1 0 8 154 132 156 114 96 116 97 117 
116 1001 0.28320312500000000000 0.20507812500000000000 0 0 1 0 8 117 115 121 113 111 119 114 120 
117 1002 0.30273437500000000000 0.20507812500000000000 0 0 1 0 8 156 154 162 116 114 120 115 121 
118 1003 0.24414062500000000000 0.18554687500000000000 0 0 1 0 8 119 113 475 109 105 473 112 474 
119 1004 0.26367187500000000000 0.18554687500000000000 0 0 1 0 8 120 116 476 118 112 474 113 475 
120 1005 0.28320312500000000000 0.18554687500000000000 0 0 1 0 8 121 117 477 119 113 475 116 476 
121 1006 0.30273437500000000000 0.18554687500000000000 0 0 1 0 8 162 156 478 120 116 476 117 477 
122 1007 0.32226562500000000000 0.30273437500000000000 0 0 1 0 8 123 22 125 87 19 89 23 124 
123 1008 0.34179687500000000000 0.30273437500000000000 0 0 1 0 8 126 23 128 122 22 124 19 125 
124 1009 0.32226562500000000000 0.28320312500000000000 0 0 1 0 8 125 123 131 89 87 95 122 130 
125 1010 0.34179687500000000000 0.28320312500000000000 0 0 1 0 8 128 126 134 124 122 130 123 131 
126 1011 0.36132812500000000000 0.30273437500000000000 0 0 1 0 8 127 23 129 123 22 125 26 128 
127 1012 0.38085937500000000000 0.30273437500000000000 0 0 1 0 8 138 26 140 126 23 128 22 129 
128 1013 0.36132812500000000000 0.28320312500000000000 0 0 1 0 8 129 127 135 125 123 131 126 134 
129 1014 0.38085937500000000000 0.28320312500000000000 0 0 1 0 8 140 138 146 128 126 134 127 135 
130 1015 0.32226562500000000000 0.26367187500000000000 0 0 1 0 8 131 125 133 95 89 97 124 132 
131 1016 0.34179687500000000000 0.26367187500000000000 0 0 1 0 8 134 128 136 130 124 132 125 133 
132 1017 0.32226562500000000000 0.24414062500000000000 0 0 1 0 8 133 131 155 97 95 115 130 154 
133 1018 0.34179687500000000000 0.24414062500000000000 0 0 1 0 8 136 134 158 132 130 154 131 155 
134 1019 0.36132812500000000000 0.26367187500000000000 0 0 1 0 8 135 129 137 131 125 133 128 136 
135 1020 0.38085937500000000000 0.26367187500000000000 0 0 1 0 8 146 140 148 134 128 136 129 137 
136 1021 0.36132812500000000000 0.24414062500000000000 0 0 1 0 8 137 135 159 133 131 155 134 158 
137 1022 0.38085937500000000000 0.24414062500000000000 0 0 1 0 8 148 146 168 136 134 158 135 159 
138 1023 0.40039062500000000000 0.30273437500000000000 0 0 1 0 8 139 26 141 127 23 129 27 140 
139 1024 0.41992187500000000000 0.30273437500000000000 0 0 1 0 8 142 27 144 138 26 140 23 141 
140 1025 0.40039062500000000000 0.28320312500000000000 0 0 1 0 8 141 139 147 129 127 135 138 146 
141 1026 0.41992187500000000000 0.28320312500000000000 0 0 1 0 8 144 142 150 140 138 146 139 147 
142 1027 0.43945312500000000000 0.30273437500000000000 0 0 1 0 8 143 27 145 139 26 141 30 144 
143 1028 0.45898437500000000000 0.30273437500000000000 0 0 1 0 8 184 30 186 142 27 144 26 145 
144 1029 0.43945312500000000000 0.28320312500000000000 0 0 1 0 8 145 143 151 141 139 147 142 150 
145 1030 0.45898437500000000000 0.28320312500000000000 0 0 1 0 8 186 184 192 144 142 150 143 151 
146 1031 0.40039062500000000000 0.26367187500000000000 0 0 1 0 8 147 141 149 135 129 137 140 148 
147 1032 0.41992187500000000000 0.26367187500000000000 0 0 1 0 8 150 144 152 146 140 148 141 149 
148 1033 0.40039062500000000000 0.24414062500000000000 0 0 1 0 8 149 147 169 137 135 159 146 168 
149 1034 0.41992187500000000000 0.24414062500000000000 0 0 1 0 8 152 150 172 148 146 168 147 169 
150 1035 0.43945312500000000000 0.26367187500000000000 0 0 1 0 8 151 145 153 147 141 149 144 152 
151 1036 0.45898437500000000000 0.26367187500000000000 0 0 1 0 8 192 186 194 150 144 152 145 153 
152 1037 0.43945312500000000000 0.24414062500000000000 0 0 1 0 8 153 151 173 149 147 169 150 172 
153 1038 0.45898437500000000000 0.24414062500000000000 0 0 1 0 8 194 192 212 152 150 172 151 173 
154 1039 0.32226562500000000000 0.22460937500000000000 0 0 1 0 8 155 133 157 115 97 117 132 156 
155 1040 0.34179687500000000000 0.22460937500000000000 0 0 1 0 8 158 136 160 154 132 156 133 157 
156 1041 0.32226562500000000000 0.20507812500000000000 0 0 1 0 8 157 155 163 117 115 121 154 162 
157 1042 0.34179687500000000000 0.20507812500000000000 0 0 1 0 8 160 158 164 156 154 162 155 163 
158 1043 0.36132812500000000000 0.22460937500000000000 0 0 1 0 8 159 137 161 155 133 157 136 160 
159 1044 0.38085937500000000000 0.22460937500000000000 0 0 1 0 8 168 148 170 158 136 160 137 161 
160 1045 0.36132812500000000000 0.20507812500000000000 0 0 1 0 8 161 159 165 157 155 163 158 164 
161 1046 0.38085937500000000000 0.20507812500000000000 0 0 1 0 8 170 168 176 160 158 164 159 165 
162 1047 0.32226562500000000000 0.18554687500000000000 0 0 1 0 8 163 157 479 121 117 477 156 478 
163 1048 0.34179687500000000000 0.18554687500000000000 0 0 1 0 8 164 160 166 162 156 478 157 479 
164 1049 0.36132812500000000000 0.18554687500000000000 0 0 1 0 8 165 161 167 163 157 479 160 166 
165 1050 0.38085937500000000000 0.18554687500000000000 0 0 1 0 8 176 170 178 164 160 166 161 167 
166 1051 0.36132812500000000000 0.16601562500000000000 0 0 1 0 11 167 165 240 479 163 489 164 491 490 239 242 
167 1052 0.38085937500000000000 0.16601562500000000000 0 0 1 0 11 178 176 245 166 164 239 165 240 493 241 247 
168 1053 0.40039062500000000000 0.22460937500000000000 0 0 1 0 8 169 149 171 159 137 161 148 170 
169 1054 0.41992187500000000000 0.22460937500000000000 0 0 1 0 8 172 152 174 168 148 170 149 171 
170 1055 0.40039062500000000000 0.20507812500000000000 0 0 1 0 8 171 169 177 161 159 165 168 176 
171 1056 0.41992187500000000000 0.20507812500000000000 0 0 1 0 8 174 172 180 170 168 176 169 177 
172 1057 0.43945312500000000000 0.22460937500000000000 0 0 1 0 8 173 153 175 169 149 171 152 174 
173 1058 0.45898437500000000000 0.22460937500000000000 0 0 1 0 8 212 194 214 172 152 174 153 175 
174 1059 0.43945312500000000000 0.20507812500000000000 0 0 1 0 8 175 173 181 171 169 177 172 180 
175 1060 0.45898437500000000000 0.20507812500000000000 0 0 1 0 8 214 212 220 174 172 180 173 181 
176 1061 0.40039062500000000000 0.18554687500000000000 0 0 1 0 8 177 171 179 165 161 167 170 178 
177 1062 0.41992187500000000000 0.18554687500000000000 0 0 1 0 8 180 174 182 176 170 178 171 179 
178 1063 0.40039062500000000000 0.16601562500000000000 0 0 1 0 11 179 177 249 167 165 241 176 245 243 246 251 
179 1064 0.41992187500000000000 0.16601562500000000000 0 0 1 0 11 182 180 260 178 176 246 177 249 248 250 262 
180 1065 0.43945312500000000000 0.18554687500000000000 0 0 1 0 8 181 175 183 177 171 179 174 182 
181 1066 0.45898437500000000000 0.18554687500000000000 0 0 1 0 8 220 214 222 180 174 182 175 183 
182 1067 0.43945312500000000000 0.16601562500000000000 0 0 1 0 11 183 181 264 179 177 250 180 260 252 261 266 
183 1068 0.45898437500000000000 0.16601562500000000000 0 0 1 0 11 222 220 322 182 180 261 181 264 263 265 324 
184 1069 0.47851562500000000000 0.30273437500000000000 0 0 1 0 8 185 30 187 143 27 145 31 186 
185 1070 0.49804687500000000000 0.30273437500000000000 0 0 1 0 8 188 31 190 184 30 186 27 187 
186 1071 0.47851562500000000000 0.28320312500000000000 0 0 1 0 8 187 185 193 145 143 151 184 192 
187 1072 0.49804687500000000000 0.28320312500000000000 0 0 1 0 8 190 188 196 186 184 192 185 193 
188 1073 0.51757812500000000000 0.30273437500000000000 0 0 1 0 8 189 31 191 185 30 187 32 190 
189 1074 0.53710937500000000000 0.30273437500000000000 0 0 1 0 8 200 32 202 188 31 190 30 191 
190 1075 0.51757812500000000000 0.28320312500000000000 0 0 1 0 8 191 189 197 187 185 193 188 196 
191 1076 0.53710937500000000000 0.28320312500000000000 0 0 1 0 8 202 200 206 190 188 196 189 197 
192 1077 0.47851562500000000000 0.26367187500000000000 0 0 1 0 8 193 187 195 151 145 153 186 194 
193 1078 0.49804687500000000000 0.26367187500000000000 0 0 1 0 8 196 190 198 192 186 194 187 195 
194 1079 0.47851562500000000000 0.24414062500000000000 0 0 1 0 8 195 193 213 153 151 173 192 212 
195 1080 0.49804687500000000000 0.24414062500000000000 0 0 1 0 8 198 196 216 194 192 212 193 213 
196 1081 0.51757812500000000000 0.26367187500000000000 0 0 1 0 8 197 191 199 193 187 195 190 198 
197 1082 0.53710937500000000000 0.26367187500000000000 0 0 1 0 8 206 202 208 196 190 198 191 199 
198 1083 0.51757812500000000000 0.24414062500000000000 0 0 1 0 8 199 197 217 195 193 213 196 216 
199 1084 0.53710937500000000000 0.24414062500000000000 0 0 1 0 8 208 206 228 198 196 216 197 217 
200 1085 0.55664062500000000000 0.30273437500000000000 0 0 1 0 8 201 32 203 189 31 191 452 202 
201 1086 0.57617187500000000000 0.30273437500000000000 0 0 1 0 8 204 452 205 200 32 202 31 203 
202 1087 0.55664062500000000000 0.28320312500000000000 0 0 1 0 8 203 201 207 191 189 197 200 206 
203 1088 0.57617187500000000000 0.28320312500000000000 0 0 1 0 8 205 204 210 202 200 206 201 207 
204 1089 0.59570312500000000000 0.30273437500000000000 0 0 1 0 8 480 452 481 201 32 203 531 205 
205 1090 0.59570312500000000000 0.28320312500000000000 0 0 1 0 8 481 480 482 203 201 207 204 210 
206 1091 0.55664062500000000000 0.26367187500000000000 0 0 1 0 8 207 203 209 197 191 199 202 208 
207 1092 0.57617187500000000000 0.26367187500000000000 0 0 1 0 8 210 205 211 206 202 208 203 209 
208 1093 0.55664062500000000000 0.24414062500000000000 0 0 1 0 8 209 207 229 199 197 217 206 228 
209 1094 0.57617187500000000000 0.24414062500000000000 0 0 1 0 8 211 210 232 208 206 228 207 229 
210 1095 0.59570312500000000000 0.26367187500000000000 0 0 1 0 8 482 481 483 207 203 209 205 211 
211 1096 0.59570312500000000000 0.24414062500000000000 0 0 1 0 8 483 482 484 209 207 229 210 232 
212 1097 0.47851562500000000000 0.22460937500000000000 0 0 1 0 8 213 195 215 173 153 175 194 214 
213 1098 0.49804687500000000000 0.22460937500000000000 0 0 1 0 8 216 198 218 212 194 214 195 215 
214 1099 0.47851562500000000000 0.20507812500000000000 0 0 1 0 8 215 213 221 175 173 181 212 220 
215 1100 0.49804687500000000000 0.20507812500000000000 0 0 1 0 8 218 216 224 214 212 220 213 221 
216 1101 0.51757812500000000000 0.22460937500000000000 0 0 1 0 8 217 199 219 213 195 215 198 218 
217 1102 0.53710937500000000000 0.22460937500000000000 0 0 1 0 8 228 208 230 216 198 218 199 219 
218 1103 0.51757812500000000000 0.20507812500000000000 0 0 1 0 8 219 217 225 215 213 221 216 224 
219 1104 0.53710937500000000000 0.20507812500000000000 0 0 1 0 8 230 228 234 218 216 224 217 225 
220 1105 0.47851562500000000000 0.18554687500000000000 0 0 1 0 8 221 215 223 181 175 183 214 222 
221 1106 0.49804687500000000000 0.18554687500000000000 0 0 1 0 8 224 218 226 220 214 222 215 223 
222 1107 0.47851562500000000000 0.16601562500000000000 0 0 1 0 11 223 221 326 183 181 265 220 322 267 323 328 
223 1108 0.49804687500000000000 0.16601562500000000000 0 0 1 0 11 226 224 338 222 220 323 221 326 325 327 340 
224 1109 0.51757812500000000000 0.18554687500000000000 0 0 1 0 8 225 219 227 221 215 223 218 226 
225 1110 0.53710937500000000000 0.18554687500000000000 0 0 1 0 8 234 230 236 224 218 226 219 227 
226 1111 0.51757812500000000000 0.16601562500000000000 0 0 1 0 11 227 225 342 223 221 327 224 338 329 339 344 
227 1112 0.53710937500000000000 0.16601562500000000000 0 0 1 0 11 236 234 381 226 224 339 225 342 341 343 383 
228 1113 0.55664062500000000000 0.22460937500000000000 0 0 1 0 8 229 209 231 217 199 219 208 230 
229 1114 0.57617187500000000000 0.22460937500000000000 0 0 1 0 8 232 211 233 228 208 230 209 231 
230 1115 0.55664062500000000000 0.20507812500000000000 0 0 1 0 8 231 229 235 219 217 225 228 234 
231 1116 0.57617187500000000000 0.20507812500000000000 0 0 1 0 8 233 232 238 230 228 234 229 235 
232 1117 0.59570312500000000000 0.22460937500000000000 0 0 1 0 8 484 483 485 229 209 231 211 233 
233 1118 0.59570312500000000000 0.20507812500000000000 0 0 1 0 8 485 484 486 231 229 235 232 238 
234 1119 0.55664062500000000000 0.18554687500000000000 0 0 1 0 8 235 231 237 225 219 227 230 236 
235 1120 0.57617187500000000000 0.18554687500000000000 0 0 1 0 8 238 233 487 234 230 236 231 237 
236 1121 0.55664062500000000000 0.16601562500000000000 0 0 1 0 11 237 235 517 227 225 343 234 381 345 382 519 
237 1122 0.57617187500000000000 0.16601562500000000000 0 0 1 0 11 487 238 523 236 234 382 235 517 516 518 524 
238 1123 0.59570312500000000000 0.18554687500000000000 0 0 1 0 8 486 485 488 235 231 237 233 487 
239 1124 0.36621093750000000000 0.15136718750000000000 0 0 1 0 8 240 167 242 491 166 492 479 493 
240 1125 0.37597656250000000000 0.15136718750000000000 0 0 1 0 8 241 167 243 239 166 493 178 242 
241 1126 0.38574218750000000000 0.15136718750000000000 0 0 1 0 8 245 178 247 240 167 242 166 243 
242 1127 0.37597656250000000000 0.14160156250000000000 0 0 1 0 8 243 241 244 493 239 494 240 495 
243 1128 0.38574218750000000000 0.14160156250000000000 0 0 1 0 8 247 245 253 242 240 495 241 244 
244 1129 0.38574218750000000000 0.13183593750000000000 0 0 1 0 8 253 247 498 495 242 496 243 497 
245 1130 0.39550781250000000000 0.15136718750000000000 0 0 1 0 8 246 178 248 241 167 243 179 247 
246 1131 0.40527343750000000000 0.15136718750000000000 0 0 1 0 8 249 179 251 245 178 247 167 248 
247 1132 0.39550781250000000000 0.14160156250000000000 0 0 1 0 8 248 246 254 243 241 244 245 253 
248 1133 0.40527343750000000000 0.14160156250000000000 0 0 1 0 8 251 249 256 247 245 253 246 254 
249 1134 0.41503906250000000000 0.15136718750000000000 0 0 1 0 8 250 179 252 246 178 248 182 251 
250 1135 0.42480468750000000000 0.15136718750000000000 0 0 1 0 8 260 182 262 249 179 251 178 252 
251 1136 0.41503906250000000000 0.14160156250000000000 0 0 1 0 8 252 250 257 248 246 254 249 256 
252 1137 0.42480468750000000000 0.14160156250000000000 0 0 1 0 8 262 260 268 251 249 256 250 257 
253 1138 0.39550781250000000000 0.13183593750000000000 0 0 1 0 8 254 248 255 244 243 497 247 498 
254 1139 0.40527343750000000000 0.13183593750000000000 0 0 1 0 8 256 251 258 253 247 498 248 255 
255 1140 0.40527343750000000000 0.12207031250000000000 0 0 1 0 8 258 256 276 498 253 499 254 500 
256 1141 0.41503906250000000000 0.13183593750000000000 0 0 1 0 8 257 252 259 254 248 255 251 258 
257 1142 0.42480468750000000000 0.13183593750000000000 0 0 1 0 8 268 262 270 256 251 258 252 259 
258 1143 0.41503906250000000000 0.12207031250000000000 0 0 1 0 8 259 257 277 255 254 500 256 276 
259 1144 0.42480468750000000000 0.12207031250000000000 0 0 1 0 8 270 268 279 258 256 276 257 277 
260 1145 0.43457031250000000000 0.15136718750000000000 0 0 1 0 8 261 182 263 250 179 252 183 262 
261 1146 0.44433593750000000000 0.15136718750000000000 0 0 1 0 8 264 183 266 260 182 262 179 263 
262 1147 0.43457031250000000000 0.14160156250000000000 0 0 1 0 8 263 261 269 252 250 257 260 268 
263 1148 0.44433593750000000000 0.14160156250000000000 0 0 1 0 8 266 264 272 262 260 268 261 269 
264 1149 0.45410156250000000000 0.15136718750000000000 0 0 1 0 8 265 183 267 261 182 263 222 266 
265 1150 0.46386718750000000000 0.15136718750000000000 0 0 1 0 8 322 222 324 264 183 266 182 267 
266 1151 0.45410156250000000000 0.14160156250000000000 0 0 1 0 8 267 265 273 263 261 269 264 272 
267 1152 0.46386718750000000000 0.14160156250000000000 0 0 1 0 8 324 322 330 266 264 272 265 273 
268 1153 0.43457031250000000000 0.13183593750000000000 0 0 1 0 8 269 263 271 257 252 259 262 270 
269 1154 0.44433593750000000000 0.13183593750000000000 0 0 1 0 8 272 266 274 268 262 270 263 271 
270 1155 0.43457031250000000000 0.12207031250000000000 0 0 1 0 8 271 269 280 259 257 277 268 279 
271 1156 0.44433593750000000000 0.12207031250000000000 0 0 1 0 8 274 272 283 270 268 279 269 280 
272 1157 0.45410156250000000000 0.13183593750000000000 0 0 1 0 8 273 267 275 269 263 271 266 274 
273 1158 0.46386718750000000000 0.13183593750000000000 0 0 1 0 8 330 324 332 272 266 274 267 275 
274 1159 0.45410156250000000000 0.12207031250000000000 0 0 1 0 8 275 273 284 271 269 280 272 283 
275 1160 0.46386718750000000000 0.12207031250000000000 0 0 1 0 8 332 330 354 274 272 283 273 284 
276 1161 0.41503906250000000000 0.11230468750000000000 0 0 1 0 8 277 259 278 500 255 501 258 502 
277 1162 0.42480468750000000000 0.11230468750000000000 0 0 1 0 8 279 270 281 276 258 502 259 278 
278 1163 0.42480468750000000000 0.10253906250000000000 0 0 1 0 8 281 279 287 502 276 503 277 504 
279 1164 0.43457031250000000000 0.11230468750000000000 0 0 1 0 8 280 271 282 277 259 278 270 281 
280 1165 0.44433593750000000000 0.11230468750000000000 0 0 1 0 8 283 274 285 279 270 281 271 282 
281 1166 0.43457031250000000000 0.10253906250000000000 0 0 1 0 8 282 280 288 278 277 504 279 287 
282 1167 0.44433593750000000000 0.10253906250000000000 0 0 1 0 8 285 283 290 281 279 287 280 288 
283 1168 0.45410156250000000000 0.11230468750000000000 0 0 1 0 8 284 275 286 280 271 282 274 285 
284 1169 0.46386718750000000000 0.11230468750000000000 0 0 1 0 8 354 332 356 283 274 285 275 286 
285 1170 0.45410156250000000000 0.10253906250000000000 0 0 1 0 8 286 284 291 282 280 288 283 290 
286 1171 0.46386718750000000000 0.10253906250000000000 0 0 1 0 8 356 354 362 285 283 290 284 291 
287 1172 0.43457031250000000000 0.09277343750000000000 0 0 1 0 8 288 282 289 504 278 505 281 506 
288 1173 0.44433593750000000000 0.09277343750000000000 0 0 1 0 8 290 285 292 287 281 506 282 289 
289 1174 0.44433593750000000000 0.08300781250000000000 0 0 1 0 11 292 290 306 506 287 294 288 296 295 297 308 
290 1175 0.45410156250000000000 0.09277343750000000000 0 0 1 0 8 291 286 293 288 282 289 285 292 
291 1176 0.46386718750000000000 0.09277343750000000000 0 0 1 0 8 362 356 364 290 285 292 286 293 
292 1177 0.45410156250000000000 0.08300781250000000000 0 0 1 0 11 293 291 310 289 288 297 290 306 299 307 312 
293 1178 0.46386718750000000000 0.08300781250000000000 0 0 1 0 11 364 362 384 292 290 307 291 310 309 311 386 
294 1179 0.43701171875000000000 0.07568359375000000000 0 0 1 0 8 296 289 298 508 506 509 505 295 
295 1180 0.43701171875000000000 0.07080078125000000000 0 0 1 0 8 298 296 302 509 508 510 294 300 
296 1181 0.44189453125000000000 0.07568359375000000000 0 0 1 0 8 297 289 299 294 506 295 292 298 
297 1182 0.44677734375000000000 0.07568359375000000000 0 0 1 0 8 306 292 308 296 289 298 506 299 
298 1183 0.44189453125000000000 0.07080078125000000000 0 0 1 0 8 299 297 303 295 294 300 296 302 
299 1184 0.44677734375000000000 0.07080078125000000000 0 0 1 0 8 308 306 314 298 296 302 297 303 
300 1185 0.43701171875000000000 0.06591796875000000000 0 0 1 0 8 302 298 304 510 509 511 295 301 
301 1186 0.43701171875000000000 0.06103515625000000000 0 0 1 0 8 304 302 2 511 510 1 300 432 
302 1187 0.44189453125000000000 0.06591796875000000000 0 0 1 0 8 303 299 305 300 295 301 298 304 
303 1188 0.44677734375000000000 0.06591796875000000000 0 0 1 0 8 314 308 316 302 298 304 299 305 
304 1189 0.44189453125000000000 0.06103515625000000000 0 0 1 0 8 305 303 2 301 300 1 302 3 
305 1190 0.44677734375000000000 0.06103515625000000000 0 0 1 0 8 316 314 3 304 302 2 303 1 
306 1191 0.45166015625000000000 0.07568359375000000000 0 0 1 0 8 307 292 309 297 289 299 293 308 
307 1192 0.45654296875000000000 0.07568359375000000000 0 0 1 0 8 310 293 312 306 292 308 289 309 
308 1193 0.45166015625000000000 0.07080078125000000000 0 0 1 0 8 309 307 315 299 297 303 306 314 
309 1194 0.45654296875000000000 0.07080078125000000000 0 0 1 0 8 312 310 318 308 306 314 307 315 
310 1195 0.46142578125000000000 0.07568359375000000000 0 0 1 0 8 311 293 313 307 292 309 364 312 
311 1196 0.46630859375000000000 0.07568359375000000000 0 0 1 0 8 384 364 386 310 293 312 292 313 
312 1197 0.46142578125000000000 0.07080078125000000000 0 0 1 0 8 313 311 319 309 307 315 310 318 
313 1198 0.46630859375000000000 0.07080078125000000000 0 0 1 0 8 386 384 392 312 310 318 311 319 
314 1199 0.45166015625000000000 0.06591796875000000000 0 0 1 0 8 315 309 317 303 299 305 308 316 
315 1200 0.45654296875000000000 0.06591796875000000000 0 0 1 0 8 318 312 320 314 308 316 309 317 
316 1201 0.45166015625000000000 0.06103515625000000000 0 0 1 0 8 317 315 3 305 303 2 314 4 
317 1202 0.45654296875000000000 0.06103515625000000000 0 0 1 0 8 320 318 4 316 314 3 315 2 
318 1203 0.46142578125000000000 0.06591796875000000000 0 0 1 0 8 319 313 321 315 309 317 312 320 
319 1204 0.46630859375000000000 0.06591796875000000000 0 0 1 0 8 392 386 394 318 312 320 313 321 
320 1205 0.46142578125000000000 0.06103515625000000000 0 0 1 0 8 321 319 4 317 315 3 318 5 
321 1206 0.46630859375000000000 0.06103515625000000000 0 0 1 0 8 394 392 5 320 318 4 319 3 
322 1207 0.47363281250000000000 0.15136718750000000000 0 0 1 0 8 323 222 325 265 183 267 223 324 
323 1208 0.48339843750000000000 0.15136718750000000000 0 0 1 0 8 326 223 328 322 222 324 183 325 
324 1209 0.47363281250000000000 0.14160156250000000000 0 0 1 0 8 325 323 331 267 265 273 322 330 
325 1210 0.48339843750000000000 0.14160156250000000000 0 0 1 0 8 328 326 334 324 322 330 323 331 
326 1211 0.49316406250000000000 0.15136718750000000000 0 0 1 0 8 327 223 329 323 222 325 226 328 
327 1212 0.50292968750000000000 0.15136718750000000000 0 0 1 0 8 338 226 340 326 223 328 222 329 
328 1213 0.49316406250000000000 0.14160156250000000000 0 0 1 0 8 329 327 335 325 323 331 326 334 
329 1214 0.50292968750000000000 0.14160156250000000000 0 0 1 0 8 340 338 346 328 326 334 327 335 
330 1215 0.47363281250000000000 0.13183593750000000000 0 0 1 0 8 331 325 333 273 267 275 324 332 
331 1216 0.48339843750000000000 0.13183593750000000000 0 0 1 0 8 334 328 336 330 324 332 325 333 
332 1217 0.47363281250000000000 0.12207031250000000000 0 0 1 0 8 333 331 355 275 273 284 330 354 
333 1218 0.48339843750000000000 0.12207031250000000000 0 0 1 0 8 336 334 358 332 330 354 331 355 
334 1219 0.49316406250000000000 0.13183593750000000000 0 0 1 0 8 335 329 337 331 325 333 328 336 
335 1220 0.50292968750000000000 0.13183593750000000000 0 0 1 0 8 346 340 348 334 328 336 329 337 
336 1221 0.49316406250000000000 0.12207031250000000000 0 0 1 0 8 337 335 359 333 331 355 334 358 
337 1222 0.50292968750000000000 0.12207031250000000000 0 0 1 0 8 348 346 370 336 334 358 335 359 
338 1223 0.51269531250000000000 0.15136718750000000000 0 0 1 0 8 339 226 341 327 223 329 227 340 
339 1224 0.52246093750000000000 0.15136718750000000000 0 0 1 0 8 342 227 344 338 226 340 223 341 
340 1225 0.51269531250000000000 0.14160156250000000000 0 0 1 0 8 341 339 347 329 327 335 338 346 
341 1226 0.52246093750000000000 0.14160156250000000000 0 0 1 0 8 344 342 350 340 338 346 339 347 
342 1227 0.53222656250000000000 0.15136718750000000000 0 0 1 0 8 343 227 345 339 226 341 236 344 
343 1228 0.54199218750000000000 0.15136718750000000000 0 0 1 0 8 381 236 383 342 227 344 226 345 
344 1229 0.53222656250000000000 0.14160156250000000000 0 0 1 0 8 345 343 351 341 339 347 342 350 
345 1230 0.54199218750000000000 0.14160156250000000000 0 0 1 0 8 383 381 520 344 342 350 343 351 
346 1231 0.51269531250000000000 0.13183593750000000000 0 0 1 0 8 347 341 349 335 329 337 340 348 
347 1232 0.52246093750000000000 0.13183593750000000000 0 0 1 0 8 350 344 352 346 340 348 341 349 
348 1233 0.51269531250000000000 0.12207031250000000000 0 0 1 0 8 349 347 371 337 335 359 346 370 
349 1234 0.52246093750000000000 0.12207031250000000000 0 0 1 0 8 352 350 374 348 346 370 347 371 
350 1235 0.53222656250000000000 0.13183593750000000000 0 0 1 0 8 351 345 353 347 341 349 344 352 
351 1236 0.54199218750000000000 0.13183593750000000000 0 0 1 0 8 520 383 522 350 344 352 345 353 
352 1237 0.53222656250000000000 0.12207031250000000000 0 0 1 0 8 353 351 375 349 347 371 350 374 
353 1238 0.54199218750000000000 0.12207031250000000000 0 0 1 0 8 522 520 525 352 350 374 351 375 
354 1239 0.47363281250000000000 0.11230468750000000000 0 0 1 0 8 355 333 357 284 275 286 332 356 
355 1240 0.48339843750000000000 0.11230468750000000000 0 0 1 0 8 358 336 360 354 332 356 333 357 
356 1241 0.47363281250000000000 0.10253906250000000000 0 0 1 0 8 357 355 363 286 284 291 354 362 
357 1242 0.48339843750000000000 0.10253906250000000000 0 0 1 0 8 360 358 366 356 354 362 355 363 
358 1243 0.49316406250000000000 0.11230468750000000000 0 0 1 0 8 359 337 361 355 333 357 336 360 
359 1244 0.50292968750000000000 0.11230468750000000000 0 0 1 0 8 370 348 372 358 336 360 337 361 
360 1245 0.49316406250000000000 0.10253906250000000000 0 0 1 0 8 361 359 367 357 355 363 358 366 
361 1246 0.50292968750000000000 0.10253906250000000000 0 0 1 0 8 372 370 377 360 358 366 359 367 
362 1247 0.47363281250000000000 0.09277343750000000000 0 0 1 0 8 363 357 365 291 286 293 356 364 
363 1248 0.48339843750000000000 0.09277343750000000000 0 0 1 0 8 366 360 368 362 356 364 357 365 
364 1249 0.47363281250000000000 0.08300781250000000000 0 0 1 0 11 365 363 388 293 291 311 362 384 313 385 390 
365 1250 0.48339843750000000000 0.08300781250000000000 0 0 1 0 11 368 366 400 364 362 385 363 388 387 389 402 
366 1251 0.49316406250000000000 0.09277343750000000000 0 0 1 0 8 367 361 369 363 357 365 360 368 
367 1252 0.50292968750000000000 0.09277343750000000000 0 0 1 0 8 377 372 379 366 360 368 361 369 
368 1253 0.49316406250000000000 0.08300781250000000000 0 0 1 0 11 369 367 404 365 363 389 366 400 391 401 406 
369 1254 0.50292968750000000000 0.08300781250000000000 0 0 1 0 11 379 377 416 368 366 401 367 404 403 405 418 
370 1255 0.51269531250000000000 0.11230468750000000000 0 0 1 0 8 371 349 373 359 337 361 348 372 
371 1256 0.52246093750000000000 0.11230468750000000000 0 0 1 0 8 374 352 376 370 348 372 349 373 
372 1257 0.51269531250000000000 0.10253906250000000000 0 0 1 0 8 373 371 378 361 359 367 370 377 
373 1258 0.52246093750000000000 0.10253906250000000000 0 0 1 0 8 376 374 513 372 370 377 371 378 
374 1259 0.53222656250000000000 0.11230468750000000000 0 0 1 0 8 375 353 512 371 349 373 352 376 
375 1260 0.54199218750000000000 0.11230468750000000000 0 0 1 0 8 525 522 526 374 352 376 353 512 
376 1261 0.53222656250000000000 0.10253906250000000000 0 0 1 0 8 512 375 514 373 371 378 374 513 
377 1262 0.51269531250000000000 0.09277343750000000000 0 0 1 0 8 378 373 380 367 361 369 372 379 
378 1263 0.52246093750000000000 0.09277343750000000000 0 0 1 0 8 513 376 515 377 372 379 373 380 
379 1264 0.51269531250000000000 0.08300781250000000000 0 0 1 0 11 380 378 420 369 367 405 377 416 407 417 422 
380 1265 0.52246093750000000000 0.08300781250000000000 0 0 1 0 11 515 513 527 379 377 417 378 420 419 421 528 
381 1266 0.55175781250000000000 0.15136718750000000000 0 0 1 0 8 382 236 516 343 227 345 237 383 
382 1267 0.56152343750000000000 0.15136718750000000000 0 0 1 0 8 517 237 519 381 236 383 227 516 
383 1268 0.55175781250000000000 0.14160156250000000000 0 0 1 0 8 516 382 521 345 343 351 381 520 
384 1269 0.47119140625000000000 0.07568359375000000000 0 0 1 0 8 385 364 387 311 293 313 365 386 
385 1270 0.47607421875000000000 0.07568359375000000000 0 0 1 0 8 388 365 390 384 364 386 293 387 
386 1271 0.47119140625000000000 0.07080078125000000000 0 0 1 0 8 387 385 393 313 311 319 384 392 
387 1272 0.47607421875000000000 0.07080078125000000000 0 0 1 0 8 390 388 396 386 384 392 385 393 
388 1273 0.48095703125000000000 0.07568359375000000000 0 0 1 0 8 389 365 391 385 364 387 368 390 
389 1274 0.48583984375000000000 0.07568359375000000000 0 0 1 0 8 400 368 402 388 365 390 364 391 
390 1275 0.48095703125000000000 0.07080078125000000000 0 0 1 0 8 391 389 397 387 385 393 388 396 
391 1276 0.48583984375000000000 0.07080078125000000000 0 0 1 0 8 402 400 408 390 388 396 389 397 
392 1277 0.47119140625000000000 0.06591796875000000000 0 0 1 0 8 393 387 395 319 313 321 386 394 
393 1278 0.47607421875000000000 0.06591796875000000000 0 0 1 0 8 396 390 398 392 386 394 387 395 
394 1279 0.47119140625000000000 0.06103515625000000000 0 0 1 0 8 395 393 5 321 319 4 392 6 
395 1280 0.47607421875000000000 0.06103515625000000000 0 0 1 0 8 398 396 6 394 392 5 393 4 
396 1281 0.48095703125000000000 0.06591796875000000000 0 0 1 0 8 397 391 399 393 387 395 390 398 
397 1282 0.48583984375000000000 0.06591796875000000000 0 0 1 0 8 408 402 410 396 390 398 391 399 
398 1283 0.48095703125000000000 0.06103515625000000000 0 0 1 0 8 399 397 6 395 393 5 396 7 
399 1284 0.48583984375000000000 0.06103515625000000000 0 0 1 0 8 410 408 7 398 396 6 397 5 
400 1285 0.49072265625000000000 0.07568359375000000000 0 0 1 0 8 401 368 403 389 365 391 369 402 
401 1286 0.49560546875000000000 0.07568359375000000000 0 0 1 0 8 404 369 406 400 368 402 365 403 
402 1287 0.49072265625000000000 0.07080078125000000000 0 0 1 0 8 403 401 409 391 389 397 400 408 
403 1288 0.49560546875000000000 0.07080078125000000000 0 0 1 0 8 406 404 412 402 400 408 401 409 
404 1289 0.50048828125000000000 0.07568359375000000000 0 0 1 0 8 405 369 407 401 368 403 379 406 
405 1290 0.50537109375000000000 0.07568359375000000000 0 0 1 0 8 416 379 418 404 369 406 368 407 
406 1291 0.50048828125000000000 0.07080078125000000000 0 0 1 0 8 407 405 413 403 401 409 404 412 
407 1292 0.50537109375000000000 0.07080078125000000000 0 0 1 0 8 418 416 424 406 404 412 405 413 
408 1293 0.49072265625000000000 0.06591796875000000000 0 0 1 0 8 409 403 411 397 391 399 402 410 
409 1294 0.49560546875000000000 0.06591796875000000000 0 0 1 0 8 412 406 414 408 402 410 403 411 
410 1295 0.49072265625000000000 0.06103515625000000000 0 0 1 0 8 411 409 7 399 397 6 408 8 
411 1296 0.49560546875000000000 0.06103515625000000000 0 0 1 0 8 414 412 8 410 408 7 409 6 
412 1297 0.50048828125000000000 0.06591796875000000000 0 0 1 0 8 413 407 415 409 403 411 406 414 
413 1298 0.50537109375000000000 0.06591796875000000000 0 0 1 0 8 424 418 426 412 406 414 407 415 
414 1299 0.50048828125000000000 0.06103515625000000000 0 0 1 0 8 415 413 8 411 409 7 412 9 
415 1300 0.50537109375000000000 0.06103515625000000000 0 0 1 0 8 426 424 9 414 412 8 413 7 
416 1301 0.51025390625000000000 0.07568359375000000000 0 0 1 0 8 417 379 419 405 369 407 380 418 
417 1302 0.51513671875000000000 0.07568359375000000000 0 0 1 0 8 420 380 422 416 379 418 369 419 
418 1303 0.51025390625000000000 0.07080078125000000000 0 0 1 0 8 419 417 425 407 405 413 416 424 
419 1304 0.51513671875000000000 0.07080078125000000000 0 0 1 0 8 422 420 428 418 416 424 417 425 
420 1305 0.52001953125000000000 0.07568359375000000000 0 0 1 0 8 421 380 423 417 379 419 515 422 
421 1306 0.52490234375000000000 0.07568359375000000000 0 0 1 0 8 527 515 528 420 380 422 379 423 
422 1307 0.52001953125000000000 0.07080078125000000000 0 0 1 0 8 423 421 429 419 417 425 420 428 
423 1308 0.52490234375000000000 0.07080078125000000000 0 0 1 0 8 528 527 529 422 420 428 421 429 
424 1309 0.51025390625000000000 0.06591796875000000000 0 0 1 0 8 425 419 427 413 407 415 418 426 
425 1310 0.51513671875000000000 0.06591796875000000000 0 0 1 0 8 428 422 430 424 418 426 419 427 
426 1311 0.51025390625000000000 0.06103515625000000000 0 0 1 0 8 427 425 9 415 413 8 424 10 
427 1312 0.51513671875000000000 0.06103515625000000000 0 0 1 0 8 430 428 10 426 424 9 425 8 
428 1313 0.52001953125000000000 0.06591796875000000000 0 0 1 0 8 429 423 431 425 419 427 422 430 
429 1314 0.52490234375000000000 0.06591796875000000000 0 0 1 0 8 529 528 530 428 422 430 423 431 
430 1315 0.52001953125000000000 0.06103515625000000000 0 0 1 0 8 431 429 10 427 425 9 428 433 
431 1316 0.52490234375000000000 0.06103515625000000000 0 0 1 0 8 530 529 433 430 428 10 429 9 
432 1773 0.42444215000000001803 0.05635743399999999792 4 
433 3055 0.53178594999999995174 0.05004670399999999741 7 
434 16827 0.13671875000000000000 0.41015625000000000000 38 
435 16831 0.05859375000000000000 0.33203125000000000000 38 
436 16832 0.09765625000000000000 0.37109375000000000000 38 
437 16833 0.13671875000000000000 0.37109375000000000000 38 
438 16834 0.09765625000000000000 0.33203125000000000000 38 
439 16837 0.17578125000000000000 0.41015625000000000000 38 
440 16838 0.21484375000000000000 0.41015625000000000000 38 
441 16841 0.25390625000000000000 0.41015625000000000000 38 
442 16842 0.29296875000000000000 0.41015625000000000000 38 
443 16877 0.33203125000000000000 0.41015625000000000000 38 
444 16878 0.37109375000000000000 0.41015625000000000000 38 
445 16881 0.41015625000000000000 0.41015625000000000000 38 
446 16882 0.44921875000000000000 0.41015625000000000000 38 
447 16885 0.48828125000000000000 0.41015625000000000000 38 
448 16886 0.52734375000000000000 0.41015625000000000000 38 
449 3910 0.56640625000000000000 0.41015625000000000000 9 
450 3912 0.56640625000000000000 0.37109375000000000000 9 
451 3913 0.60546875000000000000 0.37109375000000000000 9 
452 3914 0.60546875000000000000 0.33203125000000000000 9 
453 16893 0.06835937500000000000 0.30273437500000000000 38 
454 16894 0.04882812500000000000 0.28320312500000000000 38 
455 16895 0.06835937500000000000 0.28320312500000000000 38 
456 16897 0.02929687500000000000 0.26367187500000000000 38 
457 16899 0.02929687500000000000 0.24414062500000000000 38 
458 16900 0.04882812500000000000 0.26367187500000000000 38 
459 16901 0.08789062500000000000 0.30273437500000000000 38 
460 12885 0.02929687500000000000 0.22460937500000000000 29 
461 12887 0.02929687500000000000 0.20507812500000000000 29 
462 12888 0.04882812500000000000 0.20507812500000000000 29 
463 12893 0.04882812500000000000 0.18554687500000000000 29 
464 12894 0.06835937500000000000 0.18554687500000000000 29 
465 12896 0.06835937500000000000 0.16601562500000000000 29 
466 12897 0.08789062500000000000 0.16601562500000000000 29 
467 456 0.10742187500000000000 0.16601562500000000000 1 
468 457 0.12695312500000000000 0.16601562500000000000 1 
469 458 0.14648437500000000000 0.16601562500000000000 1 
470 459 0.16601562500000000000 0.16601562500000000000 1 
471 1774 0.18554687500000000000 0.16601562500000000000 4 
472 1775 0.20507812500000000000 0.16601562500000000000 4 
473 1776 0.22460937500000000000 0.16601562500000000000 4 
474 1777 0.24414062500000000000 0.16601562500000000000 4 
475 1778 0.26367187500000000000 0.16601562500000000000 4 
476 1779 0.28320312500000000000 0.16601562500000000000 4 
477 1780 0.30273437500000000000 0.16601562500000000000 4 
478 1897 0.32226562500000000000 0.16601562500000000000 4 
479 1898 0.34179687500000000000 0.16601562500000000000 4 
480 3915 0.61523437500000000000 0.30273437500000000000 9 
481 3916 0.61523437500000000000 0.28320312500000000000 9 
482 3917 0.61523437500000000000 0.26367187500000000000 9 
483 3918 0.61523437500000000000 0.24414062500000000000 9 
484 3919 0.61523437500000000000 0.22460937500000000000 9 
485 3920 0.61523437500000000000 0.20507812500000000000 9 
486 3921 0.61523437500000000000 0.18554687500000000000 9 
487 3075 0.59570312500000000000 0.16601562500000000000 7 
488 3076 0.61523437500000000000 0.16601562500000000000 7 
489 1904 0.34667968750000000000 0.15136718750000000000 4 
490 1906 0.34667968750000000000 0.14160156250000000000 4 
491 1915 0.35644531250000000000 0.15136718750000000000 4 
492 1916 0.35644531250000000000 0.14160156250000000000 4 
493 1917 0.36621093750000000000 0.14160156250000000000 4 
494 1919 0.36621093750000000000 0.13183593750000000000 4 
495 1922 0.37597656250000000000 0.13183593750000000000 4 
496 1923 0.37597656250000000000 0.12207031250000000000 4 
497 1924 0.38574218750000000000 0.12207031250000000000 4 
498 2053 0.39550781250000000000 0.12207031250000000000 4 
499 2054 0.39550781250000000000 0.11230468750000000000 4 
500 2055 0.40527343750000000000 0.11230468750000000000 4 
501 2057 0.40527343750000000000 0.10253906250000000000 4 
502 2058 0.41503906250000000000 0.10253906250000000000 4 
503 2063 0.41503906250000000000 0.09277343750000000000 4 
504 2064 0.42480468750000000000 0.09277343750000000000 4 
505 2066 0.42480468750000000000 0.08300781250000000000 4 
506 2067 0.43457031250000000000 0.08300781250000000000 4 
507 2199 0.42724609375000000000 0.06103515625000000000 4 
508 2200 0.43212890625000000000 0.07568359375000000000 4 
509 2201 0.43212890625000000000 0.07080078125000000000 4 
510 2202 0.43212890625000000000 0.06591796875000000000 4 
511 2203 0.43212890625000000000 0.06103515625000000000 4 
512 3077 0.54199218750000000000 0.10253906250000000000 7 
513 3078 0.53222656250000000000 0.09277343750000000000 7 
514 3079 0.54199218750000000000 0.09277343750000000000 7 
515 3080 0.53222656250000000000 0.08300781250000000000 7 
516 3082 0.56152343750000000000 0.14160156250000000000 7 
517 3083 0.57128906250000000000 0.15136718750000000000 7 
518 3084 0.58105468750000000000 0.15136718750000000000 7 
519 3085 0.57128906250000000000 0.14160156250000000000 7 
520 3087 0.55175781250000000000 0.13183593750000000000 7 
521 3088 0.56152343750000000000 0.13183593750000000000 7 
522 3089 0.55175781250000000000 0.12207031250000000000 7 
523 3095 0.59082031250000000000 0.15136718750000000000 7 
524 3097 0.59082031250000000000 0.14160156250000000000 7 
525 3111 0.55175781250000000000 0.11230468750000000000 7 
526 3113 0.55175781250000000000 0.10253906250000000000 7 
527 3143 0.52978515625000000000 0.07568359375000000000 7 
528 3145 0.52978515625000000000 0.07080078125000000000 7 
529 3151 0.52978515625000000000 0.06591796875000000000 7 
530 3153 0.52978515625000000000 0.06103515625000000000 7 
531 3936 0.64453125000000000000 0.33203125000000000000 9 
