481 420 61
1 11719 0.00117288630000000004 0.00598481359999999962 421 2 0 1 10 461 462 176 177 421 179 2 420 185 187 
2 11720 0.00193835759999999992 0.00766080530000000023 1 3 0 1 6 419 417 420 418 1 3 
3 11721 0.00289464670000000009 0.00932114849999999932 2 4 0 1 7 418 2 387 4 390 391 394 
4 11722 0.00404138730000000012 0.01096547500000000057 3 5 0 1 7 375 3 5 359 392 393 394 
5 11723 0.00537814000000000000 0.01259337699999999935 4 6 0 1 7 414 375 373 393 413 4 6 
6 11724 0.00690439259999999985 0.01420441199999999959 5 7 0 1 7 343 411 339 412 340 5 7 
7 11725 0.00861956040000000021 0.01579810099999999842 6 8 0 1 7 341 342 343 316 324 6 8 
8 11726 0.01052298599999999980 0.01737392800000000029 7 422 0 1 8 416 322 316 324 342 415 7 422 
9 11727 -0.01098632812500000000 0.02319335937500000000 0 0 1 0 10 24 11 26 32 426 424 427 425 10 34 
10 11728 -0.01098632812500000000 0.02075195312500000000 0 0 1 0 10 32 26 34 60 427 426 439 9 56 62 
11 11729 -0.00915527343750000000 0.02502441406250000000 0 0 1 0 8 12 431 25 425 423 9 430 24 
12 11730 -0.00793457031250000000 0.02502441406250000000 0 0 1 0 8 14 432 28 11 430 24 431 25 
13 11731 -0.00549316406250000000 0.02624511718750000000 0 0 1 0 8 16 433 18 432 428 14 429 15 
14 11732 -0.00671386718750000000 0.02502441406250000000 0 0 1 0 8 15 13 29 12 431 25 432 28 
15 11733 -0.00549316406250000000 0.02502441406250000000 0 0 1 0 8 18 16 40 14 432 28 13 29 
16 11734 -0.00427246093750000000 0.02624511718750000000 0 0 1 0 8 17 434 19 13 429 15 433 18 
17 11735 -0.00305175781250000000 0.02624511718750000000 0 0 1 0 8 20 435 22 16 433 18 434 19 
18 11736 -0.00427246093750000000 0.02502441406250000000 0 0 1 0 8 19 17 41 15 13 29 16 40 
19 11737 -0.00305175781250000000 0.02502441406250000000 0 0 1 0 8 22 20 44 18 16 40 17 41 
20 11738 -0.00183105468750000000 0.02624511718750000000 0 0 1 0 8 21 436 23 17 434 19 435 22 
21 11739 -0.00061035156250000000 0.02624511718750000000 0 0 1 0 8 190 465 192 20 435 22 436 23 
22 11740 -0.00183105468750000000 0.02502441406250000000 0 0 1 0 8 23 21 45 19 17 41 20 44 
23 11741 -0.00061035156250000000 0.02502441406250000000 0 0 1 0 8 192 190 199 22 20 44 21 45 
24 11742 -0.00915527343750000000 0.02380371093750000000 0 0 1 0 8 25 12 27 9 425 10 11 26 
25 11743 -0.00793457031250000000 0.02380371093750000000 0 0 1 0 8 28 14 30 24 11 26 12 27 
26 11744 -0.00915527343750000000 0.02258300781250000000 0 0 1 0 8 27 25 33 9 425 10 24 32 
27 11745 -0.00793457031250000000 0.02258300781250000000 0 0 1 0 8 30 28 36 26 24 32 25 33 
28 11746 -0.00671386718750000000 0.02380371093750000000 0 0 1 0 8 29 15 31 25 12 27 14 30 
29 11747 -0.00549316406250000000 0.02380371093750000000 0 0 1 0 8 40 18 42 28 14 30 15 31 
30 11748 -0.00671386718750000000 0.02258300781250000000 0 0 1 0 8 31 29 37 27 25 33 28 36 
31 11749 -0.00549316406250000000 0.02258300781250000000 0 0 1 0 8 42 40 48 30 28 36 29 37 
32 11750 -0.00915527343750000000 0.02136230468750000000 0 0 1 0 8 33 27 35 10 9 56 26 34 
33 11751 -0.00793457031250000000 0.02136230468750000000 0 0 1 0 8 36 30 38 32 26 34 27 35 
34 11752 -0.00915527343750000000 0.02014160156250000000 0 0 1 0 8 35 33 61 10 9 56 32 60 
35 11753 -0.00793457031250000000 0.02014160156250000000 0 0 1 0 8 38 36 64 34 32 60 33 61 
36 11754 -0.00671386718750000000 0.02136230468750000000 0 0 1 0 8 37 31 39 33 27 35 30 38 
37 11755 -0.00549316406250000000 0.02136230468750000000 0 0 1 0 8 48 42 50 36 30 38 31 39 
38 11756 -0.00671386718750000000 0.02014160156250000000 0 0 1 0 8 39 37 65 35 33 61 36 64 
39 11757 -0.00549316406250000000 0.02014160156250000000 0 0 1 0 8 50 48 76 38 36 64 37 65 
40 11758 -0.00427246093750000000 0.02380371093750000000 0 0 1 0 8 41 19 43 29 15 31 18 42 
41 11759 -0.00305175781250000000 0.02380371093750000000 0 0 1 0 8 44 22 46 40 18 42 19 43 
42 11760 -0.00427246093750000000 0.02258300781250000000 0 0 1 0 8 43 41 49 31 29 37 40 48 
43 11761 -0.00305175781250000000 0.02258300781250000000 0 0 1 0 8 46 44 52 42 40 48 41 49 
44 11762 -0.00183105468750000000 0.02380371093750000000 0 0 1 0 8 45 23 47 41 19 43 22 46 
45 11763 -0.00061035156250000000 0.02380371093750000000 0 0 1 0 8 199 192 201 44 22 46 23 47 
46 11764 -0.00183105468750000000 0.02258300781250000000 0 0 1 0 8 47 45 53 43 41 49 44 52 
47 11765 -0.00061035156250000000 0.02258300781250000000 0 0 1 0 8 201 199 207 46 44 52 45 53 
48 11766 -0.00427246093750000000 0.02136230468750000000 0 0 1 0 8 49 43 51 37 31 39 42 50 
49 11767 -0.00305175781250000000 0.02136230468750000000 0 0 1 0 8 52 46 54 48 42 50 43 51 
50 11768 -0.00427246093750000000 0.02014160156250000000 0 0 1 0 8 51 49 77 39 37 65 48 76 
51 11769 -0.00305175781250000000 0.02014160156250000000 0 0 1 0 8 54 52 80 50 48 76 49 77 
52 11770 -0.00183105468750000000 0.02136230468750000000 0 0 1 0 8 53 47 55 49 43 51 46 54 
53 11771 -0.00061035156250000000 0.02136230468750000000 0 0 1 0 8 207 201 209 52 46 54 47 55 
54 11772 -0.00183105468750000000 0.02014160156250000000 0 0 1 0 8 55 53 81 51 49 77 52 80 
55 11773 -0.00061035156250000000 0.02014160156250000000 0 0 1 0 9 209 207 229 54 52 80 53 81 231 
56 11774 -0.01098632812500000000 0.01831054687500000000 0 0 1 0 10 60 34 62 68 439 427 57 10 58 70 
57 11775 -0.01342773437500000000 0.01586914062500000000 0 0 1 0 8 58 56 59 438 437 440 439 441 
58 11776 -0.01098632812500000000 0.01586914062500000000 0 0 1 0 10 68 62 70 92 57 439 441 56 59 94 
59 11777 -0.01098632812500000000 0.01342773437500000000 0 0 1 0 10 92 70 94 100 441 57 442 58 443 102 
60 11778 -0.00915527343750000000 0.01892089843750000000 0 0 1 0 8 61 35 63 56 10 58 34 62 
61 11779 -0.00793457031250000000 0.01892089843750000000 0 0 1 0 8 64 38 66 60 34 62 35 63 
62 11780 -0.00915527343750000000 0.01770019531250000000 0 0 1 0 8 63 61 69 56 10 58 60 68 
63 11781 -0.00793457031250000000 0.01770019531250000000 0 0 1 0 8 66 64 72 62 60 68 61 69 
64 11782 -0.00671386718750000000 0.01892089843750000000 0 0 1 0 8 65 39 67 61 35 63 38 66 
65 11783 -0.00549316406250000000 0.01892089843750000000 0 0 1 0 8 76 50 78 64 38 66 39 67 
66 11784 -0.00671386718750000000 0.01770019531250000000 0 0 1 0 8 67 65 73 63 61 69 64 72 
67 11785 -0.00549316406250000000 0.01770019531250000000 0 0 1 0 8 78 76 84 66 64 72 65 73 
68 11786 -0.00915527343750000000 0.01647949218750000000 0 0 1 0 8 69 63 71 58 56 59 62 70 
69 11787 -0.00793457031250000000 0.01647949218750000000 0 0 1 0 8 72 66 74 68 62 70 63 71 
70 11788 -0.00915527343750000000 0.01525878906250000000 0 0 1 0 8 71 69 93 58 56 59 68 92 
71 11789 -0.00793457031250000000 0.01525878906250000000 0 0 1 0 8 74 72 96 70 68 92 69 93 
72 11790 -0.00671386718750000000 0.01647949218750000000 0 0 1 0 8 73 67 75 69 63 71 66 74 
73 11791 -0.00549316406250000000 0.01647949218750000000 0 0 1 0 8 84 78 86 72 66 74 67 75 
74 11792 -0.00671386718750000000 0.01525878906250000000 0 0 1 0 8 75 73 97 71 69 93 72 96 
75 11793 -0.00549316406250000000 0.01525878906250000000 0 0 1 0 8 86 84 108 74 72 96 73 97 
76 11794 -0.00427246093750000000 0.01892089843750000000 0 0 1 0 8 77 51 79 65 39 67 50 78 
77 11795 -0.00305175781250000000 0.01892089843750000000 0 0 1 0 8 80 54 82 76 50 78 51 79 
78 11796 -0.00427246093750000000 0.01770019531250000000 0 0 1 0 8 79 77 85 67 65 73 76 84 
79 11797 -0.00305175781250000000 0.01770019531250000000 0 0 1 0 8 82 80 88 78 76 84 77 85 
80 11798 -0.00183105468750000000 0.01892089843750000000 0 0 1 0 8 81 55 83 77 51 79 54 82 
81 11799 -0.00061035156250000000 0.01892089843750000000 0 0 1 0 10 229 209 231 237 80 54 82 55 83 239 
82 11800 -0.00183105468750000000 0.01770019531250000000 0 0 1 0 8 83 81 89 79 77 85 80 88 
83 11801 -0.00061035156250000000 0.01770019531250000000 0 0 1 0 10 237 231 239 261 82 80 88 81 89 263 
84 11802 -0.00427246093750000000 0.01647949218750000000 0 0 1 0 8 85 79 87 73 67 75 78 86 
85 11803 -0.00305175781250000000 0.01647949218750000000 0 0 1 0 8 88 82 90 84 78 86 79 87 
86 11804 -0.00427246093750000000 0.01525878906250000000 0 0 1 0 8 87 85 109 75 73 97 84 108 
87 11805 -0.00305175781250000000 0.01525878906250000000 0 0 1 0 8 90 88 112 86 84 108 85 109 
88 11806 -0.00183105468750000000 0.01647949218750000000 0 0 1 0 8 89 83 91 85 79 87 82 90 
89 11807 -0.00061035156250000000 0.01647949218750000000 0 0 1 0 10 261 239 263 269 88 82 90 83 91 271 
90 11808 -0.00183105468750000000 0.01525878906250000000 0 0 1 0 8 91 89 113 87 85 109 88 112 
91 11809 -0.00061035156250000000 0.01525878906250000000 0 0 1 0 10 269 263 271 344 90 88 112 89 113 346 
92 11810 -0.00915527343750000000 0.01403808593750000000 0 0 1 0 8 93 71 95 59 58 443 70 94 
93 11811 -0.00793457031250000000 0.01403808593750000000 0 0 1 0 8 96 74 98 92 70 94 71 95 
94 11812 -0.00915527343750000000 0.01281738281250000000 0 0 1 0 8 95 93 101 59 58 443 92 100 
95 11813 -0.00793457031250000000 0.01281738281250000000 0 0 1 0 8 98 96 104 94 92 100 93 101 
96 11814 -0.00671386718750000000 0.01403808593750000000 0 0 1 0 8 97 75 99 93 71 95 74 98 
97 11815 -0.00549316406250000000 0.01403808593750000000 0 0 1 0 8 108 86 110 96 74 98 75 99 
98 11816 -0.00671386718750000000 0.01281738281250000000 0 0 1 0 8 99 97 105 95 93 101 96 104 
99 11817 -0.00549316406250000000 0.01281738281250000000 0 0 1 0 8 110 108 116 98 96 104 97 105 
100 11818 -0.00915527343750000000 0.01159667968750000000 0 0 1 0 8 101 95 103 443 59 444 94 102 
101 11819 -0.00793457031250000000 0.01159667968750000000 0 0 1 0 8 104 98 106 100 94 102 95 103 
102 11820 -0.00915527343750000000 0.01037597656250000000 0 0 1 0 8 103 101 446 443 59 444 100 445 
103 11821 -0.00793457031250000000 0.01037597656250000000 0 0 1 0 8 106 104 124 102 100 445 101 446 
104 11822 -0.00671386718750000000 0.01159667968750000000 0 0 1 0 8 105 99 107 101 95 103 98 106 
105 11823 -0.00549316406250000000 0.01159667968750000000 0 0 1 0 8 116 110 118 104 98 106 99 107 
106 11824 -0.00671386718750000000 0.01037597656250000000 0 0 1 0 8 107 105 125 103 101 446 104 124 
107 11825 -0.00549316406250000000 0.01037597656250000000 0 0 1 0 9 118 116 127 106 104 124 105 125 129 
108 11826 -0.00427246093750000000 0.01403808593750000000 0 0 1 0 8 109 87 111 97 75 99 86 110 
109 11827 -0.00305175781250000000 0.01403808593750000000 0 0 1 0 8 112 90 114 108 86 110 87 111 
110 11828 -0.00427246093750000000 0.01281738281250000000 0 0 1 0 8 111 109 117 99 97 105 108 116 
111 11829 -0.00305175781250000000 0.01281738281250000000 0 0 1 0 8 114 112 120 110 108 116 109 117 
112 11830 -0.00183105468750000000 0.01403808593750000000 0 0 1 0 8 113 91 115 109 87 111 90 114 
113 11831 -0.00061035156250000000 0.01403808593750000000 0 0 1 0 10 344 271 346 352 112 90 114 91 115 354 
114 11832 -0.00183105468750000000 0.01281738281250000000 0 0 1 0 8 115 113 121 111 109 117 112 120 
115 11833 -0.00061035156250000000 0.01281738281250000000 0 0 1 0 10 352 346 354 376 114 112 120 113 121 378 
116 11834 -0.00427246093750000000 0.01159667968750000000 0 0 1 0 8 117 111 119 105 99 107 110 118 
117 11835 -0.00305175781250000000 0.01159667968750000000 0 0 1 0 8 120 114 122 116 110 118 111 119 
118 11836 -0.00427246093750000000 0.01037597656250000000 0 0 1 0 10 119 117 131 107 105 125 116 127 128 133 
119 11837 -0.00305175781250000000 0.01037597656250000000 0 0 1 0 11 122 120 143 118 116 128 117 131 130 132 145 
120 11838 -0.00183105468750000000 0.01159667968750000000 0 0 1 0 8 121 115 123 117 111 119 114 122 
121 11839 -0.00061035156250000000 0.01159667968750000000 0 0 1 0 10 376 354 378 384 120 114 122 115 123 386 
122 11840 -0.00183105468750000000 0.01037597656250000000 0 0 1 0 11 123 121 147 119 117 132 120 143 134 144 149 
123 11841 -0.00061035156250000000 0.01037597656250000000 0 0 1 0 11 384 378 386 417 122 120 144 121 147 146 148 
124 11842 -0.00671386718750000000 0.00915527343750000000 0 0 1 0 8 125 107 126 446 103 447 106 448 
125 11843 -0.00549316406250000000 0.00915527343750000000 0 0 1 0 10 127 118 129 135 124 106 448 107 126 137 
126 11844 -0.00549316406250000000 0.00793457031250000000 0 0 1 0 10 135 129 137 159 448 124 449 125 450 161 
127 11845 -0.00457763671875000000 0.00946044921875000000 0 0 1 0 8 128 118 130 125 107 126 119 129 
128 11846 -0.00396728515625000000 0.00946044921875000000 0 0 1 0 8 131 119 133 127 118 129 107 130 
129 11847 -0.00457763671875000000 0.00885009765625000000 0 0 1 0 8 130 128 136 125 107 126 127 135 
130 11848 -0.00396728515625000000 0.00885009765625000000 0 0 1 0 8 133 131 139 129 127 135 128 136 
131 11849 -0.00335693359375000000 0.00946044921875000000 0 0 1 0 8 132 119 134 128 118 130 122 133 
132 11850 -0.00274658203125000000 0.00946044921875000000 0 0 1 0 8 143 122 145 131 119 133 118 134 
133 11851 -0.00335693359375000000 0.00885009765625000000 0 0 1 0 8 134 132 140 130 128 136 131 139 
134 11852 -0.00274658203125000000 0.00885009765625000000 0 0 1 0 8 145 143 151 133 131 139 132 140 
135 11853 -0.00457763671875000000 0.00823974609375000000 0 0 1 0 8 136 130 138 126 125 450 129 137 
136 11854 -0.00396728515625000000 0.00823974609375000000 0 0 1 0 8 139 133 141 135 129 137 130 138 
137 11855 -0.00457763671875000000 0.00762939453125000000 0 0 1 0 8 138 136 160 126 125 450 135 159 
138 11856 -0.00396728515625000000 0.00762939453125000000 0 0 1 0 8 141 139 163 137 135 159 136 160 
139 11857 -0.00335693359375000000 0.00823974609375000000 0 0 1 0 8 140 134 142 136 130 138 133 141 
140 11858 -0.00274658203125000000 0.00823974609375000000 0 0 1 0 8 151 145 153 139 133 141 134 142 
141 11859 -0.00335693359375000000 0.00762939453125000000 0 0 1 0 8 142 140 164 138 136 160 139 163 
142 11860 -0.00274658203125000000 0.00762939453125000000 0 0 1 0 8 153 151 172 141 139 163 140 164 
143 11861 -0.00213623046875000000 0.00946044921875000000 0 0 1 0 8 144 122 146 132 119 134 123 145 
144 11862 -0.00152587890625000000 0.00946044921875000000 0 0 1 0 8 147 123 149 143 122 145 119 146 
145 11863 -0.00213623046875000000 0.00885009765625000000 0 0 1 0 8 146 144 152 134 132 140 143 151 
146 11864 -0.00152587890625000000 0.00885009765625000000 0 0 1 0 8 149 147 155 145 143 151 144 152 
147 11865 -0.00091552734375000000 0.00946044921875000000 0 0 1 0 7 148 123 150 144 122 146 149 
148 11866 -0.00030517578125000000 0.00946044921875000000 0 0 1 0 7 417 419 147 123 149 122 150 
149 11867 -0.00091552734375000000 0.00885009765625000000 0 0 1 0 8 150 148 156 146 144 152 147 155 
150 11868 -0.00030517578125000000 0.00885009765625000000 0 0 1 0 7 417 419 149 147 155 148 156 
151 11869 -0.00213623046875000000 0.00823974609375000000 0 0 1 0 8 152 146 154 140 134 142 145 153 
152 11870 -0.00152587890625000000 0.00823974609375000000 0 0 1 0 8 155 149 157 151 145 153 146 154 
153 11871 -0.00213623046875000000 0.00762939453125000000 0 0 1 0 8 154 152 173 142 140 164 151 172 
154 11872 -0.00152587890625000000 0.00762939453125000000 0 0 1 0 8 157 155 176 153 151 172 152 173 
155 11873 -0.00091552734375000000 0.00823974609375000000 0 0 1 0 8 156 150 158 152 146 154 149 157 
156 11874 -0.00030517578125000000 0.00823974609375000000 0 0 1 0 8 419 417 420 155 149 157 150 158 
157 11875 -0.00091552734375000000 0.00762939453125000000 0 0 1 0 8 158 156 177 154 152 173 155 176 
158 11876 -0.00030517578125000000 0.00762939453125000000 0 0 1 0 8 419 417 420 157 155 176 156 177 
159 11877 -0.00457763671875000000 0.00701904296875000000 0 0 1 0 8 160 138 162 450 126 451 137 161 
160 11878 -0.00396728515625000000 0.00701904296875000000 0 0 1 0 8 163 141 165 159 137 161 138 162 
161 11879 -0.00457763671875000000 0.00640869140625000000 0 0 1 0 8 162 160 167 450 126 451 159 452 
162 11880 -0.00396728515625000000 0.00640869140625000000 0 0 1 0 8 165 163 168 161 159 452 160 167 
163 11881 -0.00335693359375000000 0.00701904296875000000 0 0 1 0 8 164 142 166 160 138 162 141 165 
164 11882 -0.00274658203125000000 0.00701904296875000000 0 0 1 0 8 172 153 174 163 141 165 142 166 
165 11883 -0.00335693359375000000 0.00640869140625000000 0 0 1 0 8 166 164 169 162 160 167 163 168 
166 11884 -0.00274658203125000000 0.00640869140625000000 0 0 1 0 8 174 172 180 165 163 168 164 169 
167 11885 -0.00396728515625000000 0.00579833984375000000 0 0 1 0 8 168 165 170 452 161 453 162 454 
168 11886 -0.00335693359375000000 0.00579833984375000000 0 0 1 0 8 169 166 171 167 162 454 165 170 
169 11887 -0.00274658203125000000 0.00579833984375000000 0 0 1 0 8 180 174 182 168 165 170 166 171 
170 11888 -0.00335693359375000000 0.00518798828125000000 0 0 1 0 8 171 169 457 454 167 455 168 456 
171 11889 -0.00274658203125000000 0.00518798828125000000 0 0 1 0 8 182 180 458 170 168 456 169 457 
172 11890 -0.00213623046875000000 0.00701904296875000000 0 0 1 0 8 173 154 175 164 142 166 153 174 
173 11891 -0.00152587890625000000 0.00701904296875000000 0 0 1 0 8 176 157 178 172 153 174 154 175 
174 11892 -0.00213623046875000000 0.00640869140625000000 0 0 1 0 8 175 173 181 166 164 169 172 180 
175 11893 -0.00152587890625000000 0.00640869140625000000 0 0 1 0 8 178 176 184 174 172 180 173 181 
176 11894 -0.00091552734375000000 0.00701904296875000000 0 0 1 0 8 177 158 179 173 154 175 157 178 
177 11895 -0.00030517578125000000 0.00701904296875000000 0 0 1 0 8 420 419 1 176 157 178 158 179 
178 11896 -0.00091552734375000000 0.00640869140625000000 0 0 1 0 8 179 177 185 175 173 181 176 184 
179 11897 -0.00030517578125000000 0.00640869140625000000 0 0 1 0 8 420 419 1 178 176 184 177 185 
180 11898 -0.00213623046875000000 0.00579833984375000000 0 0 1 0 8 181 175 183 169 166 171 174 182 
181 11899 -0.00152587890625000000 0.00579833984375000000 0 0 1 0 8 184 178 186 180 174 182 175 183 
182 11900 -0.00213623046875000000 0.00518798828125000000 0 0 1 0 8 183 181 459 171 169 457 180 458 
183 11901 -0.00152587890625000000 0.00518798828125000000 0 0 1 0 8 186 184 460 182 180 458 181 459 
184 11902 -0.00091552734375000000 0.00579833984375000000 0 0 1 0 8 185 179 187 181 175 183 178 186 
185 11903 -0.00030517578125000000 0.00579833984375000000 0 0 1 0 8 1 420 421 184 178 186 179 187 
186 11904 -0.00091552734375000000 0.00518798828125000000 0 0 1 0 8 187 185 461 183 181 459 184 460 
187 11905 -0.00030517578125000000 0.00518798828125000000 0 0 1 0 8 1 420 421 186 184 460 185 461 
188 11906 0.00183105468750000000 0.02746582031250000000 0 0 1 0 8 189 466 194 465 463 190 464 191 
189 11907 0.00305175781250000000 0.02746582031250000000 0 0 1 0 8 468 467 195 188 464 191 466 194 
190 11908 0.00061035156250000000 0.02624511718750000000 0 0 1 0 8 191 188 193 21 436 23 465 192 
191 11909 0.00183105468750000000 0.02624511718750000000 0 0 1 0 8 194 189 196 190 465 192 188 193 
192 11910 0.00061035156250000000 0.02502441406250000000 0 0 1 0 8 193 191 200 23 21 45 190 199 
193 11911 0.00183105468750000000 0.02502441406250000000 0 0 1 0 8 196 194 203 192 190 199 191 200 
194 11912 0.00305175781250000000 0.02624511718750000000 0 0 1 0 8 195 468 197 191 188 193 189 196 
195 11913 0.00427246093750000000 0.02624511718750000000 0 0 1 0 8 470 469 198 194 189 196 468 197 
196 11914 0.00305175781250000000 0.02502441406250000000 0 0 1 0 8 197 195 204 193 191 200 194 203 
197 11915 0.00427246093750000000 0.02502441406250000000 0 0 1 0 8 198 470 215 196 194 203 195 204 
198 11916 0.00549316406250000000 0.02502441406250000000 0 0 1 0 8 472 471 216 197 195 204 470 215 
199 11917 0.00061035156250000000 0.02380371093750000000 0 0 1 0 8 200 193 202 45 23 47 192 201 
200 11918 0.00183105468750000000 0.02380371093750000000 0 0 1 0 8 203 196 205 199 192 201 193 202 
201 11919 0.00061035156250000000 0.02258300781250000000 0 0 1 0 8 202 200 208 47 45 53 199 207 
202 11920 0.00183105468750000000 0.02258300781250000000 0 0 1 0 8 205 203 211 201 199 207 200 208 
203 11921 0.00305175781250000000 0.02380371093750000000 0 0 1 0 8 204 197 206 200 193 202 196 205 
204 11922 0.00427246093750000000 0.02380371093750000000 0 0 1 0 8 215 198 217 203 196 205 197 206 
205 11923 0.00305175781250000000 0.02258300781250000000 0 0 1 0 8 206 204 212 202 200 208 203 211 
206 11924 0.00427246093750000000 0.02258300781250000000 0 0 1 0 8 217 215 220 205 203 211 204 212 
207 11925 0.00061035156250000000 0.02136230468750000000 0 0 1 0 8 208 202 210 53 47 55 201 209 
208 11926 0.00183105468750000000 0.02136230468750000000 0 0 1 0 8 211 205 213 207 201 209 202 210 
209 11927 0.00061035156250000000 0.02014160156250000000 0 0 1 0 10 210 208 233 55 53 81 207 229 230 235 
210 11928 0.00183105468750000000 0.02014160156250000000 0 0 1 0 11 213 211 245 209 207 230 208 233 232 234 247 
211 11929 0.00305175781250000000 0.02136230468750000000 0 0 1 0 8 212 206 214 208 202 210 205 213 
212 11930 0.00427246093750000000 0.02136230468750000000 0 0 1 0 8 220 217 222 211 205 213 206 214 
213 11931 0.00305175781250000000 0.02014160156250000000 0 0 1 0 11 214 212 249 210 208 234 211 245 236 246 251 
214 11932 0.00427246093750000000 0.02014160156250000000 0 0 1 0 11 222 220 293 213 211 246 212 249 248 250 295 
215 11933 0.00549316406250000000 0.02380371093750000000 0 0 1 0 8 216 472 218 204 197 206 198 217 
216 11934 0.00671386718750000000 0.02380371093750000000 0 0 1 0 8 474 473 219 215 198 217 472 218 
217 11935 0.00549316406250000000 0.02258300781250000000 0 0 1 0 8 218 216 221 206 204 212 215 220 
218 11936 0.00671386718750000000 0.02258300781250000000 0 0 1 0 8 219 474 224 217 215 220 216 221 
219 11937 0.00793457031250000000 0.02258300781250000000 0 0 1 0 8 476 475 225 218 216 221 474 224 
220 11938 0.00549316406250000000 0.02136230468750000000 0 0 1 0 8 221 218 223 212 206 214 217 222 
221 11939 0.00671386718750000000 0.02136230468750000000 0 0 1 0 8 224 219 226 220 217 222 218 223 
222 11940 0.00549316406250000000 0.02014160156250000000 0 0 1 0 11 223 221 297 214 212 250 220 293 252 294 299 
223 11941 0.00671386718750000000 0.02014160156250000000 0 0 1 0 11 226 224 309 222 220 294 221 297 296 298 311 
224 11942 0.00793457031250000000 0.02136230468750000000 0 0 1 0 8 225 476 227 221 218 223 219 226 
225 11943 0.00915527343750000000 0.02136230468750000000 0 0 1 0 8 478 477 228 224 219 226 476 227 
226 11944 0.00793457031250000000 0.02014160156250000000 0 0 1 0 11 227 225 313 223 221 298 224 309 300 310 315 
227 11945 0.00915527343750000000 0.02014160156250000000 0 0 1 0 10 228 478 415 226 224 310 225 313 312 314 
228 11946 0.01037597656250000000 0.02014160156250000000 0 0 1 0 9 480 479 416 227 225 314 478 415 316 
229 11947 0.00030517578125000000 0.01922607421875000000 0 0 1 0 8 230 209 232 81 55 83 210 231 
230 11948 0.00091552734375000000 0.01922607421875000000 0 0 1 0 8 233 210 235 229 209 231 55 232 
231 11949 0.00030517578125000000 0.01861572265625000000 0 0 1 0 8 232 230 238 81 55 83 229 237 
232 11950 0.00091552734375000000 0.01861572265625000000 0 0 1 0 8 235 233 241 231 229 237 230 238 
233 11951 0.00152587890625000000 0.01922607421875000000 0 0 1 0 8 234 210 236 230 209 232 213 235 
234 11952 0.00213623046875000000 0.01922607421875000000 0 0 1 0 8 245 213 247 233 210 235 209 236 
235 11953 0.00152587890625000000 0.01861572265625000000 0 0 1 0 8 236 234 242 232 230 238 233 241 
236 11954 0.00213623046875000000 0.01861572265625000000 0 0 1 0 8 247 245 253 235 233 241 234 242 
237 11955 0.00030517578125000000 0.01800537109375000000 0 0 1 0 8 238 232 240 83 81 89 231 239 
238 11956 0.00091552734375000000 0.01800537109375000000 0 0 1 0 8 241 235 243 237 231 239 232 240 
239 11957 0.00030517578125000000 0.01739501953125000000 0 0 1 0 8 240 238 262 83 81 89 237 261 
240 11958 0.00091552734375000000 0.01739501953125000000 0 0 1 0 8 243 241 265 239 237 261 238 262 
241 11959 0.00152587890625000000 0.01800537109375000000 0 0 1 0 8 242 236 244 238 232 240 235 243 
242 11960 0.00213623046875000000 0.01800537109375000000 0 0 1 0 8 253 247 255 241 235 243 236 244 
243 11961 0.00152587890625000000 0.01739501953125000000 0 0 1 0 8 244 242 266 240 238 262 241 265 
244 11962 0.00213623046875000000 0.01739501953125000000 0 0 1 0 8 255 253 277 243 241 265 242 266 
245 11963 0.00274658203125000000 0.01922607421875000000 0 0 1 0 8 246 213 248 234 210 236 214 247 
246 11964 0.00335693359375000000 0.01922607421875000000 0 0 1 0 8 249 214 251 245 213 247 210 248 
247 11965 0.00274658203125000000 0.01861572265625000000 0 0 1 0 8 248 246 254 236 234 242 245 253 
248 11966 0.00335693359375000000 0.01861572265625000000 0 0 1 0 8 251 249 257 247 245 253 246 254 
249 11967 0.00396728515625000000 0.01922607421875000000 0 0 1 0 8 250 214 252 246 213 248 222 251 
250 11968 0.00457763671875000000 0.01922607421875000000 0 0 1 0 8 293 222 295 249 214 251 213 252 
251 11969 0.00396728515625000000 0.01861572265625000000 0 0 1 0 8 252 250 258 248 246 254 249 257 
252 11970 0.00457763671875000000 0.01861572265625000000 0 0 1 0 8 295 293 301 251 249 257 250 258 
253 11971 0.00274658203125000000 0.01800537109375000000 0 0 1 0 8 254 248 256 242 236 244 247 255 
254 11972 0.00335693359375000000 0.01800537109375000000 0 0 1 0 8 257 251 259 253 247 255 248 256 
255 11973 0.00274658203125000000 0.01739501953125000000 0 0 1 0 8 256 254 278 244 242 266 253 277 
256 11974 0.00335693359375000000 0.01739501953125000000 0 0 1 0 8 259 257 281 255 253 277 254 278 
257 11975 0.00396728515625000000 0.01800537109375000000 0 0 1 0 8 258 252 260 254 248 256 251 259 
258 11976 0.00457763671875000000 0.01800537109375000000 0 0 1 0 8 301 295 303 257 251 259 252 260 
259 11977 0.00396728515625000000 0.01739501953125000000 0 0 1 0 8 260 258 282 256 254 278 257 281 
260 11978 0.00457763671875000000 0.01739501953125000000 0 0 1 0 8 303 301 325 259 257 281 258 282 
261 11979 0.00030517578125000000 0.01678466796875000000 0 0 1 0 8 262 240 264 89 83 91 239 263 
262 11980 0.00091552734375000000 0.01678466796875000000 0 0 1 0 8 265 243 267 261 239 263 240 264 
263 11981 0.00030517578125000000 0.01617431640625000000 0 0 1 0 8 264 262 270 89 83 91 261 269 
264 11982 0.00091552734375000000 0.01617431640625000000 0 0 1 0 8 267 265 273 263 261 269 262 270 
265 11983 0.00152587890625000000 0.01678466796875000000 0 0 1 0 8 266 244 268 262 240 264 243 267 
266 11984 0.00213623046875000000 0.01678466796875000000 0 0 1 0 8 277 255 279 265 243 267 244 268 
267 11985 0.00152587890625000000 0.01617431640625000000 0 0 1 0 8 268 266 274 264 262 270 265 273 
268 11986 0.00213623046875000000 0.01617431640625000000 0 0 1 0 8 279 277 285 267 265 273 266 274 
269 11987 0.00030517578125000000 0.01556396484375000000 0 0 1 0 8 270 264 272 91 89 113 263 271 
270 11988 0.00091552734375000000 0.01556396484375000000 0 0 1 0 8 273 267 275 269 263 271 264 272 
271 11989 0.00030517578125000000 0.01495361328125000000 0 0 1 0 8 272 270 345 91 89 113 269 344 
272 11990 0.00091552734375000000 0.01495361328125000000 0 0 1 0 8 275 273 348 271 269 344 270 345 
273 11991 0.00152587890625000000 0.01556396484375000000 0 0 1 0 8 274 268 276 270 264 272 267 275 
274 11992 0.00213623046875000000 0.01556396484375000000 0 0 1 0 8 285 279 287 273 267 275 268 276 
275 11993 0.00152587890625000000 0.01495361328125000000 0 0 1 0 8 276 274 349 272 270 345 273 348 
276 11994 0.00213623046875000000 0.01495361328125000000 0 0 1 0 8 287 285 360 275 273 348 274 349 
277 11995 0.00274658203125000000 0.01678466796875000000 0 0 1 0 8 278 256 280 266 244 268 255 279 
278 11996 0.00335693359375000000 0.01678466796875000000 0 0 1 0 8 281 259 283 277 255 279 256 280 
279 11997 0.00274658203125000000 0.01617431640625000000 0 0 1 0 8 280 278 286 268 266 274 277 285 
280 11998 0.00335693359375000000 0.01617431640625000000 0 0 1 0 8 283 281 289 279 277 285 278 286 
281 11999 0.00396728515625000000 0.01678466796875000000 0 0 1 0 8 282 260 284 278 256 280 259 283 
282 12000 0.00457763671875000000 0.01678466796875000000 0 0 1 0 8 325 303 327 281 259 283 260 284 
283 12001 0.00396728515625000000 0.01617431640625000000 0 0 1 0 8 284 282 290 280 278 286 281 289 
284 12002 0.00457763671875000000 0.01617431640625000000 0 0 1 0 8 327 325 333 283 281 289 282 290 
285 12003 0.00274658203125000000 0.01556396484375000000 0 0 1 0 8 286 280 288 274 268 276 279 287 
286 12004 0.00335693359375000000 0.01556396484375000000 0 0 1 0 8 289 283 291 285 279 287 280 288 
287 12005 0.00274658203125000000 0.01495361328125000000 0 0 1 0 8 288 286 361 276 274 349 285 360 
288 12006 0.00335693359375000000 0.01495361328125000000 0 0 1 0 8 291 289 364 287 285 360 286 361 
289 12007 0.00396728515625000000 0.01556396484375000000 0 0 1 0 8 290 284 292 286 280 288 283 291 
290 12008 0.00457763671875000000 0.01556396484375000000 0 0 1 0 8 333 327 335 289 283 291 284 292 
291 12009 0.00396728515625000000 0.01495361328125000000 0 0 1 0 8 292 290 365 288 286 361 289 364 
292 12010 0.00457763671875000000 0.01495361328125000000 0 0 1 0 9 335 333 395 291 289 364 290 365 397 
293 12011 0.00518798828125000000 0.01922607421875000000 0 0 1 0 8 294 222 296 250 214 252 223 295 
294 12012 0.00579833984375000000 0.01922607421875000000 0 0 1 0 8 297 223 299 293 222 295 214 296 
295 12013 0.00518798828125000000 0.01861572265625000000 0 0 1 0 8 296 294 302 252 250 258 293 301 
296 12014 0.00579833984375000000 0.01861572265625000000 0 0 1 0 8 299 297 305 295 293 301 294 302 
297 12015 0.00640869140625000000 0.01922607421875000000 0 0 1 0 8 298 223 300 294 222 296 226 299 
298 12016 0.00701904296875000000 0.01922607421875000000 0 0 1 0 8 309 226 311 297 223 299 222 300 
299 12017 0.00640869140625000000 0.01861572265625000000 0 0 1 0 8 300 298 306 296 294 302 297 305 
300 12018 0.00701904296875000000 0.01861572265625000000 0 0 1 0 8 311 309 317 299 297 305 298 306 
301 12019 0.00518798828125000000 0.01800537109375000000 0 0 1 0 8 302 296 304 258 252 260 295 303 
302 12020 0.00579833984375000000 0.01800537109375000000 0 0 1 0 8 305 299 307 301 295 303 296 304 
303 12021 0.00518798828125000000 0.01739501953125000000 0 0 1 0 8 304 302 326 260 258 282 301 325 
304 12022 0.00579833984375000000 0.01739501953125000000 0 0 1 0 8 307 305 329 303 301 325 302 326 
305 12023 0.00640869140625000000 0.01800537109375000000 0 0 1 0 8 306 300 308 302 296 304 299 307 
306 12024 0.00701904296875000000 0.01800537109375000000 0 0 1 0 8 317 311 319 305 299 307 300 308 
307 12025 0.00640869140625000000 0.01739501953125000000 0 0 1 0 8 308 306 330 304 302 326 305 329 
308 12026 0.00701904296875000000 0.01739501953125000000 0 0 1 0 8 319 317 341 307 305 329 306 330 
309 12027 0.00762939453125000000 0.01922607421875000000 0 0 1 0 8 310 226 312 298 223 300 227 311 
310 12028 0.00823974609375000000 0.01922607421875000000 0 0 1 0 8 313 227 315 309 226 311 223 312 
311 12029 0.00762939453125000000 0.01861572265625000000 0 0 1 0 8 312 310 318 300 298 306 309 317 
312 12030 0.00823974609375000000 0.01861572265625000000 0 0 1 0 8 315 313 321 311 309 317 310 318 
313 12031 0.00885009765625000000 0.01922607421875000000 0 0 1 0 8 314 227 316 310 226 312 228 315 
314 12032 0.00946044921875000000 0.01922607421875000000 0 0 1 0 8 415 228 8 313 227 315 226 316 
315 12033 0.00885009765625000000 0.01861572265625000000 0 0 1 0 8 316 314 322 312 310 318 313 321 
316 12034 0.00946044921875000000 0.01861572265625000000 0 0 1 0 8 415 228 8 315 313 321 314 322 
317 12035 0.00762939453125000000 0.01800537109375000000 0 0 1 0 8 318 312 320 306 300 308 311 319 
318 12036 0.00823974609375000000 0.01800537109375000000 0 0 1 0 8 321 315 323 317 311 319 312 320 
319 12037 0.00762939453125000000 0.01739501953125000000 0 0 1 0 8 320 318 341 308 306 330 317 342 
320 12038 0.00823974609375000000 0.01739501953125000000 0 0 1 0 7 323 321 342 319 317 341 318 
321 12039 0.00885009765625000000 0.01800537109375000000 0 0 1 0 8 322 316 324 318 312 320 315 323 
322 12040 0.00946044921875000000 0.01800537109375000000 0 0 1 0 7 8 415 321 315 323 316 324 
323 12041 0.00885009765625000000 0.01739501953125000000 0 0 1 0 7 324 322 342 320 318 341 321 
324 12042 0.00946044921875000000 0.01739501953125000000 0 0 1 0 7 8 415 323 321 342 322 341 
325 12043 0.00518798828125000000 0.01678466796875000000 0 0 1 0 8 326 304 328 282 260 284 303 327 
326 12044 0.00579833984375000000 0.01678466796875000000 0 0 1 0 8 329 307 331 325 303 327 304 328 
327 12045 0.00518798828125000000 0.01617431640625000000 0 0 1 0 8 328 326 334 284 282 290 325 333 
328 12046 0.00579833984375000000 0.01617431640625000000 0 0 1 0 8 331 329 337 327 325 333 326 334 
329 12047 0.00640869140625000000 0.01678466796875000000 0 0 1 0 8 330 308 332 326 304 328 307 331 
330 12048 0.00701904296875000000 0.01678466796875000000 0 0 1 0 8 341 343 329 307 331 308 319 332 
331 12049 0.00640869140625000000 0.01617431640625000000 0 0 1 0 8 332 330 338 328 326 334 329 337 
332 12050 0.00701904296875000000 0.01617431640625000000 0 0 1 0 7 341 343 331 329 337 330 338 
333 12051 0.00518798828125000000 0.01556396484375000000 0 0 1 0 8 334 328 336 290 284 292 327 335 
334 12052 0.00579833984375000000 0.01556396484375000000 0 0 1 0 8 337 331 339 333 327 335 328 336 
335 12053 0.00518798828125000000 0.01495361328125000000 0 0 1 0 10 336 334 399 292 290 365 333 395 396 401 
336 12054 0.00579833984375000000 0.01495361328125000000 0 0 1 0 10 339 337 411 335 333 396 334 399 398 400 
337 12055 0.00640869140625000000 0.01556396484375000000 0 0 1 0 8 338 332 340 334 328 336 331 339 
338 12056 0.00701904296875000000 0.01556396484375000000 0 0 1 0 7 343 341 337 331 339 332 340 
339 12057 0.00640869140625000000 0.01495361328125000000 0 0 1 0 9 340 338 6 336 334 400 337 411 402 
340 12058 0.00701904296875000000 0.01495361328125000000 0 0 1 0 7 343 341 339 337 411 338 6 
341 12059 0.00793457031250000000 0.01647949218750000000 0 0 1 0 11 342 323 7 330 308 332 338 320 319 343 340 
342 12060 0.00915527343750000000 0.01647949218750000000 0 0 1 0 7 8 341 320 343 324 323 7 
343 12061 0.00793457031250000000 0.01525878906250000000 0 0 1 0 8 6 341 339 342 7 340 332 338 
344 12062 0.00030517578125000000 0.01434326171875000000 0 0 1 0 8 345 272 347 113 91 115 271 346 
345 12063 0.00091552734375000000 0.01434326171875000000 0 0 1 0 8 348 275 350 344 271 346 272 347 
346 12064 0.00030517578125000000 0.01373291015625000000 0 0 1 0 8 347 345 353 113 91 115 344 352 
347 12065 0.00091552734375000000 0.01373291015625000000 0 0 1 0 8 350 348 356 346 344 352 345 353 
348 12066 0.00152587890625000000 0.01434326171875000000 0 0 1 0 8 349 276 351 345 272 347 275 350 
349 12067 0.00213623046875000000 0.01434326171875000000 0 0 1 0 8 360 287 362 348 275 350 276 351 
350 12068 0.00152587890625000000 0.01373291015625000000 0 0 1 0 8 351 349 357 347 345 353 348 356 
351 12069 0.00213623046875000000 0.01373291015625000000 0 0 1 0 8 362 360 368 350 348 356 349 357 
352 12070 0.00030517578125000000 0.01312255859375000000 0 0 1 0 8 353 347 355 115 113 121 346 354 
353 12071 0.00091552734375000000 0.01312255859375000000 0 0 1 0 8 356 350 358 352 346 354 347 355 
354 12072 0.00030517578125000000 0.01251220703125000000 0 0 1 0 8 355 353 377 115 113 121 352 376 
355 12073 0.00091552734375000000 0.01251220703125000000 0 0 1 0 8 358 356 380 354 352 376 353 377 
356 12074 0.00152587890625000000 0.01312255859375000000 0 0 1 0 8 357 351 359 353 347 355 350 358 
357 12075 0.00213623046875000000 0.01312255859375000000 0 0 1 0 8 368 362 370 356 350 358 351 359 
358 12076 0.00152587890625000000 0.01251220703125000000 0 0 1 0 8 359 357 381 355 353 377 356 380 
359 12077 0.00213623046875000000 0.01251220703125000000 0 0 1 0 8 370 368 392 358 356 380 357 381 
360 12078 0.00274658203125000000 0.01434326171875000000 0 0 1 0 8 361 288 363 349 276 351 287 362 
361 12079 0.00335693359375000000 0.01434326171875000000 0 0 1 0 8 364 291 366 360 287 362 288 363 
362 12080 0.00274658203125000000 0.01373291015625000000 0 0 1 0 8 363 361 369 351 349 357 360 368 
363 12081 0.00335693359375000000 0.01373291015625000000 0 0 1 0 8 366 364 372 362 360 368 361 369 
364 12082 0.00396728515625000000 0.01434326171875000000 0 0 1 0 8 365 292 367 361 288 363 291 366 
365 12083 0.00457763671875000000 0.01434326171875000000 0 0 1 0 10 395 335 397 403 364 291 366 292 367 405 
366 12084 0.00396728515625000000 0.01373291015625000000 0 0 1 0 8 367 365 373 363 361 369 364 372 
367 12085 0.00457763671875000000 0.01373291015625000000 0 0 1 0 9 403 397 405 413 366 364 372 365 373 
368 12086 0.00274658203125000000 0.01312255859375000000 0 0 1 0 8 369 363 371 357 351 359 362 370 
369 12087 0.00335693359375000000 0.01312255859375000000 0 0 1 0 8 372 366 374 368 362 370 363 371 
370 12088 0.00274658203125000000 0.01251220703125000000 0 0 1 0 8 371 369 392 359 357 381 368 393 
371 12089 0.00335693359375000000 0.01251220703125000000 0 0 1 0 7 374 372 393 370 368 392 369 
372 12090 0.00396728515625000000 0.01312255859375000000 0 0 1 0 8 373 367 375 369 363 371 366 374 
373 12091 0.00457763671875000000 0.01312255859375000000 0 0 1 0 8 413 405 5 372 366 374 367 375 
374 12092 0.00396728515625000000 0.01251220703125000000 0 0 1 0 7 375 373 393 371 369 392 372 
375 12093 0.00457763671875000000 0.01251220703125000000 0 0 1 0 7 5 413 374 372 393 373 392 
376 12094 0.00030517578125000000 0.01190185546875000000 0 0 1 0 8 377 355 379 121 115 123 354 378 
377 12095 0.00091552734375000000 0.01190185546875000000 0 0 1 0 8 380 358 382 376 354 378 355 379 
378 12096 0.00030517578125000000 0.01129150390625000000 0 0 1 0 8 379 377 385 121 115 123 376 384 
379 12097 0.00091552734375000000 0.01129150390625000000 0 0 1 0 8 382 380 388 378 376 384 377 385 
380 12098 0.00152587890625000000 0.01190185546875000000 0 0 1 0 8 381 359 383 377 355 379 358 382 
381 12099 0.00213623046875000000 0.01190185546875000000 0 0 1 0 8 392 394 380 358 382 359 370 383 
382 12100 0.00152587890625000000 0.01129150390625000000 0 0 1 0 8 383 381 389 379 377 385 380 388 
383 12101 0.00213623046875000000 0.01129150390625000000 0 0 1 0 7 392 394 382 380 388 381 389 
384 12102 0.00030517578125000000 0.01068115234375000000 0 0 1 0 7 385 379 387 123 121 378 386 
385 12103 0.00091552734375000000 0.01068115234375000000 0 0 1 0 8 388 382 390 384 378 386 379 387 
386 12104 0.00030517578125000000 0.01007080078125000000 0 0 1 0 7 387 385 417 123 121 384 418 
387 12105 0.00091552734375000000 0.01007080078125000000 0 0 1 0 7 390 388 418 386 384 417 385 
388 12106 0.00152587890625000000 0.01068115234375000000 0 0 1 0 8 389 383 391 385 379 387 382 390 
389 12107 0.00213623046875000000 0.01068115234375000000 0 0 1 0 8 394 392 3 388 382 390 383 391 
390 12108 0.00152587890625000000 0.01007080078125000000 0 0 1 0 8 391 389 418 387 385 417 388 3 
391 12109 0.00213623046875000000 0.01007080078125000000 0 0 1 0 8 394 392 3 390 388 418 389 417 
392 12110 0.00305175781250000000 0.01159667968750000000 0 0 1 0 11 393 374 4 381 359 383 389 371 370 394 391 
393 12111 0.00427246093750000000 0.01159667968750000000 0 0 1 0 8 375 394 4 373 5 392 371 374 
394 12112 0.00305175781250000000 0.01037597656250000000 0 0 1 0 8 4 393 389 383 391 418 392 3 
395 12113 0.00503540039062500000 0.01449584960937500000 0 0 1 0 8 396 335 398 365 292 367 336 397 
396 12114 0.00534057617187500000 0.01449584960937500000 0 0 1 0 8 399 336 401 395 335 397 292 398 
397 12115 0.00503540039062500000 0.01419067382812500000 0 0 1 0 8 398 396 404 365 292 367 395 403 
398 12116 0.00534057617187500000 0.01419067382812500000 0 0 1 0 8 401 399 407 397 395 403 396 404 
399 12117 0.00564575195312500000 0.01449584960937500000 0 0 1 0 8 400 336 402 396 335 398 339 401 
400 12118 0.00595092773437500000 0.01449584960937500000 0 0 1 0 8 411 339 412 399 336 401 335 402 
401 12119 0.00564575195312500000 0.01419067382812500000 0 0 1 0 8 402 400 408 398 396 404 399 407 
402 12120 0.00595092773437500000 0.01419067382812500000 0 0 1 0 8 411 339 412 401 399 407 400 408 
403 12121 0.00503540039062500000 0.01388549804687500000 0 0 1 0 8 404 398 406 367 365 373 397 405 
404 12122 0.00534057617187500000 0.01388549804687500000 0 0 1 0 8 407 401 409 403 397 405 398 406 
405 12123 0.00503540039062500000 0.01358032226562500000 0 0 1 0 8 406 404 413 367 365 373 403 414 
406 12124 0.00534057617187500000 0.01358032226562500000 0 0 1 0 8 409 407 414 405 403 413 404 373 
407 12125 0.00564575195312500000 0.01388549804687500000 0 0 1 0 8 408 402 410 404 398 406 401 409 
408 12126 0.00595092773437500000 0.01388549804687500000 0 0 1 0 7 412 411 407 401 409 402 410 
409 12127 0.00564575195312500000 0.01358032226562500000 0 0 1 0 7 410 408 414 406 404 413 407 
410 12128 0.00595092773437500000 0.01358032226562500000 0 0 1 0 7 412 411 409 407 414 408 413 
411 12129 0.00640869140625000000 0.01434326171875000000 0 0 1 0 9 6 340 400 336 402 408 339 412 410 
412 12130 0.00640869140625000000 0.01373291015625000000 0 0 1 0 7 6 406 411 408 414 402 410 
413 12131 0.00518798828125000000 0.01312255859375000000 0 0 1 0 8 414 409 373 367 375 406 405 5 
414 12132 0.00579833984375000000 0.01312255859375000000 0 0 1 0 7 406 410 402 412 5 409 413 
415 12133 0.01037597656250000000 0.01892089843750000000 0 0 1 0 9 416 480 314 227 316 322 228 8 324 
416 12134 0.01159667968750000000 0.01892089843750000000 0 0 1 0 6 422 415 228 8 480 481 
417 12135 0.00061035156250000000 0.00915527343750000000 0 0 1 0 11 418 390 2 148 123 150 156 387 386 419 158 
418 12136 0.00183105468750000000 0.00915527343750000000 0 0 1 0 8 3 394 417 387 419 391 390 2 
419 12137 0.00061035156250000000 0.00793457031250000000 0 0 1 0 9 2 418 156 150 158 177 417 420 179 
420 12138 0.00061035156250000000 0.00671386718750000000 0 0 1 0 8 2 177 158 179 185 419 1 187 
421 11305 0.00059852601999999997 0.00429350249999999999 26 
422 12139 0.01261394100000000004 0.01893134900000000009 28 
423 12841 -0.01098632812500000000 0.02807617187500000000 29 
424 12842 -0.01342773437500000000 0.02563476562500000000 29 
425 12843 -0.01098632812500000000 0.02563476562500000000 29 
426 12848 -0.01342773437500000000 0.02319335937500000000 29 
427 12849 -0.01342773437500000000 0.02075195312500000000 29 
428 12856 -0.00671386718750000000 0.02746582031250000000 29 
429 12857 -0.00549316406250000000 0.02746582031250000000 29 
430 12858 -0.00915527343750000000 0.02624511718750000000 29 
431 12859 -0.00793457031250000000 0.02624511718750000000 29 
432 12860 -0.00671386718750000000 0.02624511718750000000 29 
433 12863 -0.00427246093750000000 0.02746582031250000000 29 
434 12864 -0.00305175781250000000 0.02746582031250000000 29 
435 12867 -0.00183105468750000000 0.02746582031250000000 29 
436 12868 -0.00061035156250000000 0.02746582031250000000 29 
437 12880 -0.01586914062500000000 0.01831054687500000000 29 
438 12882 -0.01586914062500000000 0.01586914062500000000 29 
439 12883 -0.01342773437500000000 0.01831054687500000000 29 
440 11313 -0.01586914062500000000 0.01342773437500000000 26 
441 11316 -0.01342773437500000000 0.01342773437500000000 26 
442 11317 -0.01342773437500000000 0.01098632812500000000 26 
443 11318 -0.01098632812500000000 0.01098632812500000000 26 
444 11324 -0.01098632812500000000 0.00854492187500000000 26 
445 11335 -0.00915527343750000000 0.00915527343750000000 26 
446 11336 -0.00793457031250000000 0.00915527343750000000 26 
447 11338 -0.00793457031250000000 0.00793457031250000000 26 
448 11339 -0.00671386718750000000 0.00793457031250000000 26 
449 11344 -0.00671386718750000000 0.00671386718750000000 26 
450 11345 -0.00549316406250000000 0.00671386718750000000 26 
451 11347 -0.00549316406250000000 0.00549316406250000000 26 
452 11348 -0.00457763671875000000 0.00579833984375000000 26 
453 11349 -0.00457763671875000000 0.00518798828125000000 26 
454 11350 -0.00396728515625000000 0.00518798828125000000 26 
455 11368 -0.00396728515625000000 0.00457763671875000000 26 
456 11371 -0.00335693359375000000 0.00457763671875000000 26 
457 11372 -0.00274658203125000000 0.00457763671875000000 26 
458 11383 -0.00213623046875000000 0.00457763671875000000 26 
459 11384 -0.00152587890625000000 0.00457763671875000000 26 
460 11387 -0.00091552734375000000 0.00457763671875000000 26 
461 11388 -0.00030517578125000000 0.00457763671875000000 26 
462 11390 -0.00030517578125000000 0.00396728515625000000 26 
463 12985 0.00061035156250000000 0.02868652343750000000 29 
464 12986 0.00183105468750000000 0.02868652343750000000 29 
465 12987 0.00061035156250000000 0.02746582031250000000 29 
466 12329 0.00305175781250000000 0.02868652343750000000 28 
467 12330 0.00427246093750000000 0.02868652343750000000 28 
468 12331 0.00427246093750000000 0.02746582031250000000 28 
469 12334 0.00549316406250000000 0.02746582031250000000 28 
470 12340 0.00549316406250000000 0.02624511718750000000 28 
471 12341 0.00671386718750000000 0.02624511718750000000 28 
472 12342 0.00671386718750000000 0.02502441406250000000 28 
473 12345 0.00793457031250000000 0.02502441406250000000 28 
474 12347 0.00793457031250000000 0.02380371093750000000 28 
475 12348 0.00915527343750000000 0.02380371093750000000 28 
476 12349 0.00915527343750000000 0.02258300781250000000 28 
477 12384 0.01037597656250000000 0.02258300781250000000 28 
478 12390 0.01037597656250000000 0.02136230468750000000 28 
479 12391 0.01159667968750000000 0.02136230468750000000 28 
480 12392 0.01159667968750000000 0.02014160156250000000 28 
481 12395 0.01281738281250000000 0.02014160156250000000 28 
