540 441 99
1 16035 1.71875000000000000000 2.65625000000000000000 0 0 1 0 11 2 446 41 445 443 26 444 29 28 30 43 
2 16036 2.03125000000000000000 2.65625000000000000000 0 0 1 0 11 3 447 45 1 444 30 446 41 32 42 47 
3 16037 2.34375000000000000000 2.65625000000000000000 0 0 1 0 10 4 448 433 2 446 42 447 45 44 46 
4 16038 2.65625000000000000000 2.65625000000000000000 0 0 1 0 9 450 449 515 3 447 46 448 433 48 
5 16039 1.17187500000000000000 2.10937500000000000000 0 0 1 0 8 33 27 35 457 452 6 453 7 
6 16040 1.01562500000000000000 1.95312500000000000000 0 0 1 0 8 7 5 15 456 454 11 457 14 
7 16041 1.17187500000000000000 1.95312500000000000000 0 0 1 0 8 35 33 57 6 457 14 5 15 
8 16042 0.54687500000000000000 1.48437500000000000000 0 0 1 0 8 18 12 20 463 459 9 460 10 
9 16043 0.39062500000000000000 1.32812500000000000000 0 0 1 0 11 10 8 91 462 461 466 463 468 467 89 93 
10 16044 0.54687500000000000000 1.32812500000000000000 0 0 1 0 11 20 18 106 9 463 89 8 91 90 92 108 
11 16045 0.85937500000000000000 1.79687500000000000000 0 0 1 0 8 14 6 16 464 455 12 456 13 
12 16046 0.70312500000000000000 1.64062500000000000000 0 0 1 0 8 13 11 19 460 458 8 464 18 
13 16047 0.85937500000000000000 1.64062500000000000000 0 0 1 0 8 16 14 22 12 464 18 11 19 
14 16048 1.01562500000000000000 1.79687500000000000000 0 0 1 0 8 15 7 17 11 456 13 6 16 
15 16049 1.17187500000000000000 1.79687500000000000000 0 0 1 0 8 57 35 59 14 6 16 7 17 
16 16050 1.01562500000000000000 1.64062500000000000000 0 0 1 0 8 17 15 23 13 11 19 14 22 
17 16051 1.17187500000000000000 1.64062500000000000000 0 0 1 0 8 59 57 65 16 14 22 15 23 
18 16052 0.70312500000000000000 1.48437500000000000000 0 0 1 0 8 19 13 21 8 460 10 12 20 
19 16053 0.85937500000000000000 1.48437500000000000000 0 0 1 0 8 22 16 24 18 12 20 13 21 
20 16054 0.70312500000000000000 1.32812500000000000000 0 0 1 0 11 21 19 110 10 8 92 18 106 94 107 112 
21 16055 0.85937500000000000000 1.32812500000000000000 0 0 1 0 11 24 22 122 20 18 107 19 110 109 111 124 
22 16056 1.01562500000000000000 1.48437500000000000000 0 0 1 0 8 23 17 25 19 13 21 16 24 
23 16057 1.17187500000000000000 1.48437500000000000000 0 0 1 0 8 65 59 67 22 16 24 17 25 
24 16058 1.01562500000000000000 1.32812500000000000000 0 0 1 0 11 25 23 126 21 19 111 22 122 113 123 128 
25 16059 1.17187500000000000000 1.32812500000000000000 0 0 1 0 11 67 65 260 24 22 123 23 126 125 127 262 
26 16060 1.48437500000000000000 2.42187500000000000000 0 0 1 0 8 29 1 31 465 445 27 442 28 
27 16061 1.32812500000000000000 2.26562500000000000000 0 0 1 0 8 28 26 34 453 451 5 465 33 
28 16062 1.48437500000000000000 2.26562500000000000000 0 0 1 0 8 31 29 37 27 465 33 26 34 
29 16063 1.64062500000000000000 2.42187500000000000000 0 0 1 0 8 30 1 32 26 445 28 2 31 
30 16064 1.79687500000000000000 2.42187500000000000000 0 0 1 0 8 41 2 43 29 1 31 445 32 
31 16065 1.64062500000000000000 2.26562500000000000000 0 0 1 0 8 32 30 38 28 26 34 29 37 
32 16066 1.79687500000000000000 2.26562500000000000000 0 0 1 0 8 43 41 49 31 29 37 30 38 
33 16067 1.32812500000000000000 2.10937500000000000000 0 0 1 0 8 34 28 36 5 453 7 27 35 
34 16068 1.48437500000000000000 2.10937500000000000000 0 0 1 0 8 37 31 39 33 27 35 28 36 
35 16069 1.32812500000000000000 1.95312500000000000000 0 0 1 0 8 36 34 58 7 5 15 33 57 
36 16070 1.48437500000000000000 1.95312500000000000000 0 0 1 0 8 39 37 61 35 33 57 34 58 
37 16071 1.64062500000000000000 2.10937500000000000000 0 0 1 0 8 38 32 40 34 28 36 31 39 
38 16072 1.79687500000000000000 2.10937500000000000000 0 0 1 0 8 49 43 51 37 31 39 32 40 
39 16073 1.64062500000000000000 1.95312500000000000000 0 0 1 0 8 40 38 62 36 34 58 37 61 
40 16074 1.79687500000000000000 1.95312500000000000000 0 0 1 0 8 51 49 73 39 37 61 38 62 
41 16075 1.95312500000000000000 2.42187500000000000000 0 0 1 0 8 42 2 44 30 1 32 3 43 
42 16076 2.10937500000000000000 2.42187500000000000000 0 0 1 0 8 45 3 47 41 2 43 1 44 
43 16077 1.95312500000000000000 2.26562500000000000000 0 0 1 0 8 44 42 50 32 30 38 41 49 
44 16078 2.10937500000000000000 2.26562500000000000000 0 0 1 0 8 47 45 53 43 41 49 42 50 
45 16079 2.26562500000000000000 2.42187500000000000000 0 0 1 0 8 46 3 48 42 2 44 4 47 
46 16080 2.42187500000000000000 2.42187500000000000000 0 0 1 0 8 433 4 434 45 3 47 2 48 
47 16081 2.26562500000000000000 2.26562500000000000000 0 0 1 0 8 48 46 54 44 42 50 45 53 
48 16082 2.42187500000000000000 2.26562500000000000000 0 0 1 0 8 433 4 434 47 45 53 46 54 
49 16083 1.95312500000000000000 2.10937500000000000000 0 0 1 0 8 50 44 52 38 32 40 43 51 
50 16084 2.10937500000000000000 2.10937500000000000000 0 0 1 0 8 53 47 55 49 43 51 44 52 
51 16085 1.95312500000000000000 1.95312500000000000000 0 0 1 0 8 52 50 74 40 38 62 49 73 
52 16086 2.10937500000000000000 1.95312500000000000000 0 0 1 0 8 55 53 77 51 49 73 50 74 
53 16087 2.26562500000000000000 2.10937500000000000000 0 0 1 0 8 54 48 56 50 44 52 47 55 
54 16088 2.42187500000000000000 2.10937500000000000000 0 0 1 0 8 434 433 435 53 47 55 48 56 
55 16089 2.26562500000000000000 1.95312500000000000000 0 0 1 0 8 56 54 78 52 50 74 53 77 
56 16090 2.42187500000000000000 1.95312500000000000000 0 0 1 0 8 434 433 435 55 53 77 54 78 
57 16091 1.32812500000000000000 1.79687500000000000000 0 0 1 0 8 58 36 60 15 7 17 35 59 
58 16092 1.48437500000000000000 1.79687500000000000000 0 0 1 0 8 61 39 63 57 35 59 36 60 
59 16093 1.32812500000000000000 1.64062500000000000000 0 0 1 0 8 60 58 66 17 15 23 57 65 
60 16094 1.48437500000000000000 1.64062500000000000000 0 0 1 0 8 63 61 69 59 57 65 58 66 
61 16095 1.64062500000000000000 1.79687500000000000000 0 0 1 0 8 62 40 64 58 36 60 39 63 
62 16096 1.79687500000000000000 1.79687500000000000000 0 0 1 0 8 73 51 75 61 39 63 40 64 
63 16097 1.64062500000000000000 1.64062500000000000000 0 0 1 0 8 64 62 70 60 58 66 61 69 
64 16098 1.79687500000000000000 1.64062500000000000000 0 0 1 0 8 75 73 81 63 61 69 62 70 
65 16099 1.32812500000000000000 1.48437500000000000000 0 0 1 0 8 66 60 68 23 17 25 59 67 
66 16100 1.48437500000000000000 1.48437500000000000000 0 0 1 0 8 69 63 71 65 59 67 60 68 
67 16101 1.32812500000000000000 1.32812500000000000000 0 0 1 0 11 68 66 264 25 23 127 65 260 129 261 266 
68 16102 1.48437500000000000000 1.32812500000000000000 0 0 1 0 11 71 69 276 67 65 261 66 264 263 265 278 
69 16103 1.64062500000000000000 1.48437500000000000000 0 0 1 0 8 70 64 72 66 60 68 63 71 
70 16104 1.79687500000000000000 1.48437500000000000000 0 0 1 0 8 81 75 83 69 63 71 64 72 
71 16105 1.64062500000000000000 1.32812500000000000000 0 0 1 0 11 72 70 280 68 66 265 69 276 267 277 282 
72 16106 1.79687500000000000000 1.32812500000000000000 0 0 1 0 10 83 81 324 71 69 277 70 280 279 281 
73 16107 1.95312500000000000000 1.79687500000000000000 0 0 1 0 8 74 52 76 62 40 64 51 75 
74 16108 2.10937500000000000000 1.79687500000000000000 0 0 1 0 8 77 55 79 73 51 75 52 76 
75 16109 1.95312500000000000000 1.64062500000000000000 0 0 1 0 8 76 74 82 64 62 70 73 81 
76 16110 2.10937500000000000000 1.64062500000000000000 0 0 1 0 8 79 77 85 75 73 81 74 82 
77 16111 2.26562500000000000000 1.79687500000000000000 0 0 1 0 8 78 56 80 74 52 76 55 79 
78 16112 2.42187500000000000000 1.79687500000000000000 0 0 1 0 8 435 434 436 77 55 79 56 80 
79 16113 2.26562500000000000000 1.64062500000000000000 0 0 1 0 8 80 78 86 76 74 82 77 85 
80 16114 2.42187500000000000000 1.64062500000000000000 0 0 1 0 8 435 434 436 79 77 85 78 86 
81 16115 1.95312500000000000000 1.48437500000000000000 0 0 1 0 8 82 76 84 70 64 72 75 83 
82 16116 2.10937500000000000000 1.48437500000000000000 0 0 1 0 8 85 79 87 81 75 83 76 84 
83 16117 1.95312500000000000000 1.32812500000000000000 0 0 1 0 9 84 82 325 72 70 281 81 324 283 
84 16118 2.10937500000000000000 1.32812500000000000000 0 0 1 0 8 87 85 328 83 81 324 82 325 
85 16119 2.26562500000000000000 1.48437500000000000000 0 0 1 0 8 86 80 88 82 76 84 79 87 
86 16120 2.42187500000000000000 1.48437500000000000000 0 0 1 0 8 436 435 437 85 79 87 80 88 
87 16121 2.26562500000000000000 1.32812500000000000000 0 0 1 0 8 88 86 329 84 82 325 85 328 
88 16122 2.42187500000000000000 1.32812500000000000000 0 0 1 0 8 436 435 437 87 85 328 86 329 
89 16123 0.42968750000000000000 1.21093750000000000000 0 0 1 0 8 91 10 93 468 9 469 462 90 
90 16124 0.42968750000000000000 1.13281250000000000000 0 0 1 0 8 93 91 97 469 468 470 89 95 
91 16125 0.50781250000000000000 1.21093750000000000000 0 0 1 0 8 92 10 94 89 9 90 20 93 
92 16126 0.58593750000000000000 1.21093750000000000000 0 0 1 0 8 106 20 108 91 10 93 9 94 
93 16127 0.50781250000000000000 1.13281250000000000000 0 0 1 0 8 94 92 98 90 89 95 91 97 
94 16128 0.58593750000000000000 1.13281250000000000000 0 0 1 0 8 108 106 114 93 91 97 92 98 
95 16129 0.42968750000000000000 1.05468750000000000000 0 0 1 0 8 97 93 99 470 469 471 90 96 
96 16130 0.42968750000000000000 0.97656250000000000000 0 0 1 0 8 99 97 101 471 470 472 95 473 
97 16131 0.50781250000000000000 1.05468750000000000000 0 0 1 0 8 98 94 100 95 90 96 93 99 
98 16132 0.58593750000000000000 1.05468750000000000000 0 0 1 0 8 114 108 116 97 93 99 94 100 
99 16133 0.50781250000000000000 0.97656250000000000000 0 0 1 0 8 100 98 102 96 95 473 97 101 
100 16134 0.58593750000000000000 0.97656250000000000000 0 0 1 0 8 116 114 138 99 97 101 98 102 
101 16135 0.50781250000000000000 0.89843750000000000000 0 0 1 0 8 102 100 104 473 96 474 99 103 
102 16136 0.58593750000000000000 0.89843750000000000000 0 0 1 0 8 138 116 140 101 99 103 100 104 
103 16137 0.50781250000000000000 0.82031250000000000000 0 0 1 0 8 104 102 105 474 473 475 101 476 
104 16138 0.58593750000000000000 0.82031250000000000000 0 0 1 0 8 140 138 146 103 101 476 102 105 
105 16139 0.58593750000000000000 0.74218750000000000000 0 0 1 0 8 146 140 148 476 103 477 104 478 
106 16140 0.66406250000000000000 1.21093750000000000000 0 0 1 0 8 107 20 109 92 10 94 21 108 
107 16141 0.74218750000000000000 1.21093750000000000000 0 0 1 0 8 110 21 112 106 20 108 10 109 
108 16142 0.66406250000000000000 1.13281250000000000000 0 0 1 0 8 109 107 115 94 92 98 106 114 
109 16143 0.74218750000000000000 1.13281250000000000000 0 0 1 0 8 112 110 118 108 106 114 107 115 
110 16144 0.82031250000000000000 1.21093750000000000000 0 0 1 0 8 111 21 113 107 20 109 24 112 
111 16145 0.89843750000000000000 1.21093750000000000000 0 0 1 0 8 122 24 124 110 21 112 20 113 
112 16146 0.82031250000000000000 1.13281250000000000000 0 0 1 0 8 113 111 119 109 107 115 110 118 
113 16147 0.89843750000000000000 1.13281250000000000000 0 0 1 0 8 124 122 130 112 110 118 111 119 
114 16148 0.66406250000000000000 1.05468750000000000000 0 0 1 0 8 115 109 117 98 94 100 108 116 
115 16149 0.74218750000000000000 1.05468750000000000000 0 0 1 0 8 118 112 120 114 108 116 109 117 
116 16150 0.66406250000000000000 0.97656250000000000000 0 0 1 0 8 117 115 139 100 98 102 114 138 
117 16151 0.74218750000000000000 0.97656250000000000000 0 0 1 0 8 120 118 142 116 114 138 115 139 
118 16152 0.82031250000000000000 1.05468750000000000000 0 0 1 0 8 119 113 121 115 109 117 112 120 
119 16153 0.89843750000000000000 1.05468750000000000000 0 0 1 0 8 130 124 132 118 112 120 113 121 
120 16154 0.82031250000000000000 0.97656250000000000000 0 0 1 0 8 121 119 143 117 115 139 118 142 
121 16155 0.89843750000000000000 0.97656250000000000000 0 0 1 0 8 132 130 154 120 118 142 119 143 
122 16156 0.97656250000000000000 1.21093750000000000000 0 0 1 0 8 123 24 125 111 21 113 25 124 
123 16157 1.05468750000000000000 1.21093750000000000000 0 0 1 0 8 126 25 128 122 24 124 21 125 
124 16158 0.97656250000000000000 1.13281250000000000000 0 0 1 0 8 125 123 131 113 111 119 122 130 
125 16159 1.05468750000000000000 1.13281250000000000000 0 0 1 0 8 128 126 134 124 122 130 123 131 
126 16160 1.13281250000000000000 1.21093750000000000000 0 0 1 0 8 127 25 129 123 24 125 67 128 
127 16161 1.21093750000000000000 1.21093750000000000000 0 0 1 0 8 260 67 262 126 25 128 24 129 
128 16162 1.13281250000000000000 1.13281250000000000000 0 0 1 0 8 129 127 135 125 123 131 126 134 
129 16163 1.21093750000000000000 1.13281250000000000000 0 0 1 0 8 262 260 268 128 126 134 127 135 
130 16164 0.97656250000000000000 1.05468750000000000000 0 0 1 0 8 131 125 133 119 113 121 124 132 
131 16165 1.05468750000000000000 1.05468750000000000000 0 0 1 0 8 134 128 136 130 124 132 125 133 
132 16166 0.97656250000000000000 0.97656250000000000000 0 0 1 0 8 133 131 155 121 119 143 130 154 
133 16167 1.05468750000000000000 0.97656250000000000000 0 0 1 0 8 136 134 158 132 130 154 131 155 
134 16168 1.13281250000000000000 1.05468750000000000000 0 0 1 0 8 135 129 137 131 125 133 128 136 
135 16169 1.21093750000000000000 1.05468750000000000000 0 0 1 0 8 268 262 270 134 128 136 129 137 
136 16170 1.13281250000000000000 0.97656250000000000000 0 0 1 0 8 137 135 159 133 131 155 134 158 
137 16171 1.21093750000000000000 0.97656250000000000000 0 0 1 0 8 270 268 292 136 134 158 135 159 
138 16172 0.66406250000000000000 0.89843750000000000000 0 0 1 0 8 139 117 141 102 100 104 116 140 
139 16173 0.74218750000000000000 0.89843750000000000000 0 0 1 0 8 142 120 144 138 116 140 117 141 
140 16174 0.66406250000000000000 0.82031250000000000000 0 0 1 0 8 141 139 147 104 102 105 138 146 
141 16175 0.74218750000000000000 0.82031250000000000000 0 0 1 0 8 144 142 150 140 138 146 139 147 
142 16176 0.82031250000000000000 0.89843750000000000000 0 0 1 0 8 143 121 145 139 117 141 120 144 
143 16177 0.89843750000000000000 0.89843750000000000000 0 0 1 0 8 154 132 156 142 120 144 121 145 
144 16178 0.82031250000000000000 0.82031250000000000000 0 0 1 0 8 145 143 151 141 139 147 142 150 
145 16179 0.89843750000000000000 0.82031250000000000000 0 0 1 0 8 156 154 162 144 142 150 143 151 
146 16180 0.66406250000000000000 0.74218750000000000000 0 0 1 0 8 147 141 149 105 104 478 140 148 
147 16181 0.74218750000000000000 0.74218750000000000000 0 0 1 0 8 150 144 152 146 140 148 141 149 
148 16182 0.66406250000000000000 0.66406250000000000000 0 0 1 0 11 149 147 172 478 105 479 146 481 480 170 174 
149 16183 0.74218750000000000000 0.66406250000000000000 0 0 1 0 11 152 150 179 148 146 170 147 172 171 173 181 
150 16184 0.82031250000000000000 0.74218750000000000000 0 0 1 0 8 151 145 153 147 141 149 144 152 
151 16185 0.89843750000000000000 0.74218750000000000000 0 0 1 0 8 162 156 164 150 144 152 145 153 
152 16186 0.82031250000000000000 0.66406250000000000000 0 0 1 0 11 153 151 183 149 147 173 150 179 175 180 185 
153 16187 0.89843750000000000000 0.66406250000000000000 0 0 1 0 11 164 162 204 152 150 180 151 183 182 184 206 
154 16188 0.97656250000000000000 0.89843750000000000000 0 0 1 0 8 155 133 157 143 121 145 132 156 
155 16189 1.05468750000000000000 0.89843750000000000000 0 0 1 0 8 158 136 160 154 132 156 133 157 
156 16190 0.97656250000000000000 0.82031250000000000000 0 0 1 0 8 157 155 163 145 143 151 154 162 
157 16191 1.05468750000000000000 0.82031250000000000000 0 0 1 0 8 160 158 166 156 154 162 155 163 
158 16192 1.13281250000000000000 0.89843750000000000000 0 0 1 0 8 159 137 161 155 133 157 136 160 
159 16193 1.21093750000000000000 0.89843750000000000000 0 0 1 0 8 292 270 294 158 136 160 137 161 
160 16194 1.13281250000000000000 0.82031250000000000000 0 0 1 0 8 161 159 167 157 155 163 158 166 
161 16195 1.21093750000000000000 0.82031250000000000000 0 0 1 0 8 294 292 300 160 158 166 159 167 
162 16196 0.97656250000000000000 0.74218750000000000000 0 0 1 0 8 163 157 165 151 145 153 156 164 
163 16197 1.05468750000000000000 0.74218750000000000000 0 0 1 0 8 166 160 168 162 156 164 157 165 
164 16198 0.97656250000000000000 0.66406250000000000000 0 0 1 0 11 165 163 208 153 151 184 162 204 186 205 210 
165 16199 1.05468750000000000000 0.66406250000000000000 0 0 1 0 11 168 166 220 164 162 205 163 208 207 209 222 
166 16200 1.13281250000000000000 0.74218750000000000000 0 0 1 0 8 167 161 169 163 157 165 160 168 
167 16201 1.21093750000000000000 0.74218750000000000000 0 0 1 0 8 300 294 302 166 160 168 161 169 
168 16202 1.13281250000000000000 0.66406250000000000000 0 0 1 0 11 169 167 224 165 163 209 166 220 211 221 226 
169 16203 1.21093750000000000000 0.66406250000000000000 0 0 1 0 10 302 300 340 168 166 221 167 224 223 225 
170 16204 0.68359375000000000000 0.60546875000000000000 0 0 1 0 8 172 149 174 481 148 482 478 171 
171 16205 0.68359375000000000000 0.56640625000000000000 0 0 1 0 8 174 172 176 482 481 483 170 484 
172 16206 0.72265625000000000000 0.60546875000000000000 0 0 1 0 8 173 149 175 170 148 171 152 174 
173 16207 0.76171875000000000000 0.60546875000000000000 0 0 1 0 8 179 152 181 172 149 174 148 175 
174 16208 0.72265625000000000000 0.56640625000000000000 0 0 1 0 8 175 173 177 171 170 484 172 176 
175 16209 0.76171875000000000000 0.56640625000000000000 0 0 1 0 8 181 179 187 174 172 176 173 177 
176 16210 0.72265625000000000000 0.52734375000000000000 0 0 1 0 8 177 175 178 484 171 485 174 486 
177 16211 0.76171875000000000000 0.52734375000000000000 0 0 1 0 8 187 181 189 176 174 486 175 178 
178 16212 0.76171875000000000000 0.48828125000000000000 0 0 1 0 8 189 187 195 486 176 487 177 488 
179 16213 0.80078125000000000000 0.60546875000000000000 0 0 1 0 8 180 152 182 173 149 175 153 181 
180 16214 0.83984375000000000000 0.60546875000000000000 0 0 1 0 8 183 153 185 179 152 181 149 182 
181 16215 0.80078125000000000000 0.56640625000000000000 0 0 1 0 8 182 180 188 175 173 177 179 187 
182 16216 0.83984375000000000000 0.56640625000000000000 0 0 1 0 8 185 183 191 181 179 187 180 188 
183 16217 0.87890625000000000000 0.60546875000000000000 0 0 1 0 8 184 153 186 180 152 182 164 185 
184 16218 0.91796875000000000000 0.60546875000000000000 0 0 1 0 8 204 164 206 183 153 185 152 186 
185 16219 0.87890625000000000000 0.56640625000000000000 0 0 1 0 8 186 184 192 182 180 188 183 191 
186 16220 0.91796875000000000000 0.56640625000000000000 0 0 1 0 8 206 204 212 185 183 191 184 192 
187 16221 0.80078125000000000000 0.52734375000000000000 0 0 1 0 8 188 182 190 177 175 178 181 189 
188 16222 0.83984375000000000000 0.52734375000000000000 0 0 1 0 8 191 185 193 187 181 189 182 190 
189 16223 0.80078125000000000000 0.48828125000000000000 0 0 1 0 8 190 188 196 178 177 488 187 195 
190 16224 0.83984375000000000000 0.48828125000000000000 0 0 1 0 8 193 191 198 189 187 195 188 196 
191 16225 0.87890625000000000000 0.52734375000000000000 0 0 1 0 8 192 186 194 188 182 190 185 193 
192 16226 0.91796875000000000000 0.52734375000000000000 0 0 1 0 8 212 206 214 191 185 193 186 194 
193 16227 0.87890625000000000000 0.48828125000000000000 0 0 1 0 8 194 192 199 190 188 196 191 198 
194 16228 0.91796875000000000000 0.48828125000000000000 0 0 1 0 8 214 212 236 193 191 198 192 199 
195 16229 0.80078125000000000000 0.44921875000000000000 0 0 1 0 8 196 190 197 488 178 489 189 490 
196 16230 0.83984375000000000000 0.44921875000000000000 0 0 1 0 8 198 193 200 195 189 490 190 197 
197 16231 0.83984375000000000000 0.41015625000000000000 0 0 1 0 8 200 198 202 490 195 491 196 492 
198 16232 0.87890625000000000000 0.44921875000000000000 0 0 1 0 8 199 194 201 196 190 197 193 200 
199 16233 0.91796875000000000000 0.44921875000000000000 0 0 1 0 8 236 214 238 198 193 200 194 201 
200 16234 0.87890625000000000000 0.41015625000000000000 0 0 1 0 8 201 199 203 197 196 492 198 202 
201 16235 0.91796875000000000000 0.41015625000000000000 0 0 1 0 8 238 236 244 200 198 202 199 203 
202 16236 0.87890625000000000000 0.37109375000000000000 0 0 1 0 8 203 201 495 492 197 493 200 494 
203 16237 0.91796875000000000000 0.37109375000000000000 0 0 1 0 8 244 238 496 202 200 494 201 495 
204 16238 0.95703125000000000000 0.60546875000000000000 0 0 1 0 8 205 164 207 184 153 186 165 206 
205 16239 0.99609375000000000000 0.60546875000000000000 0 0 1 0 8 208 165 210 204 164 206 153 207 
206 16240 0.95703125000000000000 0.56640625000000000000 0 0 1 0 8 207 205 213 186 184 192 204 212 
207 16241 0.99609375000000000000 0.56640625000000000000 0 0 1 0 8 210 208 216 206 204 212 205 213 
208 16242 1.03515625000000000000 0.60546875000000000000 0 0 1 0 8 209 165 211 205 164 207 168 210 
209 16243 1.07421875000000000000 0.60546875000000000000 0 0 1 0 8 220 168 222 208 165 210 164 211 
210 16244 1.03515625000000000000 0.56640625000000000000 0 0 1 0 8 211 209 217 207 205 213 208 216 
211 16245 1.07421875000000000000 0.56640625000000000000 0 0 1 0 8 222 220 228 210 208 216 209 217 
212 16246 0.95703125000000000000 0.52734375000000000000 0 0 1 0 8 213 207 215 192 186 194 206 214 
213 16247 0.99609375000000000000 0.52734375000000000000 0 0 1 0 8 216 210 218 212 206 214 207 215 
214 16248 0.95703125000000000000 0.48828125000000000000 0 0 1 0 8 215 213 237 194 192 199 212 236 
215 16249 0.99609375000000000000 0.48828125000000000000 0 0 1 0 8 218 216 240 214 212 236 213 237 
216 16250 1.03515625000000000000 0.52734375000000000000 0 0 1 0 8 217 211 219 213 207 215 210 218 
217 16251 1.07421875000000000000 0.52734375000000000000 0 0 1 0 8 228 222 230 216 210 218 211 219 
218 16252 1.03515625000000000000 0.48828125000000000000 0 0 1 0 8 219 217 241 215 213 237 216 240 
219 16253 1.07421875000000000000 0.48828125000000000000 0 0 1 0 8 230 228 248 218 216 240 217 241 
220 16254 1.11328125000000000000 0.60546875000000000000 0 0 1 0 8 221 168 223 209 165 211 169 222 
221 16255 1.15234375000000000000 0.60546875000000000000 0 0 1 0 8 224 169 226 220 168 222 165 223 
222 16256 1.11328125000000000000 0.56640625000000000000 0 0 1 0 8 223 221 229 211 209 217 220 228 
223 16257 1.15234375000000000000 0.56640625000000000000 0 0 1 0 8 226 224 232 222 220 228 221 229 
224 16258 1.19140625000000000000 0.60546875000000000000 0 0 1 0 8 225 169 227 221 168 223 302 226 
225 16259 1.23046875000000000000 0.60546875000000000000 0 0 1 0 8 340 302 342 224 169 226 168 227 
226 16260 1.19140625000000000000 0.56640625000000000000 0 0 1 0 8 227 225 233 223 221 229 224 232 
227 16261 1.23046875000000000000 0.56640625000000000000 0 0 1 0 8 340 302 342 226 224 232 225 233 
228 16262 1.11328125000000000000 0.52734375000000000000 0 0 1 0 8 229 223 231 217 211 219 222 230 
229 16263 1.15234375000000000000 0.52734375000000000000 0 0 1 0 8 232 226 234 228 222 230 223 231 
230 16264 1.11328125000000000000 0.48828125000000000000 0 0 1 0 8 231 229 249 219 217 241 228 248 
231 16265 1.15234375000000000000 0.48828125000000000000 0 0 1 0 8 234 232 252 230 228 248 229 249 
232 16266 1.19140625000000000000 0.52734375000000000000 0 0 1 0 8 233 227 235 229 223 231 226 234 
233 16267 1.23046875000000000000 0.52734375000000000000 0 0 1 0 8 342 340 348 232 226 234 227 235 
234 16268 1.19140625000000000000 0.48828125000000000000 0 0 1 0 8 235 233 253 231 229 249 232 252 
235 16269 1.23046875000000000000 0.48828125000000000000 0 0 1 0 8 342 340 348 234 232 252 233 253 
236 16270 0.95703125000000000000 0.44921875000000000000 0 0 1 0 8 237 215 239 199 194 201 214 238 
237 16271 0.99609375000000000000 0.44921875000000000000 0 0 1 0 8 240 218 242 236 214 238 215 239 
238 16272 0.95703125000000000000 0.41015625000000000000 0 0 1 0 8 239 237 245 201 199 203 236 244 
239 16273 0.99609375000000000000 0.41015625000000000000 0 0 1 0 8 242 240 246 238 236 244 237 245 
240 16274 1.03515625000000000000 0.44921875000000000000 0 0 1 0 8 241 219 243 237 215 239 218 242 
241 16275 1.07421875000000000000 0.44921875000000000000 0 0 1 0 8 248 230 250 240 218 242 219 243 
242 16276 1.03515625000000000000 0.41015625000000000000 0 0 1 0 8 243 241 247 239 237 245 240 246 
243 16277 1.07421875000000000000 0.41015625000000000000 0 0 1 0 8 250 248 256 242 240 246 241 247 
244 16278 0.95703125000000000000 0.37109375000000000000 0 0 1 0 8 245 239 497 203 201 495 238 496 
245 16279 0.99609375000000000000 0.37109375000000000000 0 0 1 0 8 246 242 498 244 238 496 239 497 
246 16280 1.03515625000000000000 0.37109375000000000000 0 0 1 0 8 247 243 499 245 239 497 242 498 
247 16281 1.07421875000000000000 0.37109375000000000000 0 0 1 0 8 256 250 500 246 242 498 243 499 
248 16282 1.11328125000000000000 0.44921875000000000000 0 0 1 0 8 249 231 251 241 219 243 230 250 
249 16283 1.15234375000000000000 0.44921875000000000000 0 0 1 0 8 252 234 254 248 230 250 231 251 
250 16284 1.11328125000000000000 0.41015625000000000000 0 0 1 0 8 251 249 257 243 241 247 248 256 
251 16285 1.15234375000000000000 0.41015625000000000000 0 0 1 0 8 254 252 258 250 248 256 249 257 
252 16286 1.19140625000000000000 0.44921875000000000000 0 0 1 0 8 253 235 255 249 231 251 234 254 
253 16287 1.23046875000000000000 0.44921875000000000000 0 0 1 0 8 348 342 504 252 234 254 235 255 
254 16288 1.19140625000000000000 0.41015625000000000000 0 0 1 0 8 255 253 259 251 249 257 252 258 
255 16289 1.23046875000000000000 0.41015625000000000000 0 0 1 0 8 348 342 504 254 252 258 253 259 
256 16290 1.11328125000000000000 0.37109375000000000000 0 0 1 0 8 257 251 501 247 243 499 250 500 
257 16291 1.15234375000000000000 0.37109375000000000000 0 0 1 0 8 258 254 502 256 250 500 251 501 
258 16292 1.19140625000000000000 0.37109375000000000000 0 0 1 0 8 259 255 503 257 251 501 254 502 
259 16293 1.23046875000000000000 0.37109375000000000000 0 0 1 0 7 504 348 258 254 502 255 503 
260 16294 1.28906250000000000000 1.21093750000000000000 0 0 1 0 8 261 67 263 127 25 129 68 262 
261 16295 1.36718750000000000000 1.21093750000000000000 0 0 1 0 8 264 68 266 260 67 262 25 263 
262 16296 1.28906250000000000000 1.13281250000000000000 0 0 1 0 8 263 261 269 129 127 135 260 268 
263 16297 1.36718750000000000000 1.13281250000000000000 0 0 1 0 8 266 264 272 262 260 268 261 269 
264 16298 1.44531250000000000000 1.21093750000000000000 0 0 1 0 8 265 68 267 261 67 263 71 266 
265 16299 1.52343750000000000000 1.21093750000000000000 0 0 1 0 8 276 71 278 264 68 266 67 267 
266 16300 1.44531250000000000000 1.13281250000000000000 0 0 1 0 8 267 265 273 263 261 269 264 272 
267 16301 1.52343750000000000000 1.13281250000000000000 0 0 1 0 8 278 276 284 266 264 272 265 273 
268 16302 1.28906250000000000000 1.05468750000000000000 0 0 1 0 8 269 263 271 135 129 137 262 270 
269 16303 1.36718750000000000000 1.05468750000000000000 0 0 1 0 8 272 266 274 268 262 270 263 271 
270 16304 1.28906250000000000000 0.97656250000000000000 0 0 1 0 8 271 269 293 137 135 159 268 292 
271 16305 1.36718750000000000000 0.97656250000000000000 0 0 1 0 8 274 272 296 270 268 292 269 293 
272 16306 1.44531250000000000000 1.05468750000000000000 0 0 1 0 8 273 267 275 269 263 271 266 274 
273 16307 1.52343750000000000000 1.05468750000000000000 0 0 1 0 8 284 278 286 272 266 274 267 275 
274 16308 1.44531250000000000000 0.97656250000000000000 0 0 1 0 8 275 273 297 271 269 293 272 296 
275 16309 1.52343750000000000000 0.97656250000000000000 0 0 1 0 8 286 284 308 274 272 296 273 297 
276 16310 1.60156250000000000000 1.21093750000000000000 0 0 1 0 8 277 71 279 265 68 267 72 278 
277 16311 1.67968750000000000000 1.21093750000000000000 0 0 1 0 8 280 72 282 276 71 278 68 279 
278 16312 1.60156250000000000000 1.13281250000000000000 0 0 1 0 8 279 277 285 267 265 273 276 284 
279 16313 1.67968750000000000000 1.13281250000000000000 0 0 1 0 8 282 280 288 278 276 284 277 285 
280 16314 1.75781250000000000000 1.21093750000000000000 0 0 1 0 8 281 72 283 277 71 279 83 282 
281 16315 1.83593750000000000000 1.21093750000000000000 0 0 1 0 8 324 83 326 280 72 282 71 283 
282 16316 1.75781250000000000000 1.13281250000000000000 0 0 1 0 8 283 281 289 279 277 285 280 288 
283 16317 1.83593750000000000000 1.13281250000000000000 0 0 1 0 8 324 83 326 282 280 288 281 289 
284 16318 1.60156250000000000000 1.05468750000000000000 0 0 1 0 8 285 279 287 273 267 275 278 286 
285 16319 1.67968750000000000000 1.05468750000000000000 0 0 1 0 8 288 282 290 284 278 286 279 287 
286 16320 1.60156250000000000000 0.97656250000000000000 0 0 1 0 8 287 285 309 275 273 297 284 308 
287 16321 1.67968750000000000000 0.97656250000000000000 0 0 1 0 8 290 288 312 286 284 308 285 309 
288 16322 1.75781250000000000000 1.05468750000000000000 0 0 1 0 8 289 283 291 285 279 287 282 290 
289 16323 1.83593750000000000000 1.05468750000000000000 0 0 1 0 8 326 324 332 288 282 290 283 291 
290 16324 1.75781250000000000000 0.97656250000000000000 0 0 1 0 8 291 289 313 287 285 309 288 312 
291 16325 1.83593750000000000000 0.97656250000000000000 0 0 1 0 8 326 324 332 290 288 312 289 313 
292 16326 1.28906250000000000000 0.89843750000000000000 0 0 1 0 8 293 271 295 159 137 161 270 294 
293 16327 1.36718750000000000000 0.89843750000000000000 0 0 1 0 8 296 274 298 292 270 294 271 295 
294 16328 1.28906250000000000000 0.82031250000000000000 0 0 1 0 8 295 293 301 161 159 167 292 300 
295 16329 1.36718750000000000000 0.82031250000000000000 0 0 1 0 8 298 296 304 294 292 300 293 301 
296 16330 1.44531250000000000000 0.89843750000000000000 0 0 1 0 8 297 275 299 293 271 295 274 298 
297 16331 1.52343750000000000000 0.89843750000000000000 0 0 1 0 8 308 286 310 296 274 298 275 299 
298 16332 1.44531250000000000000 0.82031250000000000000 0 0 1 0 8 299 297 305 295 293 301 296 304 
299 16333 1.52343750000000000000 0.82031250000000000000 0 0 1 0 8 310 308 316 298 296 304 297 305 
300 16334 1.28906250000000000000 0.74218750000000000000 0 0 1 0 8 301 295 303 167 161 169 294 302 
301 16335 1.36718750000000000000 0.74218750000000000000 0 0 1 0 8 304 298 306 300 294 302 295 303 
302 16336 1.28906250000000000000 0.66406250000000000000 0 0 1 0 9 303 301 341 169 167 225 300 340 227 
303 16337 1.36718750000000000000 0.66406250000000000000 0 0 1 0 8 306 304 344 302 300 340 301 341 
304 16338 1.44531250000000000000 0.74218750000000000000 0 0 1 0 8 305 299 307 301 295 303 298 306 
305 16339 1.52343750000000000000 0.74218750000000000000 0 0 1 0 8 316 310 318 304 298 306 299 307 
306 16340 1.44531250000000000000 0.66406250000000000000 0 0 1 0 8 307 305 345 303 301 341 304 344 
307 16341 1.52343750000000000000 0.66406250000000000000 0 0 1 0 8 318 316 354 306 304 344 305 345 
308 16342 1.60156250000000000000 0.89843750000000000000 0 0 1 0 8 309 287 311 297 275 299 286 310 
309 16343 1.67968750000000000000 0.89843750000000000000 0 0 1 0 8 312 290 314 308 286 310 287 311 
310 16344 1.60156250000000000000 0.82031250000000000000 0 0 1 0 8 311 309 317 299 297 305 308 316 
311 16345 1.67968750000000000000 0.82031250000000000000 0 0 1 0 8 314 312 320 310 308 316 309 317 
312 16346 1.75781250000000000000 0.89843750000000000000 0 0 1 0 8 313 291 315 309 287 311 290 314 
313 16347 1.83593750000000000000 0.89843750000000000000 0 0 1 0 8 332 326 334 312 290 314 291 315 
314 16348 1.75781250000000000000 0.82031250000000000000 0 0 1 0 8 315 313 321 311 309 317 312 320 
315 16349 1.83593750000000000000 0.82031250000000000000 0 0 1 0 8 332 326 334 314 312 320 313 321 
316 16350 1.60156250000000000000 0.74218750000000000000 0 0 1 0 8 317 311 319 305 299 307 310 318 
317 16351 1.67968750000000000000 0.74218750000000000000 0 0 1 0 8 320 314 322 316 310 318 311 319 
318 16352 1.60156250000000000000 0.66406250000000000000 0 0 1 0 8 319 317 355 307 305 345 316 354 
319 16353 1.67968750000000000000 0.66406250000000000000 0 0 1 0 8 322 320 358 318 316 354 317 355 
320 16354 1.75781250000000000000 0.74218750000000000000 0 0 1 0 8 321 315 323 317 311 319 314 322 
321 16355 1.83593750000000000000 0.74218750000000000000 0 0 1 0 8 334 332 417 320 314 322 315 323 
322 16356 1.75781250000000000000 0.66406250000000000000 0 0 1 0 8 323 321 359 319 317 355 320 358 
323 16357 1.83593750000000000000 0.66406250000000000000 0 0 1 0 8 334 332 417 322 320 358 321 359 
324 16358 1.95312500000000000000 1.17187500000000000000 0 0 1 0 10 325 84 327 281 72 283 289 83 326 291 
325 16359 2.10937500000000000000 1.17187500000000000000 0 0 1 0 8 328 87 330 324 83 326 84 327 
326 16360 1.95312500000000000000 1.01562500000000000000 0 0 1 0 10 327 325 333 289 283 291 313 324 332 315 
327 16361 2.10937500000000000000 1.01562500000000000000 0 0 1 0 8 330 328 336 326 324 332 325 333 
328 16362 2.26562500000000000000 1.17187500000000000000 0 0 1 0 8 329 88 331 325 84 327 87 330 
329 16363 2.42187500000000000000 1.17187500000000000000 0 0 1 0 8 437 436 438 328 87 330 88 331 
330 16364 2.26562500000000000000 1.01562500000000000000 0 0 1 0 8 331 329 337 327 325 333 328 336 
331 16365 2.42187500000000000000 1.01562500000000000000 0 0 1 0 8 437 436 438 330 328 336 329 337 
332 16366 1.95312500000000000000 0.85937500000000000000 0 0 1 0 10 333 327 335 313 291 315 321 326 334 323 
333 16367 2.10937500000000000000 0.85937500000000000000 0 0 1 0 8 336 330 338 332 326 334 327 335 
334 16368 1.95312500000000000000 0.70312500000000000000 0 0 1 0 10 335 333 418 321 315 323 359 332 417 361 
335 16369 2.10937500000000000000 0.70312500000000000000 0 0 1 0 8 338 336 421 334 332 417 333 418 
336 16370 2.26562500000000000000 0.85937500000000000000 0 0 1 0 8 337 331 339 333 327 335 330 338 
337 16371 2.42187500000000000000 0.85937500000000000000 0 0 1 0 8 438 437 439 336 330 338 331 339 
338 16372 2.26562500000000000000 0.70312500000000000000 0 0 1 0 8 339 337 422 335 333 418 336 421 
339 16373 2.42187500000000000000 0.70312500000000000000 0 0 1 0 8 438 437 439 338 336 421 337 422 
340 16374 1.28906250000000000000 0.58593750000000000000 0 0 1 0 10 341 303 343 225 169 227 233 302 342 235 
341 16375 1.36718750000000000000 0.58593750000000000000 0 0 1 0 8 344 306 346 340 302 342 303 343 
342 16376 1.28906250000000000000 0.50781250000000000000 0 0 1 0 10 343 341 349 233 227 235 253 340 348 255 
343 16377 1.36718750000000000000 0.50781250000000000000 0 0 1 0 8 346 344 350 342 340 348 341 349 
344 16378 1.44531250000000000000 0.58593750000000000000 0 0 1 0 8 345 307 347 341 303 343 306 346 
345 16379 1.52343750000000000000 0.58593750000000000000 0 0 1 0 8 354 318 356 344 306 346 307 347 
346 16380 1.44531250000000000000 0.50781250000000000000 0 0 1 0 8 347 345 351 343 341 349 344 350 
347 16381 1.52343750000000000000 0.50781250000000000000 0 0 1 0 8 356 354 362 346 344 350 345 351 
348 16382 1.28906250000000000000 0.42968750000000000000 0 0 1 0 10 349 343 505 253 235 255 259 342 504 503 
349 16383 1.36718750000000000000 0.42968750000000000000 0 0 1 0 8 350 346 352 348 342 504 343 505 
350 16384 1.44531250000000000000 0.42968750000000000000 0 0 1 0 8 351 347 353 349 343 505 346 352 
351 16385 1.52343750000000000000 0.42968750000000000000 0 0 1 0 8 362 356 364 350 346 352 347 353 
352 16386 1.44531250000000000000 0.35156250000000000000 0 0 1 0 11 353 351 374 505 349 506 350 370 507 371 376 
353 16387 1.52343750000000000000 0.35156250000000000000 0 0 1 0 10 364 362 401 352 350 371 351 374 373 375 
354 16388 1.60156250000000000000 0.58593750000000000000 0 0 1 0 8 355 319 357 345 307 347 318 356 
355 16389 1.67968750000000000000 0.58593750000000000000 0 0 1 0 8 358 322 360 354 318 356 319 357 
356 16390 1.60156250000000000000 0.50781250000000000000 0 0 1 0 8 357 355 363 347 345 351 354 362 
357 16391 1.67968750000000000000 0.50781250000000000000 0 0 1 0 8 360 358 366 356 354 362 355 363 
358 16392 1.75781250000000000000 0.58593750000000000000 0 0 1 0 8 359 323 361 355 319 357 322 360 
359 16393 1.83593750000000000000 0.58593750000000000000 0 0 1 0 8 417 334 419 358 322 360 323 361 
360 16394 1.75781250000000000000 0.50781250000000000000 0 0 1 0 8 361 359 367 357 355 363 358 366 
361 16395 1.83593750000000000000 0.50781250000000000000 0 0 1 0 8 417 334 419 360 358 366 359 367 
362 16396 1.60156250000000000000 0.42968750000000000000 0 0 1 0 8 363 357 365 351 347 353 356 364 
363 16397 1.67968750000000000000 0.42968750000000000000 0 0 1 0 8 366 360 368 362 356 364 357 365 
364 16398 1.60156250000000000000 0.35156250000000000000 0 0 1 0 9 365 363 402 353 351 375 362 401 377 
365 16399 1.67968750000000000000 0.35156250000000000000 0 0 1 0 8 368 366 405 364 362 401 363 402 
366 16400 1.75781250000000000000 0.42968750000000000000 0 0 1 0 8 367 361 369 363 357 365 360 368 
367 16401 1.83593750000000000000 0.42968750000000000000 0 0 1 0 8 419 417 425 366 360 368 361 369 
368 16402 1.75781250000000000000 0.35156250000000000000 0 0 1 0 8 369 367 406 365 363 402 366 405 
369 16403 1.83593750000000000000 0.35156250000000000000 0 0 1 0 8 419 417 425 368 366 405 367 406 
370 16404 1.42578125000000000000 0.29296875000000000000 0 0 1 0 8 371 352 373 506 505 507 353 372 
371 16405 1.46484375000000000000 0.29296875000000000000 0 0 1 0 8 374 353 376 370 352 372 505 373 
372 16406 1.42578125000000000000 0.25390625000000000000 0 0 1 0 8 373 371 379 507 506 508 370 378 
373 16407 1.46484375000000000000 0.25390625000000000000 0 0 1 0 8 376 374 382 372 370 378 371 379 
374 16408 1.50390625000000000000 0.29296875000000000000 0 0 1 0 8 375 353 377 371 352 373 364 376 
375 16409 1.54296875000000000000 0.29296875000000000000 0 0 1 0 8 401 364 403 374 353 376 352 377 
376 16410 1.50390625000000000000 0.25390625000000000000 0 0 1 0 8 377 375 383 373 371 379 374 382 
377 16411 1.54296875000000000000 0.25390625000000000000 0 0 1 0 8 401 364 403 376 374 382 375 383 
378 16412 1.42578125000000000000 0.21484375000000000000 0 0 1 0 8 379 373 381 508 507 509 372 380 
379 16413 1.46484375000000000000 0.21484375000000000000 0 0 1 0 8 382 376 384 378 372 380 373 381 
380 16414 1.42578125000000000000 0.17578125000000000000 0 0 1 0 8 381 379 387 509 508 510 378 386 
381 16415 1.46484375000000000000 0.17578125000000000000 0 0 1 0 8 384 382 390 380 378 386 379 387 
382 16416 1.50390625000000000000 0.21484375000000000000 0 0 1 0 8 383 377 385 379 373 381 376 384 
383 16417 1.54296875000000000000 0.21484375000000000000 0 0 1 0 8 403 401 409 382 376 384 377 385 
384 16418 1.50390625000000000000 0.17578125000000000000 0 0 1 0 8 385 383 391 381 379 387 382 390 
385 16419 1.54296875000000000000 0.17578125000000000000 0 0 1 0 8 403 401 409 384 382 390 383 391 
386 16420 1.42578125000000000000 0.13671875000000000000 0 0 1 0 8 387 381 389 510 509 511 380 388 
387 16421 1.46484375000000000000 0.13671875000000000000 0 0 1 0 8 390 384 392 386 380 388 381 389 
388 16422 1.42578125000000000000 0.09765625000000000000 0 0 1 0 8 389 387 395 511 510 512 386 394 
389 16423 1.46484375000000000000 0.09765625000000000000 0 0 1 0 8 392 390 397 388 386 394 387 395 
390 16424 1.50390625000000000000 0.13671875000000000000 0 0 1 0 8 391 385 393 387 381 389 384 392 
391 16425 1.54296875000000000000 0.13671875000000000000 0 0 1 0 8 409 403 411 390 384 392 385 393 
392 16426 1.50390625000000000000 0.09765625000000000000 0 0 1 0 8 393 391 398 389 387 395 390 397 
393 16427 1.54296875000000000000 0.09765625000000000000 0 0 1 0 8 409 403 411 392 390 397 391 398 
394 16428 1.42578125000000000000 0.05859375000000000000 0 0 1 0 8 395 389 396 512 511 513 388 514 
395 16429 1.46484375000000000000 0.05859375000000000000 0 0 1 0 8 397 392 399 394 388 514 389 396 
396 16430 1.46484375000000000000 0.01953125000000000000 0 0 1 0 8 399 397 526 514 394 524 395 525 
397 16431 1.50390625000000000000 0.05859375000000000000 0 0 1 0 8 398 393 400 395 389 396 392 399 
398 16432 1.54296875000000000000 0.05859375000000000000 0 0 1 0 8 411 409 529 397 392 399 393 400 
399 16433 1.50390625000000000000 0.01953125000000000000 0 0 1 0 8 400 398 527 396 395 525 397 526 
400 16434 1.54296875000000000000 0.01953125000000000000 0 0 1 0 8 411 409 529 399 397 526 398 527 
401 16435 1.60156250000000000000 0.27343750000000000000 0 0 1 0 10 402 365 404 375 353 377 383 364 403 385 
402 16436 1.67968750000000000000 0.27343750000000000000 0 0 1 0 8 405 368 407 401 364 403 365 404 
403 16437 1.60156250000000000000 0.19531250000000000000 0 0 1 0 10 404 402 410 383 377 385 391 401 409 393 
404 16438 1.67968750000000000000 0.19531250000000000000 0 0 1 0 8 407 405 413 403 401 409 402 410 
405 16439 1.75781250000000000000 0.27343750000000000000 0 0 1 0 8 406 369 408 402 365 404 368 407 
406 16440 1.83593750000000000000 0.27343750000000000000 0 0 1 0 8 425 419 427 405 368 407 369 408 
407 16441 1.75781250000000000000 0.19531250000000000000 0 0 1 0 8 408 406 414 404 402 410 405 413 
408 16442 1.83593750000000000000 0.19531250000000000000 0 0 1 0 8 425 419 427 407 405 413 406 414 
409 16443 1.60156250000000000000 0.11718750000000000000 0 0 1 0 10 410 404 412 391 385 393 398 403 411 400 
410 16444 1.67968750000000000000 0.11718750000000000000 0 0 1 0 8 413 407 415 409 403 411 404 412 
411 16445 1.60156250000000000000 0.03906250000000000000 0 0 1 0 10 412 410 530 398 393 400 527 409 529 528 
412 16446 1.67968750000000000000 0.03906250000000000000 0 0 1 0 8 415 413 531 411 409 529 410 530 
413 16447 1.75781250000000000000 0.11718750000000000000 0 0 1 0 8 414 408 416 410 404 412 407 415 
414 16448 1.83593750000000000000 0.11718750000000000000 0 0 1 0 8 427 425 534 413 407 415 408 416 
415 16449 1.75781250000000000000 0.03906250000000000000 0 0 1 0 8 416 414 532 412 410 530 413 531 
416 16450 1.83593750000000000000 0.03906250000000000000 0 0 1 0 8 427 425 534 415 413 531 414 532 
417 16451 1.95312500000000000000 0.54687500000000000000 0 0 1 0 10 418 335 420 359 323 361 367 334 419 369 
418 16452 2.10937500000000000000 0.54687500000000000000 0 0 1 0 8 421 338 423 417 334 419 335 420 
419 16453 1.95312500000000000000 0.39062500000000000000 0 0 1 0 10 420 418 426 367 361 369 406 417 425 408 
420 16454 2.10937500000000000000 0.39062500000000000000 0 0 1 0 8 423 421 429 419 417 425 418 426 
421 16455 2.26562500000000000000 0.54687500000000000000 0 0 1 0 8 422 339 424 418 335 420 338 423 
422 16456 2.42187500000000000000 0.54687500000000000000 0 0 1 0 8 439 438 522 421 338 423 339 424 
423 16457 2.26562500000000000000 0.39062500000000000000 0 0 1 0 8 424 422 430 420 418 426 421 429 
424 16458 2.42187500000000000000 0.39062500000000000000 0 0 1 0 8 439 438 522 423 421 429 422 430 
425 16459 1.95312500000000000000 0.23437500000000000000 0 0 1 0 10 426 420 428 406 369 408 414 419 427 416 
426 16460 2.10937500000000000000 0.23437500000000000000 0 0 1 0 8 429 423 431 425 419 427 420 428 
427 16461 1.95312500000000000000 0.07812500000000000000 0 0 1 0 10 428 426 440 414 408 416 532 425 534 533 
428 16462 2.10937500000000000000 0.07812500000000000000 0 0 1 0 8 431 429 441 427 425 534 426 440 
429 16463 2.26562500000000000000 0.23437500000000000000 0 0 1 0 8 430 424 432 426 420 428 423 431 
430 16464 2.42187500000000000000 0.23437500000000000000 0 0 1 0 8 522 439 540 429 423 431 424 432 
431 16465 2.26562500000000000000 0.07812500000000000000 0 0 1 0 8 432 430 537 428 426 440 429 441 
432 16466 2.42187500000000000000 0.07812500000000000000 0 0 1 0 8 522 439 540 431 429 441 430 537 
433 16467 2.65625000000000000000 2.34375000000000000000 0 0 1 0 10 515 450 516 46 3 48 54 4 434 56 
434 16468 2.65625000000000000000 2.03125000000000000000 0 0 1 0 10 516 515 517 54 48 56 78 433 435 80 
435 16469 2.65625000000000000000 1.71875000000000000000 0 0 1 0 10 517 516 518 78 56 80 86 434 436 88 
436 16470 2.65625000000000000000 1.40625000000000000000 0 0 1 0 10 518 517 519 86 80 88 329 435 437 331 
437 16471 2.65625000000000000000 1.09375000000000000000 0 0 1 0 10 519 518 520 329 88 331 337 436 438 339 
438 16472 2.65625000000000000000 0.78125000000000000000 0 0 1 0 10 520 519 521 337 331 339 422 437 439 424 
439 16473 2.65625000000000000000 0.46875000000000000000 0 0 1 0 10 521 520 523 422 339 424 430 438 522 432 
440 16474 2.10937500000000000000 -0.07812500000000000000 0 0 1 0 8 441 431 538 534 427 535 428 536 
441 16475 2.26562500000000000000 -0.07812500000000000000 0 0 1 0 8 537 432 539 440 428 536 431 538 
442 17242 1.09375000000000000000 2.65625000000000000000 39 
443 17251 1.40625000000000000000 2.96875000000000000000 39 
444 17252 1.71875000000000000000 2.96875000000000000000 39 
445 17253 1.40625000000000000000 2.65625000000000000000 39 
446 17254 2.03125000000000000000 2.96875000000000000000 39 
447 17255 2.34375000000000000000 2.96875000000000000000 39 
448 17293 2.65625000000000000000 2.96875000000000000000 39 
449 17294 2.96875000000000000000 2.96875000000000000000 39 
450 17295 2.96875000000000000000 2.65625000000000000000 39 
451 17319 1.17187500000000000000 2.42187500000000000000 39 
452 17320 1.01562500000000000000 2.26562500000000000000 39 
453 17321 1.17187500000000000000 2.26562500000000000000 39 
454 17323 0.85937500000000000000 2.10937500000000000000 39 
455 17324 0.70312500000000000000 1.95312500000000000000 39 
456 17325 0.85937500000000000000 1.95312500000000000000 39 
457 17326 1.01562500000000000000 2.10937500000000000000 39 
458 17332 0.54687500000000000000 1.79687500000000000000 39 
459 17333 0.39062500000000000000 1.64062500000000000000 39 
460 17334 0.54687500000000000000 1.64062500000000000000 39 
461 17336 0.23437500000000000000 1.48437500000000000000 39 
462 16740 0.23437500000000000000 1.32812500000000000000 38 
463 17337 0.39062500000000000000 1.48437500000000000000 39 
464 17338 0.70312500000000000000 1.79687500000000000000 39 
465 17339 1.32812500000000000000 2.42187500000000000000 39 
466 16746 0.27343750000000000000 1.21093750000000000000 38 
467 16748 0.27343750000000000000 1.13281250000000000000 38 
468 16757 0.35156250000000000000 1.21093750000000000000 38 
469 16758 0.35156250000000000000 1.13281250000000000000 38 
470 16759 0.35156250000000000000 1.05468750000000000000 38 
471 16760 0.35156250000000000000 0.97656250000000000000 38 
472 16777 0.35156250000000000000 0.89843750000000000000 38 
473 16778 0.42968750000000000000 0.89843750000000000000 38 
474 16780 0.42968750000000000000 0.82031250000000000000 38 
475 16782 0.42968750000000000000 0.74218750000000000000 38 
476 16785 0.50781250000000000000 0.74218750000000000000 38 
477 16786 0.50781250000000000000 0.66406250000000000000 38 
478 16787 0.58593750000000000000 0.66406250000000000000 38 
479 16864 0.60546875000000000000 0.60546875000000000000 38 
480 16866 0.60546875000000000000 0.56640625000000000000 38 
481 16902 0.64453125000000000000 0.60546875000000000000 38 
482 16903 0.64453125000000000000 0.56640625000000000000 38 
483 16904 0.64453125000000000000 0.52734375000000000000 38 
484 3922 0.68359375000000000000 0.52734375000000000000 9 
485 3924 0.68359375000000000000 0.48828125000000000000 9 
486 3925 0.72265625000000000000 0.48828125000000000000 9 
487 3930 0.72265625000000000000 0.44921875000000000000 9 
488 3931 0.76171875000000000000 0.44921875000000000000 9 
489 3933 0.76171875000000000000 0.41015625000000000000 9 
490 3942 0.80078125000000000000 0.41015625000000000000 9 
491 3943 0.80078125000000000000 0.37109375000000000000 9 
492 3944 0.83984375000000000000 0.37109375000000000000 9 
493 3946 0.83984375000000000000 0.33203125000000000000 9 
494 3947 0.87890625000000000000 0.33203125000000000000 9 
495 3948 0.91796875000000000000 0.33203125000000000000 9 
496 3949 0.95703125000000000000 0.33203125000000000000 9 
497 3950 0.99609375000000000000 0.33203125000000000000 9 
498 6964 1.03515625000000000000 0.33203125000000000000 16 
499 6965 1.07421875000000000000 0.33203125000000000000 16 
500 6966 1.11328125000000000000 0.33203125000000000000 16 
501 6967 1.15234375000000000000 0.33203125000000000000 16 
502 6968 1.19140625000000000000 0.33203125000000000000 16 
503 6969 1.23046875000000000000 0.33203125000000000000 16 
504 7303 1.28906250000000000000 0.35156250000000000000 16 
505 7304 1.36718750000000000000 0.35156250000000000000 16 
506 7310 1.38671875000000000000 0.29296875000000000000 16 
507 7312 1.38671875000000000000 0.25390625000000000000 16 
508 7318 1.38671875000000000000 0.21484375000000000000 16 
509 7320 1.38671875000000000000 0.17578125000000000000 16 
510 7326 1.38671875000000000000 0.13671875000000000000 16 
511 7328 1.38671875000000000000 0.09765625000000000000 16 
512 7334 1.38671875000000000000 0.05859375000000000000 16 
513 7336 1.38671875000000000000 0.01953125000000000000 16 
514 13445 1.42578125000000000000 0.01953125000000000000 31 
515 15633 2.96875000000000000000 2.34375000000000000000 36 
516 15634 2.96875000000000000000 2.03125000000000000000 36 
517 15639 2.96875000000000000000 1.71875000000000000000 36 
518 15640 2.96875000000000000000 1.40625000000000000000 36 
519 15661 2.96875000000000000000 1.09375000000000000000 36 
520 15662 2.96875000000000000000 0.78125000000000000000 36 
521 15667 2.96875000000000000000 0.46875000000000000000 36 
522 15668 2.65625000000000000000 0.15625000000000000000 36 
523 15669 2.96875000000000000000 0.15625000000000000000 36 
524 13703 1.42578125000000000000 -0.01953125000000000000 31 
525 13704 1.46484375000000000000 -0.01953125000000000000 31 
526 13707 1.50390625000000000000 -0.01953125000000000000 31 
527 13708 1.54296875000000000000 -0.01953125000000000000 31 
528 13710 1.54296875000000000000 -0.05859375000000000000 31 
529 13751 1.60156250000000000000 -0.03906250000000000000 31 
530 13752 1.67968750000000000000 -0.03906250000000000000 31 
531 13755 1.75781250000000000000 -0.03906250000000000000 31 
532 13756 1.83593750000000000000 -0.03906250000000000000 31 
533 13758 1.83593750000000000000 -0.11718750000000000000 31 
534 13799 1.95312500000000000000 -0.07812500000000000000 31 
535 13800 1.95312500000000000000 -0.23437500000000000000 31 
536 13801 2.10937500000000000000 -0.23437500000000000000 31 
537 15730 2.42187500000000000000 -0.07812500000000000000 36 
538 15731 2.26562500000000000000 -0.23437500000000000000 36 
539 15732 2.42187500000000000000 -0.23437500000000000000 36 
540 15828 2.65625000000000000000 -0.15625000000000000000 36 
