507 432 75
1 15161 -8.75000000000000000000 1.25000000000000000000 28 433 2 0 7 2 434 4 29 433 28 31 
2 15162 -6.87500000000000000000 1.87500000000000000000 0 0 1 0 8 3 435 5 1 433 28 434 4 
3 15163 -5.62500000000000000000 1.87500000000000000000 0 0 1 0 10 437 436 6 10 2 434 4 435 5 12 
4 15164 -6.87500000000000000000 0.62500000000000000000 0 0 1 0 8 5 3 30 1 433 28 2 29 
5 15165 -5.62500000000000000000 0.62500000000000000000 0 0 1 0 10 10 6 12 38 4 2 29 3 30 40 
6 15166 -4.68750000000000000000 1.56250000000000000000 0 0 1 0 8 7 438 11 3 435 5 437 10 
7 15167 -4.06250000000000000000 1.56250000000000000000 0 0 1 0 8 8 439 14 6 437 10 438 11 
8 15168 -3.43750000000000000000 1.56250000000000000000 0 0 1 0 8 9 440 15 7 438 11 439 14 
9 15169 -2.81250000000000000000 1.56250000000000000000 0 0 1 0 10 442 441 443 18 8 439 14 440 15 19 
10 15170 -4.68750000000000000000 0.93750000000000000000 0 0 1 0 8 11 7 13 5 3 30 6 12 
11 15171 -4.06250000000000000000 0.93750000000000000000 0 0 1 0 8 14 8 16 10 6 12 7 13 
12 15172 -4.68750000000000000000 0.31250000000000000000 0 0 1 0 8 13 11 39 5 3 30 10 38 
13 15173 -4.06250000000000000000 0.31250000000000000000 0 0 1 0 8 16 14 42 12 10 38 11 39 
14 15174 -3.43750000000000000000 0.93750000000000000000 0 0 1 0 8 15 9 17 11 7 13 8 16 
15 15175 -2.81250000000000000000 0.93750000000000000000 0 0 1 0 10 18 443 19 21 14 8 16 9 17 23 
16 15176 -3.43750000000000000000 0.31250000000000000000 0 0 1 0 8 17 15 43 13 11 39 14 42 
17 15177 -2.81250000000000000000 0.31250000000000000000 0 0 1 0 10 21 19 23 54 16 14 42 15 43 56 
18 15178 -2.34375000000000000000 1.09375000000000000000 0 0 1 0 8 445 444 20 15 9 17 443 19 
19 15179 -2.34375000000000000000 0.78125000000000000000 0 0 1 0 8 20 445 22 15 9 17 18 21 
20 15180 -2.03125000000000000000 0.78125000000000000000 0 0 1 0 8 447 446 25 19 18 21 445 22 
21 15181 -2.34375000000000000000 0.46875000000000000000 0 0 1 0 8 22 20 24 17 15 43 19 23 
22 15182 -2.03125000000000000000 0.46875000000000000000 0 0 1 0 8 25 447 26 21 19 23 20 24 
23 15183 -2.34375000000000000000 0.15625000000000000000 0 0 1 0 8 24 22 55 17 15 43 21 54 
24 15184 -2.03125000000000000000 0.15625000000000000000 0 0 1 0 8 26 25 58 23 21 54 22 55 
25 15185 -1.71875000000000000000 0.46875000000000000000 0 0 1 0 8 449 448 27 22 20 24 447 26 
26 15186 -1.71875000000000000000 0.15625000000000000000 0 0 1 0 8 27 449 59 24 22 55 25 58 
27 15187 -1.40625000000000000000 0.15625000000000000000 0 0 1 0 10 451 450 452 70 26 25 58 449 59 71 
28 15188 -8.75000000000000000000 -1.25000000000000000000 33 1 2 0 7 29 4 31 34 1 33 36 
29 15189 -6.87500000000000000000 -0.62500000000000000000 0 0 1 0 8 30 5 32 28 1 33 4 31 
30 15190 -5.62500000000000000000 -0.62500000000000000000 0 0 1 0 10 38 12 40 46 29 4 31 5 32 48 
31 15191 -6.87500000000000000000 -1.87500000000000000000 0 0 1 0 8 32 30 35 28 1 33 29 34 
32 15192 -5.62500000000000000000 -1.87500000000000000000 0 0 1 0 10 46 40 48 164 31 29 34 30 35 166 
33 15193 -8.75000000000000000000 -3.75000000000000000000 244 28 2 0 7 34 31 36 245 28 244 247 
34 15194 -6.87500000000000000000 -3.12500000000000000000 0 0 1 0 8 35 32 37 33 28 244 31 36 
35 15195 -5.62500000000000000000 -3.12500000000000000000 0 0 1 0 10 164 48 166 172 34 31 36 32 37 174 
36 15196 -6.87500000000000000000 -4.37500000000000000000 0 0 1 0 8 37 35 246 33 28 244 34 245 
37 15197 -5.62500000000000000000 -4.37500000000000000000 0 0 1 0 10 172 166 174 254 36 34 245 35 246 256 
38 15198 -4.68750000000000000000 -0.31250000000000000000 0 0 1 0 8 39 13 41 30 5 32 12 40 
39 15199 -4.06250000000000000000 -0.31250000000000000000 0 0 1 0 8 42 16 44 38 12 40 13 41 
40 15200 -4.68750000000000000000 -0.93750000000000000000 0 0 1 0 8 41 39 47 30 5 32 38 46 
41 15201 -4.06250000000000000000 -0.93750000000000000000 0 0 1 0 8 44 42 50 40 38 46 39 47 
42 15202 -3.43750000000000000000 -0.31250000000000000000 0 0 1 0 8 43 17 45 39 13 41 16 44 
43 15203 -2.81250000000000000000 -0.31250000000000000000 0 0 1 0 10 54 23 56 62 42 16 44 17 45 64 
44 15204 -3.43750000000000000000 -0.93750000000000000000 0 0 1 0 8 45 43 51 41 39 47 42 50 
45 15205 -2.81250000000000000000 -0.93750000000000000000 0 0 1 0 10 62 56 64 91 44 42 50 43 51 93 
46 15206 -4.68750000000000000000 -1.56250000000000000000 0 0 1 0 8 47 41 49 32 30 35 40 48 
47 15207 -4.06250000000000000000 -1.56250000000000000000 0 0 1 0 8 50 44 52 46 40 48 41 49 
48 15208 -4.68750000000000000000 -2.18750000000000000000 0 0 1 0 8 49 47 165 32 30 35 46 164 
49 15209 -4.06250000000000000000 -2.18750000000000000000 0 0 1 0 8 52 50 168 48 46 164 47 165 
50 15210 -3.43750000000000000000 -1.56250000000000000000 0 0 1 0 8 51 45 53 47 41 49 44 52 
51 15211 -2.81250000000000000000 -1.56250000000000000000 0 0 1 0 10 91 64 93 99 50 44 52 45 53 101 
52 15212 -3.43750000000000000000 -2.18750000000000000000 0 0 1 0 8 53 51 169 49 47 165 50 168 
53 15213 -2.81250000000000000000 -2.18750000000000000000 0 0 1 0 10 99 93 101 180 52 50 168 51 169 182 
54 15214 -2.34375000000000000000 -0.15625000000000000000 0 0 1 0 8 55 24 57 43 17 45 23 56 
55 15215 -2.03125000000000000000 -0.15625000000000000000 0 0 1 0 8 58 26 60 54 23 56 24 57 
56 15216 -2.34375000000000000000 -0.46875000000000000000 0 0 1 0 8 57 55 63 43 17 45 54 62 
57 15217 -2.03125000000000000000 -0.46875000000000000000 0 0 1 0 8 60 58 66 56 54 62 55 63 
58 15218 -1.71875000000000000000 -0.15625000000000000000 0 0 1 0 8 59 27 61 55 24 57 26 60 
59 15219 -1.40625000000000000000 -0.15625000000000000000 0 0 1 0 10 70 452 71 73 58 26 60 27 61 75 
60 15220 -1.71875000000000000000 -0.46875000000000000000 0 0 1 0 8 61 59 67 57 55 63 58 66 
61 15221 -1.40625000000000000000 -0.46875000000000000000 0 0 1 0 10 73 71 75 79 60 58 66 59 67 81 
62 15222 -2.34375000000000000000 -0.78125000000000000000 0 0 1 0 8 63 57 65 45 43 51 56 64 
63 15223 -2.03125000000000000000 -0.78125000000000000000 0 0 1 0 8 66 60 68 62 56 64 57 65 
64 15224 -2.34375000000000000000 -1.09375000000000000000 0 0 1 0 8 65 63 92 45 43 51 62 91 
65 15225 -2.03125000000000000000 -1.09375000000000000000 0 0 1 0 8 68 66 95 64 62 91 63 92 
66 15226 -1.71875000000000000000 -0.78125000000000000000 0 0 1 0 8 67 61 69 63 57 65 60 68 
67 15227 -1.40625000000000000000 -0.78125000000000000000 0 0 1 0 10 79 75 81 85 66 60 68 61 69 87 
68 15228 -1.71875000000000000000 -1.09375000000000000000 0 0 1 0 8 69 67 96 65 63 92 66 95 
69 15229 -1.40625000000000000000 -1.09375000000000000000 0 0 1 0 10 85 81 87 107 68 66 95 67 96 109 
70 15230 -1.17187500000000000000 -0.07812500000000000000 0 0 1 0 8 454 453 72 59 27 61 452 71 
71 15231 -1.17187500000000000000 -0.23437500000000000000 0 0 1 0 8 72 454 74 59 27 61 70 73 
72 15232 -1.01562500000000000000 -0.23437500000000000000 0 0 1 0 8 456 455 77 71 70 73 454 74 
73 15233 -1.17187500000000000000 -0.39062500000000000000 0 0 1 0 8 74 72 76 61 59 67 71 75 
74 15234 -1.01562500000000000000 -0.39062500000000000000 0 0 1 0 8 77 456 78 73 71 75 72 76 
75 15235 -1.17187500000000000000 -0.54687500000000000000 0 0 1 0 8 76 74 80 61 59 67 73 79 
76 15236 -1.01562500000000000000 -0.54687500000000000000 0 0 1 0 8 78 77 83 75 73 79 74 80 
77 15237 -0.85937500000000000000 -0.39062500000000000000 0 0 1 0 8 458 457 459 74 72 76 456 78 
78 15238 -0.85937500000000000000 -0.54687500000000000000 0 0 1 0 8 459 458 460 76 74 80 77 83 
79 15239 -1.17187500000000000000 -0.70312500000000000000 0 0 1 0 8 80 76 82 67 61 69 75 81 
80 15240 -1.01562500000000000000 -0.70312500000000000000 0 0 1 0 8 83 78 84 79 75 81 76 82 
81 15241 -1.17187500000000000000 -0.85937500000000000000 0 0 1 0 8 82 80 86 67 61 69 79 85 
82 15242 -1.01562500000000000000 -0.85937500000000000000 0 0 1 0 8 84 83 89 81 79 85 80 86 
83 15243 -0.85937500000000000000 -0.70312500000000000000 0 0 1 0 8 460 459 461 80 76 82 78 84 
84 15244 -0.85937500000000000000 -0.85937500000000000000 0 0 1 0 8 461 460 462 82 80 86 83 89 
85 15245 -1.17187500000000000000 -1.01562500000000000000 0 0 1 0 8 86 82 88 69 67 96 81 87 
86 15246 -1.01562500000000000000 -1.01562500000000000000 0 0 1 0 8 89 84 90 85 81 87 82 88 
87 15247 -1.17187500000000000000 -1.17187500000000000000 0 0 1 0 8 88 86 108 69 67 96 85 107 
88 15248 -1.01562500000000000000 -1.17187500000000000000 0 0 1 0 8 90 89 111 87 85 107 86 108 
89 15249 -0.85937500000000000000 -1.01562500000000000000 0 0 1 0 8 462 461 463 86 82 88 84 90 
90 15250 -0.85937500000000000000 -1.17187500000000000000 0 0 1 0 8 463 462 112 88 86 108 89 111 
91 15251 -2.34375000000000000000 -1.40625000000000000000 0 0 1 0 8 92 65 94 51 45 53 64 93 
92 15252 -2.03125000000000000000 -1.40625000000000000000 0 0 1 0 8 95 68 97 91 64 93 65 94 
93 15253 -2.34375000000000000000 -1.71875000000000000000 0 0 1 0 8 94 92 100 51 45 53 91 99 
94 15254 -2.03125000000000000000 -1.71875000000000000000 0 0 1 0 8 97 95 103 93 91 99 92 100 
95 15255 -1.71875000000000000000 -1.40625000000000000000 0 0 1 0 8 96 69 98 92 65 94 68 97 
96 15256 -1.40625000000000000000 -1.40625000000000000000 0 0 1 0 10 107 87 109 115 95 68 97 69 98 117 
97 15257 -1.71875000000000000000 -1.71875000000000000000 0 0 1 0 8 98 96 104 94 92 100 95 103 
98 15258 -1.40625000000000000000 -1.71875000000000000000 0 0 1 0 10 115 109 117 132 97 95 103 96 104 134 
99 15259 -2.34375000000000000000 -2.03125000000000000000 0 0 1 0 8 100 94 102 53 51 169 93 101 
100 15260 -2.03125000000000000000 -2.03125000000000000000 0 0 1 0 8 103 97 105 99 93 101 94 102 
101 15261 -2.34375000000000000000 -2.34375000000000000000 0 0 1 0 8 102 100 181 53 51 169 99 180 
102 15262 -2.03125000000000000000 -2.34375000000000000000 0 0 1 0 8 105 103 184 101 99 180 100 181 
103 15263 -1.71875000000000000000 -2.03125000000000000000 0 0 1 0 8 104 98 106 100 94 102 97 105 
104 15264 -1.40625000000000000000 -2.03125000000000000000 0 0 1 0 10 132 117 134 140 103 97 105 98 106 142 
105 15265 -1.71875000000000000000 -2.34375000000000000000 0 0 1 0 8 106 104 185 102 100 181 103 184 
106 15266 -1.40625000000000000000 -2.34375000000000000000 0 0 1 0 9 140 134 142 196 105 103 184 104 185 
107 15267 -1.17187500000000000000 -1.32812500000000000000 0 0 1 0 8 108 88 110 96 69 98 87 109 
108 15268 -1.01562500000000000000 -1.32812500000000000000 0 0 1 0 8 111 90 113 107 87 109 88 110 
109 15269 -1.17187500000000000000 -1.48437500000000000000 0 0 1 0 8 110 108 116 96 69 98 107 115 
110 15270 -1.01562500000000000000 -1.48437500000000000000 0 0 1 0 8 113 111 119 109 107 115 108 116 
111 15271 -0.85937500000000000000 -1.32812500000000000000 0 0 1 0 8 112 463 114 108 88 110 90 113 
112 15272 -0.70312500000000000000 -1.32812500000000000000 0 0 1 0 8 465 464 123 111 90 113 463 114 
113 15273 -0.85937500000000000000 -1.48437500000000000000 0 0 1 0 8 114 112 120 110 108 116 111 119 
114 15274 -0.70312500000000000000 -1.48437500000000000000 0 0 1 0 8 123 465 124 113 111 119 112 120 
115 15275 -1.17187500000000000000 -1.64062500000000000000 0 0 1 0 8 116 110 118 98 96 104 109 117 
116 15276 -1.01562500000000000000 -1.64062500000000000000 0 0 1 0 8 119 113 121 115 109 117 110 118 
117 15277 -1.17187500000000000000 -1.79687500000000000000 0 0 1 0 8 118 116 133 98 96 104 115 132 
118 15278 -1.01562500000000000000 -1.79687500000000000000 0 0 1 0 8 121 119 136 117 115 132 116 133 
119 15279 -0.85937500000000000000 -1.64062500000000000000 0 0 1 0 8 120 114 122 116 110 118 113 121 
120 15280 -0.70312500000000000000 -1.64062500000000000000 0 0 1 0 8 124 123 126 119 113 121 114 122 
121 15281 -0.85937500000000000000 -1.79687500000000000000 0 0 1 0 8 122 120 137 118 116 133 119 136 
122 15282 -0.70312500000000000000 -1.79687500000000000000 0 0 1 0 8 126 124 148 121 119 136 120 137 
123 15283 -0.54687500000000000000 -1.48437500000000000000 0 0 1 0 8 467 466 125 114 112 120 465 124 
124 15284 -0.54687500000000000000 -1.64062500000000000000 0 0 1 0 8 125 467 127 120 114 122 123 126 
125 15285 -0.39062500000000000000 -1.64062500000000000000 0 0 1 0 8 128 468 130 124 123 126 467 127 
126 15286 -0.54687500000000000000 -1.79687500000000000000 0 0 1 0 8 127 125 149 122 120 137 124 148 
127 15287 -0.39062500000000000000 -1.79687500000000000000 0 0 1 0 8 130 128 152 126 124 148 125 149 
128 15288 -0.23437500000000000000 -1.64062500000000000000 0 0 1 0 8 129 469 131 125 467 127 468 130 
129 15289 -0.07812500000000000000 -1.64062500000000000000 0 0 1 0 8 294 470 296 128 468 130 469 131 
130 15290 -0.23437500000000000000 -1.79687500000000000000 0 0 1 0 8 131 129 153 127 125 149 128 152 
131 15291 -0.07812500000000000000 -1.79687500000000000000 0 0 1 0 8 296 294 308 130 128 152 129 153 
132 15292 -1.17187500000000000000 -1.95312500000000000000 0 0 1 0 8 133 118 135 104 98 106 117 134 
133 15293 -1.01562500000000000000 -1.95312500000000000000 0 0 1 0 8 136 121 138 132 117 134 118 135 
134 15294 -1.17187500000000000000 -2.10937500000000000000 0 0 1 0 8 135 133 141 104 98 106 132 140 
135 15295 -1.01562500000000000000 -2.10937500000000000000 0 0 1 0 8 138 136 144 134 132 140 133 141 
136 15296 -0.85937500000000000000 -1.95312500000000000000 0 0 1 0 8 137 122 139 133 118 135 121 138 
137 15297 -0.70312500000000000000 -1.95312500000000000000 0 0 1 0 8 148 126 150 136 121 138 122 139 
138 15298 -0.85937500000000000000 -2.10937500000000000000 0 0 1 0 8 139 137 145 135 133 141 136 144 
139 15299 -0.70312500000000000000 -2.10937500000000000000 0 0 1 0 8 150 148 156 138 136 144 137 145 
140 15300 -1.17187500000000000000 -2.26562500000000000000 0 0 1 0 8 141 135 143 106 104 185 134 142 
141 15301 -1.01562500000000000000 -2.26562500000000000000 0 0 1 0 8 144 138 146 140 134 142 135 143 
142 15302 -1.17187500000000000000 -2.42187500000000000000 0 0 1 0 8 143 141 196 106 104 185 140 197 
143 15303 -1.01562500000000000000 -2.42187500000000000000 0 0 1 0 8 146 144 197 142 140 196 141 185 
144 15304 -0.85937500000000000000 -2.26562500000000000000 0 0 1 0 8 145 139 147 141 135 143 138 146 
145 15305 -0.70312500000000000000 -2.26562500000000000000 0 0 1 0 8 156 150 158 144 138 146 139 147 
146 15306 -0.85937500000000000000 -2.42187500000000000000 0 0 1 0 8 147 145 197 143 141 196 144 200 
147 15307 -0.70312500000000000000 -2.42187500000000000000 0 0 1 0 8 158 156 200 146 144 197 145 196 
148 15308 -0.54687500000000000000 -1.95312500000000000000 0 0 1 0 8 149 127 151 137 122 139 126 150 
149 15309 -0.39062500000000000000 -1.95312500000000000000 0 0 1 0 8 152 130 154 148 126 150 127 151 
150 15310 -0.54687500000000000000 -2.10937500000000000000 0 0 1 0 8 151 149 157 139 137 145 148 156 
151 15311 -0.39062500000000000000 -2.10937500000000000000 0 0 1 0 8 154 152 160 150 148 156 149 157 
152 15312 -0.23437500000000000000 -1.95312500000000000000 0 0 1 0 8 153 131 155 149 127 151 130 154 
153 15313 -0.07812500000000000000 -1.95312500000000000000 0 0 1 0 8 308 296 310 152 130 154 131 155 
154 15314 -0.23437500000000000000 -2.10937500000000000000 0 0 1 0 8 155 153 161 151 149 157 152 160 
155 15315 -0.07812500000000000000 -2.10937500000000000000 0 0 1 0 8 310 308 316 154 152 160 153 161 
156 15316 -0.54687500000000000000 -2.26562500000000000000 0 0 1 0 8 157 151 159 145 139 147 150 158 
157 15317 -0.39062500000000000000 -2.26562500000000000000 0 0 1 0 8 160 154 162 156 150 158 151 159 
158 15318 -0.54687500000000000000 -2.42187500000000000000 0 0 1 0 8 159 157 200 147 145 197 156 201 
159 15319 -0.39062500000000000000 -2.42187500000000000000 0 0 1 0 8 162 160 201 158 156 200 157 197 
160 15320 -0.23437500000000000000 -2.26562500000000000000 0 0 1 0 8 161 155 163 157 151 159 154 162 
161 15321 -0.07812500000000000000 -2.26562500000000000000 0 0 1 0 8 316 310 318 160 154 162 155 163 
162 15322 -0.23437500000000000000 -2.42187500000000000000 0 0 1 0 8 163 161 201 159 157 200 160 340 
163 15323 -0.07812500000000000000 -2.42187500000000000000 0 0 1 0 8 318 316 340 162 160 201 161 200 
164 15324 -4.68750000000000000000 -2.81250000000000000000 0 0 1 0 8 165 49 167 35 32 37 48 166 
165 15325 -4.06250000000000000000 -2.81250000000000000000 0 0 1 0 8 168 52 170 164 48 166 49 167 
166 15326 -4.68750000000000000000 -3.43750000000000000000 0 0 1 0 8 167 165 173 35 32 37 164 172 
167 15327 -4.06250000000000000000 -3.43750000000000000000 0 0 1 0 8 170 168 176 166 164 172 165 173 
168 15328 -3.43750000000000000000 -2.81250000000000000000 0 0 1 0 8 169 53 171 165 49 167 52 170 
169 15329 -2.81250000000000000000 -2.81250000000000000000 0 0 1 0 10 180 101 182 188 168 52 170 53 171 190 
170 15330 -3.43750000000000000000 -3.43750000000000000000 0 0 1 0 8 171 169 177 167 165 173 168 176 
171 15331 -2.81250000000000000000 -3.43750000000000000000 0 0 1 0 10 188 182 190 212 170 168 176 169 177 214 
172 15332 -4.68750000000000000000 -4.06250000000000000000 0 0 1 0 8 173 167 175 37 35 246 166 174 
173 15333 -4.06250000000000000000 -4.06250000000000000000 0 0 1 0 8 176 170 178 172 166 174 167 175 
174 15334 -4.68750000000000000000 -4.68750000000000000000 0 0 1 0 8 175 173 255 37 35 246 172 254 
175 15335 -4.06250000000000000000 -4.68750000000000000000 0 0 1 0 8 178 176 258 174 172 254 173 255 
176 15336 -3.43750000000000000000 -4.06250000000000000000 0 0 1 0 8 177 171 179 173 167 175 170 178 
177 15337 -2.81250000000000000000 -4.06250000000000000000 0 0 1 0 10 212 190 214 220 176 170 178 171 179 222 
178 15338 -3.43750000000000000000 -4.68750000000000000000 0 0 1 0 8 179 177 259 175 173 255 176 258 
179 15339 -2.81250000000000000000 -4.68750000000000000000 0 0 1 0 9 220 214 222 270 178 176 258 177 259 
180 15340 -2.34375000000000000000 -2.65625000000000000000 0 0 1 0 8 181 102 183 169 53 171 101 182 
181 15341 -2.03125000000000000000 -2.65625000000000000000 0 0 1 0 8 184 105 186 180 101 182 102 183 
182 15342 -2.34375000000000000000 -2.96875000000000000000 0 0 1 0 8 183 181 189 169 53 171 180 188 
183 15343 -2.03125000000000000000 -2.96875000000000000000 0 0 1 0 8 186 184 192 182 180 188 181 189 
184 15344 -1.71875000000000000000 -2.65625000000000000000 0 0 1 0 8 185 106 187 181 102 183 105 186 
185 15345 -1.40625000000000000000 -2.65625000000000000000 0 0 1 0 8 196 142 198 184 105 186 106 187 
186 15346 -1.71875000000000000000 -2.96875000000000000000 0 0 1 0 8 187 185 193 183 181 189 184 192 
187 15347 -1.40625000000000000000 -2.96875000000000000000 0 0 1 0 8 198 196 204 186 184 192 185 193 
188 15348 -2.34375000000000000000 -3.28125000000000000000 0 0 1 0 8 189 183 191 171 169 177 182 190 
189 15349 -2.03125000000000000000 -3.28125000000000000000 0 0 1 0 8 192 186 194 188 182 190 183 191 
190 15350 -2.34375000000000000000 -3.59375000000000000000 0 0 1 0 8 191 189 213 171 169 177 188 212 
191 15351 -2.03125000000000000000 -3.59375000000000000000 0 0 1 0 8 194 192 216 190 188 212 189 213 
192 15352 -1.71875000000000000000 -3.28125000000000000000 0 0 1 0 8 193 187 195 189 183 191 186 194 
193 15353 -1.40625000000000000000 -3.28125000000000000000 0 0 1 0 8 204 198 206 192 186 194 187 195 
194 15354 -1.71875000000000000000 -3.59375000000000000000 0 0 1 0 8 195 193 217 191 189 213 192 216 
195 15355 -1.40625000000000000000 -3.59375000000000000000 0 0 1 0 8 206 204 228 194 192 216 193 217 
196 15356 -1.09375000000000000000 -2.65625000000000000000 0 0 1 0 9 197 146 199 185 106 187 143 142 198 
197 15357 -0.78125000000000000000 -2.65625000000000000000 0 0 1 0 9 200 158 202 196 143 198 147 146 199 
198 15358 -1.09375000000000000000 -2.96875000000000000000 0 0 1 0 8 199 197 205 187 185 193 196 204 
199 15359 -0.78125000000000000000 -2.96875000000000000000 0 0 1 0 8 202 200 208 198 196 204 197 205 
200 15360 -0.46875000000000000000 -2.65625000000000000000 0 0 1 0 9 201 162 203 197 147 199 159 158 202 
201 15361 -0.15625000000000000000 -2.65625000000000000000 0 0 1 0 9 340 318 342 200 159 202 163 162 203 
202 15362 -0.46875000000000000000 -2.96875000000000000000 0 0 1 0 8 203 201 209 199 197 205 200 208 
203 15363 -0.15625000000000000000 -2.96875000000000000000 0 0 1 0 8 342 340 348 202 200 208 201 209 
204 15364 -1.09375000000000000000 -3.28125000000000000000 0 0 1 0 8 205 199 207 193 187 195 198 206 
205 15365 -0.78125000000000000000 -3.28125000000000000000 0 0 1 0 8 208 202 210 204 198 206 199 207 
206 15366 -1.09375000000000000000 -3.59375000000000000000 0 0 1 0 8 207 205 229 195 193 217 204 228 
207 15367 -0.78125000000000000000 -3.59375000000000000000 0 0 1 0 8 210 208 232 206 204 228 205 229 
208 15368 -0.46875000000000000000 -3.28125000000000000000 0 0 1 0 8 209 203 211 205 199 207 202 210 
209 15369 -0.15625000000000000000 -3.28125000000000000000 0 0 1 0 8 348 342 350 208 202 210 203 211 
210 15370 -0.46875000000000000000 -3.59375000000000000000 0 0 1 0 8 211 209 233 207 205 229 208 232 
211 15371 -0.15625000000000000000 -3.59375000000000000000 0 0 1 0 8 350 348 362 210 208 232 209 233 
212 15372 -2.34375000000000000000 -3.90625000000000000000 0 0 1 0 8 213 191 215 177 171 179 190 214 
213 15373 -2.03125000000000000000 -3.90625000000000000000 0 0 1 0 8 216 194 218 212 190 214 191 215 
214 15374 -2.34375000000000000000 -4.21875000000000000000 0 0 1 0 8 215 213 221 177 171 179 212 220 
215 15375 -2.03125000000000000000 -4.21875000000000000000 0 0 1 0 8 218 216 224 214 212 220 213 221 
216 15376 -1.71875000000000000000 -3.90625000000000000000 0 0 1 0 8 217 195 219 213 191 215 194 218 
217 15377 -1.40625000000000000000 -3.90625000000000000000 0 0 1 0 8 228 206 230 216 194 218 195 219 
218 15378 -1.71875000000000000000 -4.21875000000000000000 0 0 1 0 8 219 217 225 215 213 221 216 224 
219 15379 -1.40625000000000000000 -4.21875000000000000000 0 0 1 0 8 230 228 236 218 216 224 217 225 
220 15380 -2.34375000000000000000 -4.53125000000000000000 0 0 1 0 8 221 215 223 179 177 259 214 222 
221 15381 -2.03125000000000000000 -4.53125000000000000000 0 0 1 0 8 224 218 226 220 214 222 215 223 
222 15382 -2.34375000000000000000 -4.84375000000000000000 0 0 1 0 8 223 221 270 179 177 259 220 271 
223 15383 -2.03125000000000000000 -4.84375000000000000000 0 0 1 0 8 226 224 271 222 220 270 221 259 
224 15384 -1.71875000000000000000 -4.53125000000000000000 0 0 1 0 8 225 219 227 221 215 223 218 226 
225 15385 -1.40625000000000000000 -4.53125000000000000000 0 0 1 0 8 236 230 238 224 218 226 219 227 
226 15386 -1.71875000000000000000 -4.84375000000000000000 0 0 1 0 8 227 225 271 223 221 270 224 274 
227 15387 -1.40625000000000000000 -4.84375000000000000000 0 0 1 0 8 238 236 274 226 224 271 225 270 
228 15388 -1.09375000000000000000 -3.90625000000000000000 0 0 1 0 8 229 207 231 217 195 219 206 230 
229 15389 -0.78125000000000000000 -3.90625000000000000000 0 0 1 0 8 232 210 234 228 206 230 207 231 
230 15390 -1.09375000000000000000 -4.21875000000000000000 0 0 1 0 8 231 229 237 219 217 225 228 236 
231 15391 -0.78125000000000000000 -4.21875000000000000000 0 0 1 0 8 234 232 240 230 228 236 229 237 
232 15392 -0.46875000000000000000 -3.90625000000000000000 0 0 1 0 8 233 211 235 229 207 231 210 234 
233 15393 -0.15625000000000000000 -3.90625000000000000000 0 0 1 0 8 362 350 364 232 210 234 211 235 
234 15394 -0.46875000000000000000 -4.21875000000000000000 0 0 1 0 8 235 233 241 231 229 237 232 240 
235 15395 -0.15625000000000000000 -4.21875000000000000000 0 0 1 0 8 364 362 370 234 232 240 233 241 
236 15396 -1.09375000000000000000 -4.53125000000000000000 0 0 1 0 8 237 231 239 225 219 227 230 238 
237 15397 -0.78125000000000000000 -4.53125000000000000000 0 0 1 0 8 240 234 242 236 230 238 231 239 
238 15398 -1.09375000000000000000 -4.84375000000000000000 0 0 1 0 8 239 237 274 227 225 271 236 275 
239 15399 -0.78125000000000000000 -4.84375000000000000000 0 0 1 0 8 242 240 275 238 236 274 237 271 
240 15400 -0.46875000000000000000 -4.53125000000000000000 0 0 1 0 8 241 235 243 237 231 239 234 242 
241 15401 -0.15625000000000000000 -4.53125000000000000000 0 0 1 0 8 370 364 372 240 234 242 235 243 
242 15402 -0.46875000000000000000 -4.84375000000000000000 0 0 1 0 8 243 241 275 239 237 274 240 399 
243 15403 -0.15625000000000000000 -4.84375000000000000000 0 0 1 0 8 372 370 399 242 240 275 241 274 
244 15404 -8.75000000000000000000 -6.25000000000000000000 249 33 2 0 7 245 36 247 250 33 249 252 
245 15405 -6.87500000000000000000 -5.62500000000000000000 0 0 1 0 8 246 37 248 244 33 249 36 247 
246 15406 -5.62500000000000000000 -5.62500000000000000000 0 0 1 0 10 254 174 256 262 245 36 247 37 248 264 
247 15407 -6.87500000000000000000 -6.87500000000000000000 0 0 1 0 8 248 246 251 244 33 249 245 250 
248 15408 -5.62500000000000000000 -6.87500000000000000000 0 0 1 0 9 262 256 264 286 247 245 250 246 251 
249 15409 -8.75000000000000000000 -8.75000000000000000000 252 244 2 0 4 250 247 252 244 
250 15410 -6.87500000000000000000 -8.12500000000000000000 0 0 1 0 7 251 248 253 249 244 247 252 
251 15411 -5.62500000000000000000 -8.12500000000000000000 0 0 1 0 8 286 264 288 250 247 252 248 253 
252 15412 -6.87500000000000000000 -9.37500000000000000000 253 249 2 0 5 253 251 249 244 250 
253 15413 -5.62500000000000000000 -9.37500000000000000000 288 252 2 0 5 288 286 252 250 251 
254 15414 -4.68750000000000000000 -5.31250000000000000000 0 0 1 0 8 255 175 257 246 37 248 174 256 
255 15415 -4.06250000000000000000 -5.31250000000000000000 0 0 1 0 8 258 178 260 254 174 256 175 257 
256 15416 -4.68750000000000000000 -5.93750000000000000000 0 0 1 0 8 257 255 263 246 37 248 254 262 
257 15417 -4.06250000000000000000 -5.93750000000000000000 0 0 1 0 8 260 258 266 256 254 262 255 263 
258 15418 -3.43750000000000000000 -5.31250000000000000000 0 0 1 0 8 259 179 261 255 175 257 178 260 
259 15419 -2.81250000000000000000 -5.31250000000000000000 0 0 1 0 8 270 222 272 258 178 260 179 261 
260 15420 -3.43750000000000000000 -5.93750000000000000000 0 0 1 0 8 261 259 267 257 255 263 258 266 
261 15421 -2.81250000000000000000 -5.93750000000000000000 0 0 1 0 8 272 270 278 260 258 266 259 267 
262 15422 -4.68750000000000000000 -6.56250000000000000000 0 0 1 0 8 263 257 265 248 246 251 256 264 
263 15423 -4.06250000000000000000 -6.56250000000000000000 0 0 1 0 8 266 260 268 262 256 264 257 265 
264 15424 -4.68750000000000000000 -7.18750000000000000000 0 0 1 0 8 265 263 286 248 246 251 262 287 
265 15425 -4.06250000000000000000 -7.18750000000000000000 0 0 1 0 8 268 266 287 264 262 286 263 251 
266 15426 -3.43750000000000000000 -6.56250000000000000000 0 0 1 0 8 267 261 269 263 257 265 260 268 
267 15427 -2.81250000000000000000 -6.56250000000000000000 0 0 1 0 8 278 272 280 266 260 268 261 269 
268 15428 -3.43750000000000000000 -7.18750000000000000000 0 0 1 0 8 269 267 287 265 263 286 266 290 
269 15429 -2.81250000000000000000 -7.18750000000000000000 0 0 1 0 8 280 278 290 268 266 287 267 286 
270 15430 -2.18750000000000000000 -5.31250000000000000000 0 0 1 0 9 271 226 273 259 179 261 223 222 272 
271 15431 -1.56250000000000000000 -5.31250000000000000000 0 0 1 0 9 274 238 276 270 223 272 227 226 273 
272 15432 -2.18750000000000000000 -5.93750000000000000000 0 0 1 0 8 273 271 279 261 259 267 270 278 
273 15433 -1.56250000000000000000 -5.93750000000000000000 0 0 1 0 8 276 274 282 272 270 278 271 279 
274 15434 -0.93750000000000000000 -5.31250000000000000000 0 0 1 0 9 275 242 277 271 227 273 239 238 276 
275 15435 -0.31250000000000000000 -5.31250000000000000000 0 0 1 0 9 399 372 401 274 239 276 243 242 277 
276 15436 -0.93750000000000000000 -5.93750000000000000000 0 0 1 0 8 277 275 283 273 271 279 274 282 
277 15437 -0.31250000000000000000 -5.93750000000000000000 0 0 1 0 8 401 399 407 276 274 282 275 283 
278 15438 -2.18750000000000000000 -6.56250000000000000000 0 0 1 0 8 279 273 281 267 261 269 272 280 
279 15439 -1.56250000000000000000 -6.56250000000000000000 0 0 1 0 8 282 276 284 278 272 280 273 281 
280 15440 -2.18750000000000000000 -7.18750000000000000000 0 0 1 0 8 281 279 290 269 267 287 278 291 
281 15441 -1.56250000000000000000 -7.18750000000000000000 0 0 1 0 8 284 282 291 280 278 290 279 287 
282 15442 -0.93750000000000000000 -6.56250000000000000000 0 0 1 0 8 283 277 285 279 273 281 276 284 
283 15443 -0.31250000000000000000 -6.56250000000000000000 0 0 1 0 8 407 401 409 282 276 284 277 285 
284 15444 -0.93750000000000000000 -7.18750000000000000000 0 0 1 0 8 285 283 291 281 279 290 282 425 
285 15445 -0.31250000000000000000 -7.18750000000000000000 0 0 1 0 8 409 407 425 284 282 291 283 290 
286 15446 -4.37500000000000000000 -8.12500000000000000000 0 0 1 0 9 287 268 289 251 248 253 265 264 288 
287 15447 -3.12500000000000000000 -8.12500000000000000000 0 0 1 0 9 290 280 292 286 265 288 269 268 289 
288 15448 -4.37500000000000000000 -9.37500000000000000000 289 253 2 0 5 289 287 253 251 286 
289 15449 -3.12500000000000000000 -9.37500000000000000000 292 288 2 0 5 292 290 288 286 287 
290 15450 -1.87500000000000000000 -8.12500000000000000000 0 0 1 0 9 291 284 293 287 269 289 281 280 292 
291 15451 -0.62500000000000000000 -8.12500000000000000000 0 0 1 0 9 425 409 427 290 281 292 285 284 293 
292 15452 -1.87500000000000000000 -9.37500000000000000000 293 289 2 0 5 293 291 289 287 290 
293 15453 -0.62500000000000000000 -9.37500000000000000000 427 292 2 0 5 427 425 292 290 291 
294 15454 0.07812500000000000000 -1.64062500000000000000 0 0 1 0 8 295 471 297 129 469 131 470 296 
295 15455 0.23437500000000000000 -1.64062500000000000000 0 0 1 0 8 298 472 300 294 470 296 471 297 
296 15456 0.07812500000000000000 -1.79687500000000000000 0 0 1 0 8 297 295 309 131 129 153 294 308 
297 15457 0.23437500000000000000 -1.79687500000000000000 0 0 1 0 8 300 298 312 296 294 308 295 309 
298 15458 0.39062500000000000000 -1.64062500000000000000 0 0 1 0 8 299 473 301 295 471 297 472 300 
299 15459 0.54687500000000000000 -1.64062500000000000000 0 0 1 0 8 302 474 304 298 472 300 473 301 
300 15460 0.39062500000000000000 -1.79687500000000000000 0 0 1 0 8 301 299 313 297 295 309 298 312 
301 15461 0.54687500000000000000 -1.79687500000000000000 0 0 1 0 8 304 302 324 300 298 312 299 313 
302 15462 0.70312500000000000000 -1.64062500000000000000 0 0 1 0 8 303 475 305 299 473 301 474 304 
303 15463 0.85937500000000000000 -1.64062500000000000000 0 0 1 0 8 306 476 307 302 474 304 475 305 
304 15464 0.70312500000000000000 -1.79687500000000000000 0 0 1 0 8 305 303 325 301 299 313 302 324 
305 15465 0.85937500000000000000 -1.79687500000000000000 0 0 1 0 8 307 306 328 304 302 324 303 325 
306 15466 1.01562500000000000000 -1.64062500000000000000 0 0 1 0 8 478 477 479 303 475 305 476 307 
307 15467 1.01562500000000000000 -1.79687500000000000000 0 0 1 0 8 479 478 329 305 303 325 306 328 
308 15468 0.07812500000000000000 -1.95312500000000000000 0 0 1 0 8 309 297 311 153 131 155 296 310 
309 15469 0.23437500000000000000 -1.95312500000000000000 0 0 1 0 8 312 300 314 308 296 310 297 311 
310 15470 0.07812500000000000000 -2.10937500000000000000 0 0 1 0 8 311 309 317 155 153 161 308 316 
311 15471 0.23437500000000000000 -2.10937500000000000000 0 0 1 0 8 314 312 320 310 308 316 309 317 
312 15472 0.39062500000000000000 -1.95312500000000000000 0 0 1 0 8 313 301 315 309 297 311 300 314 
313 15473 0.54687500000000000000 -1.95312500000000000000 0 0 1 0 8 324 304 326 312 300 314 301 315 
314 15474 0.39062500000000000000 -2.10937500000000000000 0 0 1 0 8 315 313 321 311 309 317 312 320 
315 15475 0.54687500000000000000 -2.10937500000000000000 0 0 1 0 8 326 324 332 314 312 320 313 321 
316 15476 0.07812500000000000000 -2.26562500000000000000 0 0 1 0 8 317 311 319 161 155 163 310 318 
317 15477 0.23437500000000000000 -2.26562500000000000000 0 0 1 0 8 320 314 322 316 310 318 311 319 
318 15478 0.07812500000000000000 -2.42187500000000000000 0 0 1 0 8 319 317 340 163 161 201 316 341 
319 15479 0.23437500000000000000 -2.42187500000000000000 0 0 1 0 8 322 320 341 318 316 340 317 201 
320 15480 0.39062500000000000000 -2.26562500000000000000 0 0 1 0 8 321 315 323 317 311 319 314 322 
321 15481 0.54687500000000000000 -2.26562500000000000000 0 0 1 0 8 332 326 334 320 314 322 315 323 
322 15482 0.39062500000000000000 -2.42187500000000000000 0 0 1 0 8 323 321 341 319 317 340 320 344 
323 15483 0.54687500000000000000 -2.42187500000000000000 0 0 1 0 8 334 332 344 322 320 341 321 340 
324 15484 0.70312500000000000000 -1.95312500000000000000 0 0 1 0 8 325 305 327 313 301 315 304 326 
325 15485 0.85937500000000000000 -1.95312500000000000000 0 0 1 0 8 328 307 330 324 304 326 305 327 
326 15486 0.70312500000000000000 -2.10937500000000000000 0 0 1 0 8 327 325 333 315 313 321 324 332 
327 15487 0.85937500000000000000 -2.10937500000000000000 0 0 1 0 8 330 328 336 326 324 332 325 333 
328 15488 1.01562500000000000000 -1.95312500000000000000 0 0 1 0 8 329 479 331 325 305 327 307 330 
329 15489 1.17187500000000000000 -1.95312500000000000000 0 0 1 0 8 481 480 482 328 307 330 479 331 
330 15490 1.01562500000000000000 -2.10937500000000000000 0 0 1 0 8 331 329 337 327 325 333 328 336 
331 15491 1.17187500000000000000 -2.10937500000000000000 0 0 1 0 8 482 481 483 330 328 336 329 337 
332 15492 0.70312500000000000000 -2.26562500000000000000 0 0 1 0 8 333 327 335 321 315 323 326 334 
333 15493 0.85937500000000000000 -2.26562500000000000000 0 0 1 0 8 336 330 338 332 326 334 327 335 
334 15494 0.70312500000000000000 -2.42187500000000000000 0 0 1 0 8 335 333 344 323 321 341 332 345 
335 15495 0.85937500000000000000 -2.42187500000000000000 0 0 1 0 8 338 336 345 334 332 344 333 341 
336 15496 1.01562500000000000000 -2.26562500000000000000 0 0 1 0 8 337 331 339 333 327 335 330 338 
337 15497 1.17187500000000000000 -2.26562500000000000000 0 0 1 0 8 483 482 484 336 330 338 331 339 
338 15498 1.01562500000000000000 -2.42187500000000000000 0 0 1 0 8 339 337 345 335 333 344 336 485 
339 15499 1.17187500000000000000 -2.42187500000000000000 0 0 1 0 8 484 483 485 338 336 345 337 344 
340 15500 0.15625000000000000000 -2.65625000000000000000 0 0 1 0 9 341 322 343 201 163 203 319 318 342 
341 15501 0.46875000000000000000 -2.65625000000000000000 0 0 1 0 9 344 334 346 340 319 342 323 322 343 
342 15502 0.15625000000000000000 -2.96875000000000000000 0 0 1 0 8 343 341 349 203 201 209 340 348 
343 15503 0.46875000000000000000 -2.96875000000000000000 0 0 1 0 8 346 344 352 342 340 348 341 349 
344 15504 0.78125000000000000000 -2.65625000000000000000 0 0 1 0 9 345 338 347 341 323 343 335 334 346 
345 15505 1.09375000000000000000 -2.65625000000000000000 0 0 1 0 9 485 484 356 344 335 346 339 338 347 
346 15506 0.78125000000000000000 -2.96875000000000000000 0 0 1 0 8 347 345 353 343 341 349 344 352 
347 15507 1.09375000000000000000 -2.96875000000000000000 0 0 1 0 8 356 485 357 346 344 352 345 353 
348 15508 0.15625000000000000000 -3.28125000000000000000 0 0 1 0 8 349 343 351 209 203 211 342 350 
349 15509 0.46875000000000000000 -3.28125000000000000000 0 0 1 0 8 352 346 354 348 342 350 343 351 
350 15510 0.15625000000000000000 -3.59375000000000000000 0 0 1 0 8 351 349 363 211 209 233 348 362 
351 15511 0.46875000000000000000 -3.59375000000000000000 0 0 1 0 8 354 352 366 350 348 362 349 363 
352 15512 0.78125000000000000000 -3.28125000000000000000 0 0 1 0 8 353 347 355 349 343 351 346 354 
353 15513 1.09375000000000000000 -3.28125000000000000000 0 0 1 0 8 357 356 359 352 346 354 347 355 
354 15514 0.78125000000000000000 -3.59375000000000000000 0 0 1 0 8 355 353 367 351 349 363 352 366 
355 15515 1.09375000000000000000 -3.59375000000000000000 0 0 1 0 8 359 357 378 354 352 366 353 367 
356 15516 1.40625000000000000000 -2.96875000000000000000 0 0 1 0 8 487 486 358 347 345 353 485 357 
357 15517 1.40625000000000000000 -3.28125000000000000000 0 0 1 0 8 358 487 360 353 347 355 356 359 
358 15518 1.71875000000000000000 -3.28125000000000000000 0 0 1 0 8 489 488 361 357 356 359 487 360 
359 15519 1.40625000000000000000 -3.59375000000000000000 0 0 1 0 8 360 358 379 355 353 367 357 378 
360 15520 1.71875000000000000000 -3.59375000000000000000 0 0 1 0 8 361 489 382 359 357 378 358 379 
361 15521 2.03125000000000000000 -3.59375000000000000000 0 0 1 0 8 491 490 383 360 358 379 489 382 
362 15522 0.15625000000000000000 -3.90625000000000000000 0 0 1 0 8 363 351 365 233 211 235 350 364 
363 15523 0.46875000000000000000 -3.90625000000000000000 0 0 1 0 8 366 354 368 362 350 364 351 365 
364 15524 0.15625000000000000000 -4.21875000000000000000 0 0 1 0 8 365 363 371 235 233 241 362 370 
365 15525 0.46875000000000000000 -4.21875000000000000000 0 0 1 0 8 368 366 374 364 362 370 363 371 
366 15526 0.78125000000000000000 -3.90625000000000000000 0 0 1 0 8 367 355 369 363 351 365 354 368 
367 15527 1.09375000000000000000 -3.90625000000000000000 0 0 1 0 8 378 359 380 366 354 368 355 369 
368 15528 0.78125000000000000000 -4.21875000000000000000 0 0 1 0 8 369 367 375 365 363 371 366 374 
369 15529 1.09375000000000000000 -4.21875000000000000000 0 0 1 0 8 380 378 386 368 366 374 367 375 
370 15530 0.15625000000000000000 -4.53125000000000000000 0 0 1 0 8 371 365 373 241 235 243 364 372 
371 15531 0.46875000000000000000 -4.53125000000000000000 0 0 1 0 8 374 368 376 370 364 372 365 373 
372 15532 0.15625000000000000000 -4.84375000000000000000 0 0 1 0 8 373 371 399 243 241 275 370 400 
373 15533 0.46875000000000000000 -4.84375000000000000000 0 0 1 0 8 376 374 400 372 370 399 371 275 
374 15534 0.78125000000000000000 -4.53125000000000000000 0 0 1 0 8 375 369 377 371 365 373 368 376 
375 15535 1.09375000000000000000 -4.53125000000000000000 0 0 1 0 8 386 380 388 374 368 376 369 377 
376 15536 0.78125000000000000000 -4.84375000000000000000 0 0 1 0 8 377 375 400 373 371 399 374 403 
377 15537 1.09375000000000000000 -4.84375000000000000000 0 0 1 0 8 388 386 403 376 374 400 375 399 
378 15538 1.40625000000000000000 -3.90625000000000000000 0 0 1 0 8 379 360 381 367 355 369 359 380 
379 15539 1.71875000000000000000 -3.90625000000000000000 0 0 1 0 8 382 361 384 378 359 380 360 381 
380 15540 1.40625000000000000000 -4.21875000000000000000 0 0 1 0 8 381 379 387 369 367 375 378 386 
381 15541 1.71875000000000000000 -4.21875000000000000000 0 0 1 0 8 384 382 390 380 378 386 379 387 
382 15542 2.03125000000000000000 -3.90625000000000000000 0 0 1 0 8 383 491 385 379 360 381 361 384 
383 15543 2.34375000000000000000 -3.90625000000000000000 0 0 1 0 8 493 492 394 382 361 384 491 385 
384 15544 2.03125000000000000000 -4.21875000000000000000 0 0 1 0 8 385 383 391 381 379 387 382 390 
385 15545 2.34375000000000000000 -4.21875000000000000000 0 0 1 0 8 394 493 395 384 382 390 383 391 
386 15546 1.40625000000000000000 -4.53125000000000000000 0 0 1 0 8 387 381 389 375 369 377 380 388 
387 15547 1.71875000000000000000 -4.53125000000000000000 0 0 1 0 8 390 384 392 386 380 388 381 389 
388 15548 1.40625000000000000000 -4.84375000000000000000 0 0 1 0 8 389 387 403 377 375 400 386 404 
389 15549 1.71875000000000000000 -4.84375000000000000000 0 0 1 0 8 392 390 404 388 386 403 387 400 
390 15550 2.03125000000000000000 -4.53125000000000000000 0 0 1 0 8 391 385 393 387 381 389 384 392 
391 15551 2.34375000000000000000 -4.53125000000000000000 0 0 1 0 8 395 394 397 390 384 392 385 393 
392 15552 2.03125000000000000000 -4.84375000000000000000 0 0 1 0 8 393 391 404 389 387 403 390 415 
393 15553 2.34375000000000000000 -4.84375000000000000000 0 0 1 0 8 397 395 415 392 390 404 391 403 
394 15554 2.65625000000000000000 -4.21875000000000000000 0 0 1 0 8 495 494 396 385 383 391 493 395 
395 15555 2.65625000000000000000 -4.53125000000000000000 0 0 1 0 8 396 495 398 391 385 393 394 397 
396 15556 2.96875000000000000000 -4.53125000000000000000 0 0 1 0 8 497 496 498 395 394 397 495 398 
397 15557 2.65625000000000000000 -4.84375000000000000000 0 0 1 0 8 398 396 415 393 391 404 395 499 
398 15558 2.96875000000000000000 -4.84375000000000000000 0 0 1 0 8 498 497 499 397 395 415 396 404 
399 15559 0.31250000000000000000 -5.31250000000000000000 0 0 1 0 9 400 376 402 275 243 277 373 372 401 
400 15560 0.93750000000000000000 -5.31250000000000000000 0 0 1 0 9 403 388 405 399 373 401 377 376 402 
401 15561 0.31250000000000000000 -5.93750000000000000000 0 0 1 0 8 402 400 408 277 275 283 399 407 
402 15562 0.93750000000000000000 -5.93750000000000000000 0 0 1 0 8 405 403 411 401 399 407 400 408 
403 15563 1.56250000000000000000 -5.31250000000000000000 0 0 1 0 9 404 392 406 400 377 402 389 388 405 
404 15564 2.18750000000000000000 -5.31250000000000000000 0 0 1 0 9 415 397 416 403 389 405 393 392 406 
405 15565 1.56250000000000000000 -5.93750000000000000000 0 0 1 0 8 406 404 412 402 400 408 403 411 
406 15566 2.18750000000000000000 -5.93750000000000000000 0 0 1 0 8 416 415 418 405 403 411 404 412 
407 15567 0.31250000000000000000 -6.56250000000000000000 0 0 1 0 8 408 402 410 283 277 285 401 409 
408 15568 0.93750000000000000000 -6.56250000000000000000 0 0 1 0 8 411 405 413 407 401 409 402 410 
409 15569 0.31250000000000000000 -7.18750000000000000000 0 0 1 0 8 410 408 425 285 283 291 407 426 
410 15570 0.93750000000000000000 -7.18750000000000000000 0 0 1 0 8 413 411 426 409 407 425 408 291 
411 15571 1.56250000000000000000 -6.56250000000000000000 0 0 1 0 8 412 406 414 408 402 410 405 413 
412 15572 2.18750000000000000000 -6.56250000000000000000 0 0 1 0 8 418 416 420 411 405 413 406 414 
413 15573 1.56250000000000000000 -7.18750000000000000000 0 0 1 0 8 414 412 426 410 408 425 411 429 
414 15574 2.18750000000000000000 -7.18750000000000000000 0 0 1 0 8 420 418 429 413 411 426 412 425 
415 15575 2.81250000000000000000 -5.31250000000000000000 0 0 1 0 9 499 498 417 404 393 406 398 397 416 
416 15576 2.81250000000000000000 -5.93750000000000000000 0 0 1 0 8 417 499 419 406 404 412 415 418 
417 15577 3.43750000000000000000 -5.93750000000000000000 0 0 1 0 8 501 500 422 416 415 418 499 419 
418 15578 2.81250000000000000000 -6.56250000000000000000 0 0 1 0 8 419 417 421 412 406 414 416 420 
419 15579 3.43750000000000000000 -6.56250000000000000000 0 0 1 0 8 422 501 423 418 416 420 417 421 
420 15580 2.81250000000000000000 -7.18750000000000000000 0 0 1 0 8 421 419 429 414 412 426 418 430 
421 15581 3.43750000000000000000 -7.18750000000000000000 0 0 1 0 8 423 422 430 420 418 429 419 426 
422 15582 4.06250000000000000000 -6.56250000000000000000 0 0 1 0 8 503 502 424 419 417 421 501 423 
423 15583 4.06250000000000000000 -7.18750000000000000000 0 0 1 0 8 424 503 430 421 419 429 422 506 
424 15584 4.68750000000000000000 -7.18750000000000000000 0 0 1 0 8 505 504 506 423 422 430 503 429 
425 15585 0.62500000000000000000 -8.12500000000000000000 0 0 1 0 9 426 413 428 291 285 293 410 409 427 
426 15586 1.87500000000000000000 -8.12500000000000000000 0 0 1 0 9 429 420 431 425 410 427 414 413 428 
427 15587 0.62500000000000000000 -9.37500000000000000000 428 293 2 0 5 428 426 293 291 425 
428 15588 1.87500000000000000000 -9.37500000000000000000 431 427 2 0 5 431 429 427 425 426 
429 15589 3.12500000000000000000 -8.12500000000000000000 0 0 1 0 9 430 423 432 426 414 428 421 420 431 
430 15590 4.37500000000000000000 -8.12500000000000000000 0 0 1 0 9 506 505 507 429 421 431 424 423 432 
431 15591 3.12500000000000000000 -9.37500000000000000000 432 428 2 0 5 432 430 428 426 429 
432 15592 4.37500000000000000000 -9.37500000000000000000 507 431 2 0 5 507 506 431 429 430 
433 16966 -8.75000000000000000000 3.75000000000000000000 39 
434 16969 -6.87500000000000000000 3.12500000000000000000 39 
435 16970 -5.62500000000000000000 3.12500000000000000000 39 
436 16981 -4.68750000000000000000 2.81250000000000000000 39 
437 17051 -4.68750000000000000000 2.18750000000000000000 39 
438 17052 -4.06250000000000000000 2.18750000000000000000 39 
439 17053 -3.43750000000000000000 2.18750000000000000000 39 
440 17054 -2.81250000000000000000 2.18750000000000000000 39 
441 17057 -2.34375000000000000000 2.03125000000000000000 39 
442 17063 -2.34375000000000000000 1.71875000000000000000 39 
443 17065 -2.34375000000000000000 1.40625000000000000000 39 
444 17066 -2.03125000000000000000 1.40625000000000000000 39 
445 17133 -2.03125000000000000000 1.09375000000000000000 39 
446 17134 -1.71875000000000000000 1.09375000000000000000 39 
447 17136 -1.71875000000000000000 0.78125000000000000000 39 
448 16478 -1.40625000000000000000 0.78125000000000000000 38 
449 16479 -1.40625000000000000000 0.46875000000000000000 38 
450 16553 -1.17187500000000000000 0.39062500000000000000 38 
451 16559 -1.17187500000000000000 0.23437500000000000000 38 
452 16561 -1.17187500000000000000 0.07812500000000000000 38 
453 16562 -1.01562500000000000000 0.07812500000000000000 38 
454 16905 -1.01562500000000000000 -0.07812500000000000000 38 
455 16906 -0.85937500000000000000 -0.07812500000000000000 38 
456 16908 -0.85937500000000000000 -0.23437500000000000000 38 
457 16909 -0.70312500000000000000 -0.23437500000000000000 38 
458 13446 -0.70312500000000000000 -0.39062500000000000000 31 
459 13447 -0.70312500000000000000 -0.54687500000000000000 31 
460 13454 -0.70312500000000000000 -0.70312500000000000000 31 
461 13455 -0.70312500000000000000 -0.85937500000000000000 31 
462 13456 -0.70312500000000000000 -1.01562500000000000000 31 
463 13457 -0.70312500000000000000 -1.17187500000000000000 31 
464 13496 -0.58593750000000000000 -1.21093750000000000000 31 
465 13518 -0.54687500000000000000 -1.32812500000000000000 31 
466 13519 -0.39062500000000000000 -1.32812500000000000000 31 
467 13520 -0.39062500000000000000 -1.48437500000000000000 31 
468 13523 -0.23437500000000000000 -1.48437500000000000000 31 
469 13524 -0.07812500000000000000 -1.48437500000000000000 31 
470 13862 0.07812500000000000000 -1.48437500000000000000 31 
471 13863 0.23437500000000000000 -1.48437500000000000000 31 
472 13866 0.39062500000000000000 -1.48437500000000000000 31 
473 13867 0.54687500000000000000 -1.48437500000000000000 31 
474 13870 0.70312500000000000000 -1.48437500000000000000 31 
475 13871 0.85937500000000000000 -1.48437500000000000000 31 
476 13874 1.01562500000000000000 -1.48437500000000000000 31 
477 13875 1.17187500000000000000 -1.48437500000000000000 31 
478 15763 1.17187500000000000000 -1.64062500000000000000 36 
479 15764 1.17187500000000000000 -1.79687500000000000000 36 
480 15774 1.32812500000000000000 -1.79687500000000000000 36 
481 15796 1.32812500000000000000 -1.95312500000000000000 36 
482 15798 1.32812500000000000000 -2.10937500000000000000 36 
483 15804 1.32812500000000000000 -2.26562500000000000000 36 
484 15806 1.32812500000000000000 -2.42187500000000000000 36 
485 15892 1.40625000000000000000 -2.65625000000000000000 36 
486 15893 1.71875000000000000000 -2.65625000000000000000 36 
487 15894 1.71875000000000000000 -2.96875000000000000000 36 
488 15897 2.03125000000000000000 -2.96875000000000000000 36 
489 15899 2.03125000000000000000 -3.28125000000000000000 36 
490 15900 2.34375000000000000000 -3.28125000000000000000 36 
491 15901 2.34375000000000000000 -3.59375000000000000000 36 
492 15912 2.65625000000000000000 -3.59375000000000000000 36 
493 15934 2.65625000000000000000 -3.90625000000000000000 36 
494 15935 2.96875000000000000000 -3.90625000000000000000 36 
495 15936 2.96875000000000000000 -4.21875000000000000000 36 
496 15939 3.28125000000000000000 -4.21875000000000000000 36 
497 15941 3.28125000000000000000 -4.53125000000000000000 36 
498 15943 3.28125000000000000000 -4.84375000000000000000 36 
499 16001 3.43750000000000000000 -5.31250000000000000000 36 
500 16002 4.06250000000000000000 -5.31250000000000000000 36 
501 16004 4.06250000000000000000 -5.93750000000000000000 36 
502 16005 4.68750000000000000000 -5.93750000000000000000 36 
503 16006 4.68750000000000000000 -6.56250000000000000000 36 
504 16015 5.31250000000000000000 -6.56250000000000000000 36 
505 16017 5.31250000000000000000 -7.18750000000000000000 36 
506 16027 5.62500000000000000000 -8.12500000000000000000 36 
507 16029 5.62500000000000000000 -9.37500000000000000000 36 
