521 438 83
1 7829 1.01074218750000000000 0.04394531250000000000 0 0 1 0 11 131 473 136 442 440 4 441 7 6 8 138 
2 7830 0.99365234375000000000 0.02685546875000000000 0 0 1 0 8 11 5 13 446 444 447 445 3 
3 7831 0.99365234375000000000 0.02197265625000000000 0 0 1 0 11 13 11 23 447 446 449 2 19 450 20 25 
4 7832 1.00341796875000000000 0.03662109375000000000 0 0 1 0 8 7 1 9 448 442 5 439 6 
5 7833 0.99853515625000000000 0.03173828125000000000 0 0 1 0 8 6 4 12 445 443 2 448 11 
6 7834 1.00341796875000000000 0.03173828125000000000 0 0 1 0 8 9 7 15 5 448 11 4 12 
7 7835 1.00830078125000000000 0.03662109375000000000 0 0 1 0 8 8 1 10 4 442 6 131 9 
8 7836 1.01318359375000000000 0.03662109375000000000 0 0 1 0 8 136 131 138 7 1 9 442 10 
9 7837 1.00830078125000000000 0.03173828125000000000 0 0 1 0 8 10 8 16 6 4 12 7 15 
10 7838 1.01318359375000000000 0.03173828125000000000 0 0 1 0 8 138 136 144 9 7 15 8 16 
11 7839 0.99853515625000000000 0.02685546875000000000 0 0 1 0 8 12 6 14 2 445 3 5 13 
12 7840 1.00341796875000000000 0.02685546875000000000 0 0 1 0 8 15 9 17 11 5 13 6 14 
13 7841 0.99853515625000000000 0.02197265625000000000 0 0 1 0 11 14 12 27 3 2 20 11 23 21 24 29 
14 7842 1.00341796875000000000 0.02197265625000000000 0 0 1 0 11 17 15 39 13 11 24 12 27 26 28 41 
15 7843 1.00830078125000000000 0.02685546875000000000 0 0 1 0 8 16 10 18 12 6 14 9 17 
16 7844 1.01318359375000000000 0.02685546875000000000 0 0 1 0 8 144 138 146 15 9 17 10 18 
17 7845 1.00830078125000000000 0.02197265625000000000 0 0 1 0 11 18 16 43 14 12 28 15 39 30 40 45 
18 7846 1.01318359375000000000 0.02197265625000000000 0 0 1 0 11 146 144 168 17 15 40 16 43 42 44 170 
19 7847 0.99243164062500000000 0.01831054687500000000 0 0 1 0 8 20 3 21 449 447 450 13 451 
20 7848 0.99487304687500000000 0.01831054687500000000 0 0 1 0 8 23 13 25 19 3 451 447 21 
21 7849 0.99487304687500000000 0.01586914062500000000 0 0 1 0 8 25 23 31 451 19 452 20 22 
22 7850 0.99487304687500000000 0.01342773437500000000 0 0 1 0 8 31 25 33 452 451 453 21 454 
23 7851 0.99731445312500000000 0.01831054687500000000 0 0 1 0 8 24 13 26 20 3 21 14 25 
24 7852 0.99975585937500000000 0.01831054687500000000 0 0 1 0 8 27 14 29 23 13 25 3 26 
25 7853 0.99731445312500000000 0.01586914062500000000 0 0 1 0 8 26 24 32 21 20 22 23 31 
26 7854 0.99975585937500000000 0.01586914062500000000 0 0 1 0 8 29 27 35 25 23 31 24 32 
27 7855 1.00219726562500000000 0.01831054687500000000 0 0 1 0 8 28 14 30 24 13 26 17 29 
28 7856 1.00463867187500000000 0.01831054687500000000 0 0 1 0 8 39 17 41 27 14 29 13 30 
29 7857 1.00219726562500000000 0.01586914062500000000 0 0 1 0 8 30 28 36 26 24 32 27 35 
30 7858 1.00463867187500000000 0.01586914062500000000 0 0 1 0 8 41 39 47 29 27 35 28 36 
31 7859 0.99731445312500000000 0.01342773437500000000 0 0 1 0 8 32 26 34 22 21 454 25 33 
32 7860 0.99975585937500000000 0.01342773437500000000 0 0 1 0 8 35 29 37 31 25 33 26 34 
33 7861 0.99731445312500000000 0.01098632812500000000 0 0 1 0 11 34 32 58 454 22 455 31 55 456 56 60 
34 7862 0.99975585937500000000 0.01098632812500000000 0 0 1 0 11 37 35 62 33 31 56 32 58 57 59 64 
35 7863 1.00219726562500000000 0.01342773437500000000 0 0 1 0 8 36 30 38 32 26 34 29 37 
36 7864 1.00463867187500000000 0.01342773437500000000 0 0 1 0 8 47 41 49 35 29 37 30 38 
37 7865 1.00219726562500000000 0.01098632812500000000 0 0 1 0 11 38 36 66 34 32 59 35 62 61 63 68 
38 7866 1.00463867187500000000 0.01098632812500000000 0 0 1 0 11 49 47 71 37 35 63 36 66 65 67 73 
39 7867 1.00708007812500000000 0.01831054687500000000 0 0 1 0 8 40 17 42 28 14 30 18 41 
40 7868 1.00952148437500000000 0.01831054687500000000 0 0 1 0 8 43 18 45 39 17 41 14 42 
41 7869 1.00708007812500000000 0.01586914062500000000 0 0 1 0 8 42 40 48 30 28 36 39 47 
42 7870 1.00952148437500000000 0.01586914062500000000 0 0 1 0 8 45 43 51 41 39 47 40 48 
43 7871 1.01196289062500000000 0.01831054687500000000 0 0 1 0 8 44 18 46 40 17 42 146 45 
44 7872 1.01440429687500000000 0.01831054687500000000 0 0 1 0 8 168 146 170 43 18 45 17 46 
45 7873 1.01196289062500000000 0.01586914062500000000 0 0 1 0 8 46 44 52 42 40 48 43 51 
46 7874 1.01440429687500000000 0.01586914062500000000 0 0 1 0 8 170 168 176 45 43 51 44 52 
47 7875 1.00708007812500000000 0.01342773437500000000 0 0 1 0 8 48 42 50 36 30 38 41 49 
48 7876 1.00952148437500000000 0.01342773437500000000 0 0 1 0 8 51 45 53 47 41 49 42 50 
49 7877 1.00708007812500000000 0.01098632812500000000 0 0 1 0 11 50 48 75 38 36 67 47 71 69 72 77 
50 7878 1.00952148437500000000 0.01098632812500000000 0 0 1 0 11 53 51 87 49 47 72 48 75 74 76 89 
51 7879 1.01196289062500000000 0.01342773437500000000 0 0 1 0 8 52 46 54 48 42 50 45 53 
52 7880 1.01440429687500000000 0.01342773437500000000 0 0 1 0 8 176 170 178 51 45 53 46 54 
53 7881 1.01196289062500000000 0.01098632812500000000 0 0 1 0 11 54 52 91 50 48 76 51 87 78 88 93 
54 7882 1.01440429687500000000 0.01098632812500000000 0 0 1 0 10 178 176 200 53 51 88 52 91 90 92 
55 7883 0.99670410156250000000 0.00915527343750000000 0 0 1 0 8 56 33 57 455 454 456 34 457 
56 7884 0.99792480468750000000 0.00915527343750000000 0 0 1 0 8 58 34 60 55 33 457 454 57 
57 7885 0.99792480468750000000 0.00793457031250000000 0 0 1 0 8 60 58 460 457 55 458 56 459 
58 7886 0.99914550781250000000 0.00915527343750000000 0 0 1 0 8 59 34 61 56 33 57 37 60 
59 7887 1.00036621093750000000 0.00915527343750000000 0 0 1 0 8 62 37 64 58 34 60 33 61 
60 7888 0.99914550781250000000 0.00793457031250000000 0 0 1 0 8 61 59 461 57 56 459 58 460 
61 7889 1.00036621093750000000 0.00793457031250000000 0 0 1 0 8 64 62 462 60 58 460 59 461 
62 7890 1.00158691406250000000 0.00915527343750000000 0 0 1 0 8 63 37 65 59 34 61 38 64 
63 7891 1.00280761718750000000 0.00915527343750000000 0 0 1 0 8 66 38 68 62 37 64 34 65 
64 7892 1.00158691406250000000 0.00793457031250000000 0 0 1 0 8 65 63 463 61 59 461 62 462 
65 7893 1.00280761718750000000 0.00793457031250000000 0 0 1 0 8 68 66 464 64 62 462 63 463 
66 7894 1.00402832031250000000 0.00915527343750000000 0 0 1 0 8 67 38 69 63 37 65 49 68 
67 7895 1.00524902343750000000 0.00915527343750000000 0 0 1 0 8 71 49 73 66 38 68 37 69 
68 7896 1.00402832031250000000 0.00793457031250000000 0 0 1 0 8 69 67 70 65 63 463 66 464 
69 7897 1.00524902343750000000 0.00793457031250000000 0 0 1 0 8 73 71 79 68 66 464 67 70 
70 7898 1.00524902343750000000 0.00671386718750000000 0 0 1 0 8 79 73 81 464 68 465 69 466 
71 7899 1.00646972656250000000 0.00915527343750000000 0 0 1 0 8 72 49 74 67 38 69 50 73 
72 7900 1.00769042968750000000 0.00915527343750000000 0 0 1 0 8 75 50 77 71 49 73 38 74 
73 7901 1.00646972656250000000 0.00793457031250000000 0 0 1 0 8 74 72 80 69 67 70 71 79 
74 7902 1.00769042968750000000 0.00793457031250000000 0 0 1 0 8 77 75 83 73 71 79 72 80 
75 7903 1.00891113281250000000 0.00915527343750000000 0 0 1 0 8 76 50 78 72 49 74 53 77 
76 7904 1.01013183593750000000 0.00915527343750000000 0 0 1 0 8 87 53 89 75 50 77 49 78 
77 7905 1.00891113281250000000 0.00793457031250000000 0 0 1 0 8 78 76 84 74 72 80 75 83 
78 7906 1.01013183593750000000 0.00793457031250000000 0 0 1 0 8 89 87 95 77 75 83 76 84 
79 7907 1.00646972656250000000 0.00671386718750000000 0 0 1 0 8 80 74 82 70 69 466 73 81 
80 7908 1.00769042968750000000 0.00671386718750000000 0 0 1 0 8 83 77 85 79 73 81 74 82 
81 7909 1.00646972656250000000 0.00549316406250000000 0 0 1 0 9 82 80 103 466 70 467 79 469 468 
82 7910 1.00769042968750000000 0.00549316406250000000 0 0 1 0 8 85 83 105 81 79 469 80 103 
83 7911 1.00891113281250000000 0.00671386718750000000 0 0 1 0 8 84 78 86 80 74 82 77 85 
84 7912 1.01013183593750000000 0.00671386718750000000 0 0 1 0 8 95 89 97 83 77 85 78 86 
85 7913 1.00891113281250000000 0.00549316406250000000 0 0 1 0 8 86 84 106 82 80 103 83 105 
86 7914 1.01013183593750000000 0.00549316406250000000 0 0 1 0 8 97 95 115 85 83 105 84 106 
87 7915 1.01135253906250000000 0.00915527343750000000 0 0 1 0 8 88 53 90 76 50 78 54 89 
88 7916 1.01257324218750000000 0.00915527343750000000 0 0 1 0 8 91 54 93 87 53 89 50 90 
89 7917 1.01135253906250000000 0.00793457031250000000 0 0 1 0 8 90 88 96 78 76 84 87 95 
90 7918 1.01257324218750000000 0.00793457031250000000 0 0 1 0 8 93 91 99 89 87 95 88 96 
91 7919 1.01379394531250000000 0.00915527343750000000 0 0 1 0 8 92 54 94 88 53 90 178 93 
92 7920 1.01501464843750000000 0.00915527343750000000 0 0 1 0 8 200 178 202 91 54 93 53 94 
93 7921 1.01379394531250000000 0.00793457031250000000 0 0 1 0 8 94 92 100 90 88 96 91 99 
94 7922 1.01501464843750000000 0.00793457031250000000 0 0 1 0 8 200 178 202 93 91 99 92 100 
95 7923 1.01135253906250000000 0.00671386718750000000 0 0 1 0 8 96 90 98 84 78 86 89 97 
96 7924 1.01257324218750000000 0.00671386718750000000 0 0 1 0 8 99 93 101 95 89 97 90 98 
97 7925 1.01135253906250000000 0.00549316406250000000 0 0 1 0 8 98 96 116 86 84 106 95 115 
98 7926 1.01257324218750000000 0.00549316406250000000 0 0 1 0 8 101 99 119 97 95 115 96 116 
99 7927 1.01379394531250000000 0.00671386718750000000 0 0 1 0 8 100 94 102 96 90 98 93 101 
100 7928 1.01501464843750000000 0.00671386718750000000 0 0 1 0 8 202 200 208 99 93 101 94 102 
101 7929 1.01379394531250000000 0.00549316406250000000 0 0 1 0 8 102 100 120 98 96 116 99 119 
102 7930 1.01501464843750000000 0.00549316406250000000 0 0 1 0 8 202 200 208 101 99 119 100 120 
103 7931 1.00769042968750000000 0.00427246093750000000 0 0 1 0 8 105 85 107 469 81 470 82 104 
104 7932 1.00769042968750000000 0.00305175781250000000 0 0 1 0 8 107 105 111 470 469 471 103 109 
105 7933 1.00891113281250000000 0.00427246093750000000 0 0 1 0 8 106 86 108 103 82 104 85 107 
106 7934 1.01013183593750000000 0.00427246093750000000 0 0 1 0 8 115 97 117 105 85 107 86 108 
107 7935 1.00891113281250000000 0.00305175781250000000 0 0 1 0 8 108 106 112 104 103 109 105 111 
108 7936 1.01013183593750000000 0.00305175781250000000 0 0 1 0 8 117 115 123 107 105 111 106 112 
109 7937 1.00769042968750000000 0.00183105468750000000 0 0 1 0 8 111 107 113 471 470 472 104 110 
110 7938 1.00769042968750000000 0.00061035156250000000 0 0 1 0 8 113 111 268 472 471 493 109 266 
111 7939 1.00891113281250000000 0.00183105468750000000 0 0 1 0 8 112 108 114 109 104 110 107 113 
112 7940 1.01013183593750000000 0.00183105468750000000 0 0 1 0 8 123 117 125 111 107 113 108 114 
113 7941 1.00891113281250000000 0.00061035156250000000 0 0 1 0 8 114 112 269 110 109 266 111 268 
114 7942 1.01013183593750000000 0.00061035156250000000 0 0 1 0 8 125 123 278 113 111 268 112 269 
115 7943 1.01135253906250000000 0.00427246093750000000 0 0 1 0 8 116 98 118 106 86 108 97 117 
116 7944 1.01257324218750000000 0.00427246093750000000 0 0 1 0 8 119 101 121 115 97 117 98 118 
117 7945 1.01135253906250000000 0.00305175781250000000 0 0 1 0 8 118 116 124 108 106 112 115 123 
118 7946 1.01257324218750000000 0.00305175781250000000 0 0 1 0 8 121 119 127 117 115 123 116 124 
119 7947 1.01379394531250000000 0.00427246093750000000 0 0 1 0 8 120 102 122 116 98 118 101 121 
120 7948 1.01501464843750000000 0.00427246093750000000 0 0 1 0 8 208 202 210 119 101 121 102 122 
121 7949 1.01379394531250000000 0.00305175781250000000 0 0 1 0 8 122 120 128 118 116 124 119 127 
122 7950 1.01501464843750000000 0.00305175781250000000 0 0 1 0 8 208 202 210 121 119 127 120 128 
123 7951 1.01135253906250000000 0.00183105468750000000 0 0 1 0 8 124 118 126 112 108 114 117 125 
124 7952 1.01257324218750000000 0.00183105468750000000 0 0 1 0 8 127 121 129 123 117 125 118 126 
125 7953 1.01135253906250000000 0.00061035156250000000 0 0 1 0 8 126 124 279 114 112 269 123 278 
126 7954 1.01257324218750000000 0.00061035156250000000 0 0 1 0 8 129 127 282 125 123 278 124 279 
127 7955 1.01379394531250000000 0.00183105468750000000 0 0 1 0 8 128 122 130 124 118 126 121 129 
128 7956 1.01501464843750000000 0.00183105468750000000 0 0 1 0 8 210 208 346 127 121 129 122 130 
129 7957 1.01379394531250000000 0.00061035156250000000 0 0 1 0 8 130 128 283 126 124 279 127 282 
130 7958 1.01501464843750000000 0.00061035156250000000 0 0 1 0 8 210 208 346 129 127 282 128 283 
131 7959 1.02050781250000000000 0.04394531250000000000 0 0 1 0 11 132 474 140 1 441 8 473 136 10 137 142 
132 7960 1.03027343750000000000 0.04394531250000000000 0 0 1 0 11 133 475 152 131 473 137 474 140 139 141 154 
133 7961 1.04003906250000000000 0.04394531250000000000 0 0 1 0 11 134 476 156 132 474 141 475 152 143 153 158 
134 7962 1.04980468750000000000 0.04394531250000000000 0 0 1 0 10 135 477 248 133 475 153 476 156 155 157 
135 7963 1.05957031250000000000 0.04394531250000000000 0 0 1 0 9 479 478 249 134 476 157 477 248 159 
136 7964 1.01806640625000000000 0.03662109375000000000 0 0 1 0 8 137 131 139 8 1 10 132 138 
137 7965 1.02294921875000000000 0.03662109375000000000 0 0 1 0 8 140 132 142 136 131 138 1 139 
138 7966 1.01806640625000000000 0.03173828125000000000 0 0 1 0 8 139 137 145 10 8 16 136 144 
139 7967 1.02294921875000000000 0.03173828125000000000 0 0 1 0 8 142 140 148 138 136 144 137 145 
140 7968 1.02783203125000000000 0.03662109375000000000 0 0 1 0 8 141 132 143 137 131 139 133 142 
141 7969 1.03271484375000000000 0.03662109375000000000 0 0 1 0 8 152 133 154 140 132 142 131 143 
142 7970 1.02783203125000000000 0.03173828125000000000 0 0 1 0 8 143 141 149 139 137 145 140 148 
143 7971 1.03271484375000000000 0.03173828125000000000 0 0 1 0 8 154 152 160 142 140 148 141 149 
144 7972 1.01806640625000000000 0.02685546875000000000 0 0 1 0 8 145 139 147 16 10 18 138 146 
145 7973 1.02294921875000000000 0.02685546875000000000 0 0 1 0 8 148 142 150 144 138 146 139 147 
146 7974 1.01806640625000000000 0.02197265625000000000 0 0 1 0 11 147 145 172 18 16 44 144 168 46 169 174 
147 7975 1.02294921875000000000 0.02197265625000000000 0 0 1 0 11 150 148 184 146 144 169 145 172 171 173 186 
148 7976 1.02783203125000000000 0.02685546875000000000 0 0 1 0 8 149 143 151 145 139 147 142 150 
149 7977 1.03271484375000000000 0.02685546875000000000 0 0 1 0 8 160 154 162 148 142 150 143 151 
150 7978 1.02783203125000000000 0.02197265625000000000 0 0 1 0 11 151 149 188 147 145 173 148 184 175 185 190 
151 7979 1.03271484375000000000 0.02197265625000000000 0 0 1 0 10 162 160 232 150 148 185 149 188 187 189 
152 7980 1.03759765625000000000 0.03662109375000000000 0 0 1 0 8 153 133 155 141 132 143 134 154 
153 7981 1.04248046875000000000 0.03662109375000000000 0 0 1 0 8 156 134 158 152 133 154 132 155 
154 7982 1.03759765625000000000 0.03173828125000000000 0 0 1 0 8 155 153 161 143 141 149 152 160 
155 7983 1.04248046875000000000 0.03173828125000000000 0 0 1 0 8 158 156 164 154 152 160 153 161 
156 7984 1.04736328125000000000 0.03662109375000000000 0 0 1 0 8 157 134 159 153 133 155 135 158 
157 7985 1.05224609375000000000 0.03662109375000000000 0 0 1 0 8 248 135 250 156 134 158 133 159 
158 7986 1.04736328125000000000 0.03173828125000000000 0 0 1 0 8 159 157 165 155 153 161 156 164 
159 7987 1.05224609375000000000 0.03173828125000000000 0 0 1 0 8 248 135 250 158 156 164 157 165 
160 7988 1.03759765625000000000 0.02685546875000000000 0 0 1 0 8 161 155 163 149 143 151 154 162 
161 7989 1.04248046875000000000 0.02685546875000000000 0 0 1 0 8 164 158 166 160 154 162 155 163 
162 7990 1.03759765625000000000 0.02197265625000000000 0 0 1 0 9 163 161 233 151 149 189 160 232 191 
163 7991 1.04248046875000000000 0.02197265625000000000 0 0 1 0 8 166 164 236 162 160 232 161 233 
164 7992 1.04736328125000000000 0.02685546875000000000 0 0 1 0 8 165 159 167 161 155 163 158 166 
165 7993 1.05224609375000000000 0.02685546875000000000 0 0 1 0 8 250 248 253 164 158 166 159 167 
166 7994 1.04736328125000000000 0.02197265625000000000 0 0 1 0 8 167 165 237 163 161 233 164 236 
167 7995 1.05224609375000000000 0.02197265625000000000 0 0 1 0 8 250 248 253 166 164 236 165 237 
168 7996 1.01684570312500000000 0.01831054687500000000 0 0 1 0 8 169 146 171 44 18 46 147 170 
169 7997 1.01928710937500000000 0.01831054687500000000 0 0 1 0 8 172 147 174 168 146 170 18 171 
170 7998 1.01684570312500000000 0.01586914062500000000 0 0 1 0 8 171 169 177 46 44 52 168 176 
171 7999 1.01928710937500000000 0.01586914062500000000 0 0 1 0 8 174 172 180 170 168 176 169 177 
172 8000 1.02172851562500000000 0.01831054687500000000 0 0 1 0 8 173 147 175 169 146 171 150 174 
173 8001 1.02416992187500000000 0.01831054687500000000 0 0 1 0 8 184 150 186 172 147 174 146 175 
174 8002 1.02172851562500000000 0.01586914062500000000 0 0 1 0 8 175 173 181 171 169 177 172 180 
175 8003 1.02416992187500000000 0.01586914062500000000 0 0 1 0 8 186 184 192 174 172 180 173 181 
176 8004 1.01684570312500000000 0.01342773437500000000 0 0 1 0 8 177 171 179 52 46 54 170 178 
177 8005 1.01928710937500000000 0.01342773437500000000 0 0 1 0 8 180 174 182 176 170 178 171 179 
178 8006 1.01684570312500000000 0.01098632812500000000 0 0 1 0 9 179 177 201 54 52 92 176 200 94 
179 8007 1.01928710937500000000 0.01098632812500000000 0 0 1 0 8 182 180 204 178 176 200 177 201 
180 8008 1.02172851562500000000 0.01342773437500000000 0 0 1 0 8 181 175 183 177 171 179 174 182 
181 8009 1.02416992187500000000 0.01342773437500000000 0 0 1 0 8 192 186 194 180 174 182 175 183 
182 8010 1.02172851562500000000 0.01098632812500000000 0 0 1 0 8 183 181 205 179 177 201 180 204 
183 8011 1.02416992187500000000 0.01098632812500000000 0 0 1 0 8 194 192 216 182 180 204 181 205 
184 8012 1.02661132812500000000 0.01831054687500000000 0 0 1 0 8 185 150 187 173 147 175 151 186 
185 8013 1.02905273437500000000 0.01831054687500000000 0 0 1 0 8 188 151 190 184 150 186 147 187 
186 8014 1.02661132812500000000 0.01586914062500000000 0 0 1 0 8 187 185 193 175 173 181 184 192 
187 8015 1.02905273437500000000 0.01586914062500000000 0 0 1 0 8 190 188 196 186 184 192 185 193 
188 8016 1.03149414062500000000 0.01831054687500000000 0 0 1 0 8 189 151 191 185 150 187 162 190 
189 8017 1.03393554687500000000 0.01831054687500000000 0 0 1 0 8 232 162 234 188 151 190 150 191 
190 8018 1.03149414062500000000 0.01586914062500000000 0 0 1 0 8 191 189 197 187 185 193 188 196 
191 8019 1.03393554687500000000 0.01586914062500000000 0 0 1 0 8 232 162 234 190 188 196 189 197 
192 8020 1.02661132812500000000 0.01342773437500000000 0 0 1 0 8 193 187 195 181 175 183 186 194 
193 8021 1.02905273437500000000 0.01342773437500000000 0 0 1 0 8 196 190 198 192 186 194 187 195 
194 8022 1.02661132812500000000 0.01098632812500000000 0 0 1 0 8 195 193 217 183 181 205 192 216 
195 8023 1.02905273437500000000 0.01098632812500000000 0 0 1 0 8 198 196 220 194 192 216 193 217 
196 8024 1.03149414062500000000 0.01342773437500000000 0 0 1 0 8 197 191 199 193 187 195 190 198 
197 8025 1.03393554687500000000 0.01342773437500000000 0 0 1 0 8 234 232 240 196 190 198 191 199 
198 8026 1.03149414062500000000 0.01098632812500000000 0 0 1 0 8 199 197 221 195 193 217 196 220 
199 8027 1.03393554687500000000 0.01098632812500000000 0 0 1 0 8 234 232 240 198 196 220 197 221 
200 8028 1.01684570312500000000 0.00854492187500000000 0 0 1 0 10 201 179 203 92 54 94 100 178 202 102 
201 8029 1.01928710937500000000 0.00854492187500000000 0 0 1 0 8 204 182 206 200 178 202 179 203 
202 8030 1.01684570312500000000 0.00610351562500000000 0 0 1 0 10 203 201 209 100 94 102 120 200 208 122 
203 8031 1.01928710937500000000 0.00610351562500000000 0 0 1 0 8 206 204 212 202 200 208 201 209 
204 8032 1.02172851562500000000 0.00854492187500000000 0 0 1 0 8 205 183 207 201 179 203 182 206 
205 8033 1.02416992187500000000 0.00854492187500000000 0 0 1 0 8 216 194 218 204 182 206 183 207 
206 8034 1.02172851562500000000 0.00610351562500000000 0 0 1 0 8 207 205 213 203 201 209 204 212 
207 8035 1.02416992187500000000 0.00610351562500000000 0 0 1 0 8 218 216 224 206 204 212 205 213 
208 8036 1.01684570312500000000 0.00366210937500000000 0 0 1 0 10 209 203 211 120 102 122 128 202 210 130 
209 8037 1.01928710937500000000 0.00366210937500000000 0 0 1 0 8 212 206 214 208 202 210 203 211 
210 8038 1.01684570312500000000 0.00122070312500000000 0 0 1 0 10 211 209 347 128 122 130 283 208 346 285 
211 8039 1.01928710937500000000 0.00122070312500000000 0 0 1 0 8 214 212 350 210 208 346 209 347 
212 8040 1.02172851562500000000 0.00366210937500000000 0 0 1 0 8 213 207 215 209 203 211 206 214 
213 8041 1.02416992187500000000 0.00366210937500000000 0 0 1 0 8 224 218 226 212 206 214 207 215 
214 8042 1.02172851562500000000 0.00122070312500000000 0 0 1 0 8 215 213 351 211 209 347 212 350 
215 8043 1.02416992187500000000 0.00122070312500000000 0 0 1 0 8 226 224 362 214 212 350 213 351 
216 8044 1.02661132812500000000 0.00854492187500000000 0 0 1 0 8 217 195 219 205 183 207 194 218 
217 8045 1.02905273437500000000 0.00854492187500000000 0 0 1 0 8 220 198 222 216 194 218 195 219 
218 8046 1.02661132812500000000 0.00610351562500000000 0 0 1 0 8 219 217 225 207 205 213 216 224 
219 8047 1.02905273437500000000 0.00610351562500000000 0 0 1 0 8 222 220 228 218 216 224 217 225 
220 8048 1.03149414062500000000 0.00854492187500000000 0 0 1 0 8 221 199 223 217 195 219 198 222 
221 8049 1.03393554687500000000 0.00854492187500000000 0 0 1 0 8 240 234 242 220 198 222 199 223 
222 8050 1.03149414062500000000 0.00610351562500000000 0 0 1 0 8 223 221 229 219 217 225 220 228 
223 8051 1.03393554687500000000 0.00610351562500000000 0 0 1 0 8 240 234 242 222 220 228 221 229 
224 8052 1.02661132812500000000 0.00366210937500000000 0 0 1 0 8 225 219 227 213 207 215 218 226 
225 8053 1.02905273437500000000 0.00366210937500000000 0 0 1 0 8 228 222 230 224 218 226 219 227 
226 8054 1.02661132812500000000 0.00122070312500000000 0 0 1 0 8 227 225 363 215 213 351 224 362 
227 8055 1.02905273437500000000 0.00122070312500000000 0 0 1 0 8 230 228 366 226 224 362 225 363 
228 8056 1.03149414062500000000 0.00366210937500000000 0 0 1 0 8 229 223 231 225 219 227 222 230 
229 8057 1.03393554687500000000 0.00366210937500000000 0 0 1 0 8 242 240 410 228 222 230 223 231 
230 8058 1.03149414062500000000 0.00122070312500000000 0 0 1 0 8 231 229 367 227 225 363 228 366 
231 8059 1.03393554687500000000 0.00122070312500000000 0 0 1 0 8 242 240 410 230 228 366 229 367 
232 8060 1.03759765625000000000 0.01708984375000000000 0 0 1 0 10 233 163 235 189 151 191 197 162 234 199 
233 8061 1.04248046875000000000 0.01708984375000000000 0 0 1 0 8 236 166 238 232 162 234 163 235 
234 8062 1.03759765625000000000 0.01220703125000000000 0 0 1 0 10 235 233 241 197 191 199 221 232 240 223 
235 8063 1.04248046875000000000 0.01220703125000000000 0 0 1 0 8 238 236 244 234 232 240 233 241 
236 8064 1.04736328125000000000 0.01708984375000000000 0 0 1 0 8 237 167 239 233 163 235 166 238 
237 8065 1.05224609375000000000 0.01708984375000000000 0 0 1 0 8 253 250 255 236 166 238 167 239 
238 8066 1.04736328125000000000 0.01220703125000000000 0 0 1 0 8 239 237 245 235 233 241 236 244 
239 8067 1.05224609375000000000 0.01220703125000000000 0 0 1 0 8 253 250 255 238 236 244 237 245 
240 8068 1.03759765625000000000 0.00732421875000000000 0 0 1 0 10 241 235 243 221 199 223 229 234 242 231 
241 8069 1.04248046875000000000 0.00732421875000000000 0 0 1 0 8 244 238 246 240 234 242 235 243 
242 8070 1.03759765625000000000 0.00244140625000000000 0 0 1 0 10 243 241 411 229 223 231 367 240 410 369 
243 8071 1.04248046875000000000 0.00244140625000000000 0 0 1 0 8 246 244 414 242 240 410 241 411 
244 8072 1.04736328125000000000 0.00732421875000000000 0 0 1 0 8 245 239 247 241 235 243 238 246 
245 8073 1.05224609375000000000 0.00732421875000000000 0 0 1 0 8 255 253 434 244 238 246 239 247 
246 8074 1.04736328125000000000 0.00244140625000000000 0 0 1 0 8 247 245 415 243 241 411 244 414 
247 8075 1.05224609375000000000 0.00244140625000000000 0 0 1 0 8 255 253 434 246 244 414 245 415 
248 8076 1.05957031250000000000 0.03417968750000000000 0 0 1 0 10 249 479 251 157 134 159 165 135 250 167 
249 8077 1.06933593750000000000 0.03417968750000000000 0 0 1 0 8 481 480 252 248 135 250 479 251 
250 8078 1.05957031250000000000 0.02441406250000000000 0 0 1 0 10 251 249 254 165 159 167 237 248 253 239 
251 8079 1.06933593750000000000 0.02441406250000000000 0 0 1 0 8 252 481 257 250 248 253 249 254 
252 8080 1.07910156250000000000 0.02441406250000000000 0 0 1 0 8 483 482 258 251 249 254 481 257 
253 8081 1.05957031250000000000 0.01464843750000000000 0 0 1 0 10 254 251 256 237 167 239 245 250 255 247 
254 8082 1.06933593750000000000 0.01464843750000000000 0 0 1 0 8 257 252 259 253 250 255 251 256 
255 8083 1.05957031250000000000 0.00488281250000000000 0 0 1 0 10 256 254 435 245 239 247 415 253 434 417 
256 8084 1.06933593750000000000 0.00488281250000000000 0 0 1 0 8 259 257 438 255 253 434 254 435 
257 8085 1.07910156250000000000 0.01464843750000000000 0 0 1 0 8 258 483 260 254 251 256 252 259 
258 8086 1.08886718750000000000 0.01464843750000000000 0 0 1 0 8 485 484 521 257 252 259 483 260 
259 8087 1.07910156250000000000 0.00488281250000000000 0 0 1 0 8 260 258 514 256 254 435 257 438 
260 8088 1.08886718750000000000 0.00488281250000000000 0 0 1 0 8 485 484 521 259 257 438 258 514 
261 8089 1.00524902343750000000 -0.00671386718750000000 0 0 1 0 8 296 294 302 490 488 262 489 263 
262 8090 1.00402832031250000000 -0.00793457031250000000 0 0 1 0 8 263 261 265 491 487 492 490 264 
263 8091 1.00524902343750000000 -0.00793457031250000000 0 0 1 0 8 302 296 304 262 490 264 261 265 
264 8092 1.00402832031250000000 -0.00915527343750000000 0 0 1 0 8 265 263 326 492 491 497 262 328 
265 8093 1.00524902343750000000 -0.00915527343750000000 0 0 1 0 8 304 302 328 264 262 326 263 497 
266 8094 1.00769042968750000000 -0.00061035156250000000 0 0 1 0 8 268 113 270 493 472 494 110 267 
267 8095 1.00769042968750000000 -0.00183105468750000000 0 0 1 0 8 270 268 274 494 493 495 266 272 
268 8096 1.00891113281250000000 -0.00061035156250000000 0 0 1 0 8 269 114 271 266 110 267 113 270 
269 8097 1.01013183593750000000 -0.00061035156250000000 0 0 1 0 8 278 125 280 268 113 270 114 271 
270 8098 1.00891113281250000000 -0.00183105468750000000 0 0 1 0 8 271 269 275 267 266 272 268 274 
271 8099 1.01013183593750000000 -0.00183105468750000000 0 0 1 0 8 280 278 286 270 268 274 269 275 
272 8100 1.00769042968750000000 -0.00305175781250000000 0 0 1 0 8 274 270 276 495 494 496 267 273 
273 8101 1.00769042968750000000 -0.00427246093750000000 0 0 1 0 8 276 274 298 496 495 294 272 295 
274 8102 1.00891113281250000000 -0.00305175781250000000 0 0 1 0 8 275 271 277 272 267 273 270 276 
275 8103 1.01013183593750000000 -0.00305175781250000000 0 0 1 0 8 286 280 288 274 270 276 271 277 
276 8104 1.00891113281250000000 -0.00427246093750000000 0 0 1 0 8 277 275 299 273 272 295 274 298 
277 8105 1.01013183593750000000 -0.00427246093750000000 0 0 1 0 8 288 286 310 276 274 298 275 299 
278 8106 1.01135253906250000000 -0.00061035156250000000 0 0 1 0 8 279 126 281 269 114 271 125 280 
279 8107 1.01257324218750000000 -0.00061035156250000000 0 0 1 0 8 282 129 284 278 125 280 126 281 
280 8108 1.01135253906250000000 -0.00183105468750000000 0 0 1 0 8 281 279 287 271 269 275 278 286 
281 8109 1.01257324218750000000 -0.00183105468750000000 0 0 1 0 8 284 282 290 280 278 286 279 287 
282 8110 1.01379394531250000000 -0.00061035156250000000 0 0 1 0 8 283 130 285 279 126 281 129 284 
283 8111 1.01501464843750000000 -0.00061035156250000000 0 0 1 0 8 346 210 348 282 129 284 130 285 
284 8112 1.01379394531250000000 -0.00183105468750000000 0 0 1 0 8 285 283 291 281 279 287 282 290 
285 8113 1.01501464843750000000 -0.00183105468750000000 0 0 1 0 8 346 210 348 284 282 290 283 291 
286 8114 1.01135253906250000000 -0.00305175781250000000 0 0 1 0 8 287 281 289 275 271 277 280 288 
287 8115 1.01257324218750000000 -0.00305175781250000000 0 0 1 0 8 290 284 292 286 280 288 281 289 
288 8116 1.01135253906250000000 -0.00427246093750000000 0 0 1 0 8 289 287 311 277 275 299 286 310 
289 8117 1.01257324218750000000 -0.00427246093750000000 0 0 1 0 8 292 290 314 288 286 310 287 311 
290 8118 1.01379394531250000000 -0.00305175781250000000 0 0 1 0 8 291 285 293 287 281 289 284 292 
291 8119 1.01501464843750000000 -0.00305175781250000000 0 0 1 0 8 348 346 354 290 284 292 285 293 
292 8120 1.01379394531250000000 -0.00427246093750000000 0 0 1 0 8 293 291 315 289 287 311 290 314 
293 8121 1.01501464843750000000 -0.00427246093750000000 0 0 1 0 8 348 346 354 292 290 314 291 315 
294 8122 1.00646972656250000000 -0.00549316406250000000 0 0 1 0 8 295 273 297 489 486 261 496 296 
295 8123 1.00769042968750000000 -0.00549316406250000000 0 0 1 0 8 298 276 300 294 496 296 273 297 
296 8124 1.00646972656250000000 -0.00671386718750000000 0 0 1 0 8 297 295 303 261 489 263 294 302 
297 8125 1.00769042968750000000 -0.00671386718750000000 0 0 1 0 8 300 298 306 296 294 302 295 303 
298 8126 1.00891113281250000000 -0.00549316406250000000 0 0 1 0 8 299 277 301 295 273 297 276 300 
299 8127 1.01013183593750000000 -0.00549316406250000000 0 0 1 0 8 310 288 312 298 276 300 277 301 
300 8128 1.00891113281250000000 -0.00671386718750000000 0 0 1 0 8 301 299 307 297 295 303 298 306 
301 8129 1.01013183593750000000 -0.00671386718750000000 0 0 1 0 8 312 310 318 300 298 306 299 307 
302 8130 1.00646972656250000000 -0.00793457031250000000 0 0 1 0 8 303 297 305 263 261 265 296 304 
303 8131 1.00769042968750000000 -0.00793457031250000000 0 0 1 0 8 306 300 308 302 296 304 297 305 
304 8132 1.00646972656250000000 -0.00915527343750000000 0 0 1 0 8 305 303 328 265 263 326 302 329 
305 8133 1.00769042968750000000 -0.00915527343750000000 0 0 1 0 8 308 306 329 304 302 328 303 326 
306 8134 1.00891113281250000000 -0.00793457031250000000 0 0 1 0 8 307 301 309 303 297 305 300 308 
307 8135 1.01013183593750000000 -0.00793457031250000000 0 0 1 0 8 318 312 320 306 300 308 301 309 
308 8136 1.00891113281250000000 -0.00915527343750000000 0 0 1 0 8 309 307 329 305 303 328 306 332 
309 8137 1.01013183593750000000 -0.00915527343750000000 0 0 1 0 8 320 318 332 308 306 329 307 328 
310 8138 1.01135253906250000000 -0.00549316406250000000 0 0 1 0 8 311 289 313 299 277 301 288 312 
311 8139 1.01257324218750000000 -0.00549316406250000000 0 0 1 0 8 314 292 316 310 288 312 289 313 
312 8140 1.01135253906250000000 -0.00671386718750000000 0 0 1 0 8 313 311 319 301 299 307 310 318 
313 8141 1.01257324218750000000 -0.00671386718750000000 0 0 1 0 8 316 314 322 312 310 318 311 319 
314 8142 1.01379394531250000000 -0.00549316406250000000 0 0 1 0 8 315 293 317 311 289 313 292 316 
315 8143 1.01501464843750000000 -0.00549316406250000000 0 0 1 0 8 354 348 356 314 292 316 293 317 
316 8144 1.01379394531250000000 -0.00671386718750000000 0 0 1 0 8 317 315 323 313 311 319 314 322 
317 8145 1.01501464843750000000 -0.00671386718750000000 0 0 1 0 8 354 348 356 316 314 322 315 323 
318 8146 1.01135253906250000000 -0.00793457031250000000 0 0 1 0 8 319 313 321 307 301 309 312 320 
319 8147 1.01257324218750000000 -0.00793457031250000000 0 0 1 0 8 322 316 324 318 312 320 313 321 
320 8148 1.01135253906250000000 -0.00915527343750000000 0 0 1 0 8 321 319 332 309 307 329 318 333 
321 8149 1.01257324218750000000 -0.00915527343750000000 0 0 1 0 8 324 322 333 320 318 332 319 329 
322 8150 1.01379394531250000000 -0.00793457031250000000 0 0 1 0 8 323 317 325 319 313 321 316 324 
323 8151 1.01501464843750000000 -0.00793457031250000000 0 0 1 0 8 356 354 378 322 316 324 317 325 
324 8152 1.01379394531250000000 -0.00915527343750000000 0 0 1 0 8 325 323 333 321 319 332 322 378 
325 8153 1.01501464843750000000 -0.00915527343750000000 0 0 1 0 8 356 354 378 324 322 333 323 332 
326 8154 1.00463867187500000000 -0.01098632812500000000 0 0 1 0 9 328 304 330 497 492 498 265 264 327 
327 8155 1.00463867187500000000 -0.01342773437500000000 0 0 1 0 8 330 328 336 498 497 499 326 500 
328 8156 1.00708007812500000000 -0.01098632812500000000 0 0 1 0 9 329 308 331 326 265 327 305 304 330 
329 8157 1.00952148437500000000 -0.01098632812500000000 0 0 1 0 9 332 320 334 328 305 330 309 308 331 
330 8158 1.00708007812500000000 -0.01342773437500000000 0 0 1 0 8 331 329 337 327 326 500 328 336 
331 8159 1.00952148437500000000 -0.01342773437500000000 0 0 1 0 8 334 332 340 330 328 336 329 337 
332 8160 1.01196289062500000000 -0.01098632812500000000 0 0 1 0 9 333 324 335 329 309 331 321 320 334 
333 8161 1.01440429687500000000 -0.01098632812500000000 0 0 1 0 9 378 356 380 332 321 334 325 324 335 
334 8162 1.01196289062500000000 -0.01342773437500000000 0 0 1 0 8 335 333 341 331 329 337 332 340 
335 8163 1.01440429687500000000 -0.01342773437500000000 0 0 1 0 8 380 378 386 334 332 340 333 341 
336 8164 1.00708007812500000000 -0.01586914062500000000 0 0 1 0 8 337 331 339 500 327 501 330 338 
337 8165 1.00952148437500000000 -0.01586914062500000000 0 0 1 0 8 340 334 342 336 330 338 331 339 
338 8166 1.00708007812500000000 -0.01831054687500000000 0 0 1 0 8 339 337 344 501 500 502 336 345 
339 8167 1.00952148437500000000 -0.01831054687500000000 0 0 1 0 8 342 340 345 338 336 344 337 502 
340 8168 1.01196289062500000000 -0.01586914062500000000 0 0 1 0 8 341 335 343 337 331 339 334 342 
341 8169 1.01440429687500000000 -0.01586914062500000000 0 0 1 0 8 386 380 388 340 334 342 335 343 
342 8170 1.01196289062500000000 -0.01831054687500000000 0 0 1 0 8 343 341 345 339 337 344 340 426 
343 8171 1.01440429687500000000 -0.01831054687500000000 0 0 1 0 8 388 386 426 342 340 345 341 344 
344 8172 1.00830078125000000000 -0.02197265625000000000 0 0 1 0 9 345 342 505 502 501 503 339 338 504 
345 8173 1.01318359375000000000 -0.02197265625000000000 0 0 1 0 9 426 388 506 344 339 504 343 342 505 
346 8174 1.01684570312500000000 -0.00122070312500000000 0 0 1 0 10 347 211 349 283 130 285 291 210 348 293 
347 8175 1.01928710937500000000 -0.00122070312500000000 0 0 1 0 8 350 214 352 346 210 348 211 349 
348 8176 1.01684570312500000000 -0.00366210937500000000 0 0 1 0 10 349 347 355 291 285 293 315 346 354 317 
349 8177 1.01928710937500000000 -0.00366210937500000000 0 0 1 0 8 352 350 358 348 346 354 347 355 
350 8178 1.02172851562500000000 -0.00122070312500000000 0 0 1 0 8 351 215 353 347 211 349 214 352 
351 8179 1.02416992187500000000 -0.00122070312500000000 0 0 1 0 8 362 226 364 350 214 352 215 353 
352 8180 1.02172851562500000000 -0.00366210937500000000 0 0 1 0 8 353 351 359 349 347 355 350 358 
353 8181 1.02416992187500000000 -0.00366210937500000000 0 0 1 0 8 364 362 370 352 350 358 351 359 
354 8182 1.01684570312500000000 -0.00610351562500000000 0 0 1 0 10 355 349 357 315 293 317 323 348 356 325 
355 8183 1.01928710937500000000 -0.00610351562500000000 0 0 1 0 8 358 352 360 354 348 356 349 357 
356 8184 1.01684570312500000000 -0.00854492187500000000 0 0 1 0 9 357 355 379 323 317 325 333 354 378 
357 8185 1.01928710937500000000 -0.00854492187500000000 0 0 1 0 8 360 358 382 356 354 378 355 379 
358 8186 1.02172851562500000000 -0.00610351562500000000 0 0 1 0 8 359 353 361 355 349 357 352 360 
359 8187 1.02416992187500000000 -0.00610351562500000000 0 0 1 0 8 370 364 372 358 352 360 353 361 
360 8188 1.02172851562500000000 -0.00854492187500000000 0 0 1 0 8 361 359 383 357 355 379 358 382 
361 8189 1.02416992187500000000 -0.00854492187500000000 0 0 1 0 8 372 370 394 360 358 382 359 383 
362 8190 1.02661132812500000000 -0.00122070312500000000 0 0 1 0 8 363 227 365 351 215 353 226 364 
363 8191 1.02905273437500000000 -0.00122070312500000000 0 0 1 0 8 366 230 368 362 226 364 227 365 
364 8192 1.02661132812500000000 -0.00366210937500000000 0 0 1 0 8 365 363 371 353 351 359 362 370 
365 8193 1.02905273437500000000 -0.00366210937500000000 0 0 1 0 8 368 366 374 364 362 370 363 371 
366 8194 1.03149414062500000000 -0.00122070312500000000 0 0 1 0 8 367 231 369 363 227 365 230 368 
367 8195 1.03393554687500000000 -0.00122070312500000000 0 0 1 0 8 410 242 412 366 230 368 231 369 
368 8196 1.03149414062500000000 -0.00366210937500000000 0 0 1 0 8 369 367 375 365 363 371 366 374 
369 8197 1.03393554687500000000 -0.00366210937500000000 0 0 1 0 8 410 242 412 368 366 374 367 375 
370 8198 1.02661132812500000000 -0.00610351562500000000 0 0 1 0 8 371 365 373 359 353 361 364 372 
371 8199 1.02905273437500000000 -0.00610351562500000000 0 0 1 0 8 374 368 376 370 364 372 365 373 
372 8200 1.02661132812500000000 -0.00854492187500000000 0 0 1 0 8 373 371 395 361 359 383 370 394 
373 8201 1.02905273437500000000 -0.00854492187500000000 0 0 1 0 8 376 374 398 372 370 394 371 395 
374 8202 1.03149414062500000000 -0.00610351562500000000 0 0 1 0 8 375 369 377 371 365 373 368 376 
375 8203 1.03393554687500000000 -0.00610351562500000000 0 0 1 0 8 412 410 418 374 368 376 369 377 
376 8204 1.03149414062500000000 -0.00854492187500000000 0 0 1 0 8 377 375 399 373 371 395 374 398 
377 8205 1.03393554687500000000 -0.00854492187500000000 0 0 1 0 8 412 410 418 376 374 398 375 399 
378 8206 1.01684570312500000000 -0.01098632812500000000 0 0 1 0 8 379 357 381 333 325 335 356 380 
379 8207 1.01928710937500000000 -0.01098632812500000000 0 0 1 0 8 382 360 384 378 356 380 357 381 
380 8208 1.01684570312500000000 -0.01342773437500000000 0 0 1 0 8 381 379 387 335 333 341 378 386 
381 8209 1.01928710937500000000 -0.01342773437500000000 0 0 1 0 8 384 382 390 380 378 386 379 387 
382 8210 1.02172851562500000000 -0.01098632812500000000 0 0 1 0 8 383 361 385 379 357 381 360 384 
383 8211 1.02416992187500000000 -0.01098632812500000000 0 0 1 0 8 394 372 396 382 360 384 361 385 
384 8212 1.02172851562500000000 -0.01342773437500000000 0 0 1 0 8 385 383 391 381 379 387 382 390 
385 8213 1.02416992187500000000 -0.01342773437500000000 0 0 1 0 8 396 394 402 384 382 390 383 391 
386 8214 1.01684570312500000000 -0.01586914062500000000 0 0 1 0 8 387 381 389 341 335 343 380 388 
387 8215 1.01928710937500000000 -0.01586914062500000000 0 0 1 0 8 390 384 392 386 380 388 381 389 
388 8216 1.01684570312500000000 -0.01831054687500000000 0 0 1 0 8 389 387 426 343 341 345 386 427 
389 8217 1.01928710937500000000 -0.01831054687500000000 0 0 1 0 8 392 390 427 388 386 426 387 345 
390 8218 1.02172851562500000000 -0.01586914062500000000 0 0 1 0 8 391 385 393 387 381 389 384 392 
391 8219 1.02416992187500000000 -0.01586914062500000000 0 0 1 0 8 402 396 404 390 384 392 385 393 
392 8220 1.02172851562500000000 -0.01831054687500000000 0 0 1 0 8 393 391 427 389 387 426 390 428 
393 8221 1.02416992187500000000 -0.01831054687500000000 0 0 1 0 8 404 402 428 392 390 427 391 426 
394 8222 1.02661132812500000000 -0.01098632812500000000 0 0 1 0 8 395 373 397 383 361 385 372 396 
395 8223 1.02905273437500000000 -0.01098632812500000000 0 0 1 0 8 398 376 400 394 372 396 373 397 
396 8224 1.02661132812500000000 -0.01342773437500000000 0 0 1 0 8 397 395 403 385 383 391 394 402 
397 8225 1.02905273437500000000 -0.01342773437500000000 0 0 1 0 8 400 398 406 396 394 402 395 403 
398 8226 1.03149414062500000000 -0.01098632812500000000 0 0 1 0 8 399 377 401 395 373 397 376 400 
399 8227 1.03393554687500000000 -0.01098632812500000000 0 0 1 0 8 418 412 420 398 376 400 377 401 
400 8228 1.03149414062500000000 -0.01342773437500000000 0 0 1 0 8 401 399 407 397 395 403 398 406 
401 8229 1.03393554687500000000 -0.01342773437500000000 0 0 1 0 8 418 412 420 400 398 406 399 407 
402 8230 1.02661132812500000000 -0.01586914062500000000 0 0 1 0 8 403 397 405 391 385 393 396 404 
403 8231 1.02905273437500000000 -0.01586914062500000000 0 0 1 0 8 406 400 408 402 396 404 397 405 
404 8232 1.02661132812500000000 -0.01831054687500000000 0 0 1 0 8 405 403 428 393 391 427 402 429 
405 8233 1.02905273437500000000 -0.01831054687500000000 0 0 1 0 8 408 406 429 404 402 428 403 427 
406 8234 1.03149414062500000000 -0.01586914062500000000 0 0 1 0 8 407 401 409 403 397 405 400 408 
407 8235 1.03393554687500000000 -0.01586914062500000000 0 0 1 0 8 420 418 430 406 400 408 401 409 
408 8236 1.03149414062500000000 -0.01831054687500000000 0 0 1 0 8 409 407 429 405 403 428 406 430 
409 8237 1.03393554687500000000 -0.01831054687500000000 0 0 1 0 8 420 418 430 408 406 429 407 428 
410 8238 1.03759765625000000000 -0.00244140625000000000 0 0 1 0 10 411 243 413 367 231 369 375 242 412 377 
411 8239 1.04248046875000000000 -0.00244140625000000000 0 0 1 0 8 414 246 416 410 242 412 243 413 
412 8240 1.03759765625000000000 -0.00732421875000000000 0 0 1 0 10 413 411 419 375 369 377 399 410 418 401 
413 8241 1.04248046875000000000 -0.00732421875000000000 0 0 1 0 8 416 414 422 412 410 418 411 419 
414 8242 1.04736328125000000000 -0.00244140625000000000 0 0 1 0 8 415 247 417 411 243 413 246 416 
415 8243 1.05224609375000000000 -0.00244140625000000000 0 0 1 0 8 434 255 436 414 246 416 247 417 
416 8244 1.04736328125000000000 -0.00732421875000000000 0 0 1 0 8 417 415 423 413 411 419 414 422 
417 8245 1.05224609375000000000 -0.00732421875000000000 0 0 1 0 8 434 255 436 416 414 422 415 423 
418 8246 1.03759765625000000000 -0.01220703125000000000 0 0 1 0 10 419 413 421 399 377 401 407 412 420 409 
419 8247 1.04248046875000000000 -0.01220703125000000000 0 0 1 0 8 422 416 424 418 412 420 413 421 
420 8248 1.03759765625000000000 -0.01708984375000000000 0 0 1 0 9 421 419 431 407 401 409 429 418 430 
421 8249 1.04248046875000000000 -0.01708984375000000000 0 0 1 0 8 424 422 432 420 418 430 419 431 
422 8250 1.04736328125000000000 -0.01220703125000000000 0 0 1 0 8 423 417 425 419 413 421 416 424 
423 8251 1.05224609375000000000 -0.01220703125000000000 0 0 1 0 8 436 434 517 422 416 424 417 425 
424 8252 1.04736328125000000000 -0.01708984375000000000 0 0 1 0 8 425 423 433 421 419 431 422 432 
425 8253 1.05224609375000000000 -0.01708984375000000000 0 0 1 0 8 436 434 517 424 422 432 423 433 
426 8254 1.01806640625000000000 -0.02197265625000000000 0 0 1 0 9 427 392 507 345 343 505 389 388 506 
427 8255 1.02294921875000000000 -0.02197265625000000000 0 0 1 0 9 428 404 508 426 389 506 393 392 507 
428 8256 1.02783203125000000000 -0.02197265625000000000 0 0 1 0 9 429 408 509 427 393 507 405 404 508 
429 8257 1.03271484375000000000 -0.02197265625000000000 0 0 1 0 9 430 420 510 428 405 508 409 408 509 
430 8258 1.03759765625000000000 -0.02197265625000000000 0 0 1 0 8 431 421 511 429 409 509 420 510 
431 8259 1.04248046875000000000 -0.02197265625000000000 0 0 1 0 8 432 424 512 430 420 510 421 511 
432 8260 1.04736328125000000000 -0.02197265625000000000 0 0 1 0 8 433 425 513 431 421 511 424 512 
433 8261 1.05224609375000000000 -0.02197265625000000000 0 0 1 0 8 517 436 519 432 424 512 425 513 
434 8262 1.05957031250000000000 -0.00488281250000000000 0 0 1 0 10 435 256 437 415 247 417 423 255 436 425 
435 8263 1.06933593750000000000 -0.00488281250000000000 0 0 1 0 8 438 259 515 434 255 436 256 437 
436 8264 1.05957031250000000000 -0.01464843750000000000 0 0 1 0 10 437 435 518 423 417 425 433 434 517 513 
437 8265 1.06933593750000000000 -0.01464843750000000000 0 0 1 0 8 515 438 520 436 434 517 435 518 
438 8266 1.07910156250000000000 -0.00488281250000000000 0 0 1 0 8 514 260 516 435 256 437 259 515 
439 7181 0.99121093750000000000 0.04394531250000000000 16 
440 7182 1.00097656250000000000 0.05371093750000000000 16 
441 7183 1.01074218750000000000 0.05371093750000000000 16 
442 7184 1.00097656250000000000 0.04394531250000000000 16 
443 7202 0.99365234375000000000 0.03662109375000000000 16 
444 7203 0.98876953125000000000 0.03173828125000000000 16 
445 7204 0.99365234375000000000 0.03173828125000000000 16 
446 7207 0.98876953125000000000 0.02685546875000000000 16 
447 6641 0.98876953125000000000 0.02197265625000000000 15 
448 7208 0.99853515625000000000 0.03662109375000000000 16 
449 6659 0.98999023437500000000 0.01831054687500000000 15 
450 6661 0.98999023437500000000 0.01586914062500000000 15 
451 6662 0.99243164062500000000 0.01586914062500000000 15 
452 6667 0.99243164062500000000 0.01342773437500000000 15 
453 6668 0.99243164062500000000 0.01098632812500000000 15 
454 6669 0.99487304687500000000 0.01098632812500000000 15 
455 6756 0.99548339843750000000 0.00915527343750000000 15 
456 6758 0.99548339843750000000 0.00793457031250000000 15 
457 6873 0.99670410156250000000 0.00793457031250000000 15 
458 6874 0.99670410156250000000 0.00671386718750000000 15 
459 8267 0.99792480468750000000 0.00671386718750000000 19 
460 8270 0.99914550781250000000 0.00671386718750000000 19 
461 8271 1.00036621093750000000 0.00671386718750000000 19 
462 8274 1.00158691406250000000 0.00671386718750000000 19 
463 8275 1.00280761718750000000 0.00671386718750000000 19 
464 8278 1.00402832031250000000 0.00671386718750000000 19 
465 8279 1.00402832031250000000 0.00549316406250000000 19 
466 8280 1.00524902343750000000 0.00549316406250000000 19 
467 8423 1.00555419921875000000 0.00457763671875000000 19 
468 8425 1.00555419921875000000 0.00396728515625000000 19 
469 8514 1.00646972656250000000 0.00427246093750000000 19 
470 8515 1.00646972656250000000 0.00305175781250000000 19 
471 8516 1.00646972656250000000 0.00183105468750000000 19 
472 8517 1.00646972656250000000 0.00061035156250000000 19 
473 7217 1.02050781250000000000 0.05371093750000000000 16 
474 7218 1.03027343750000000000 0.05371093750000000000 16 
475 7219 1.04003906250000000000 0.05371093750000000000 16 
476 7220 1.04980468750000000000 0.05371093750000000000 16 
477 7229 1.05957031250000000000 0.05371093750000000000 16 
478 7230 1.06933593750000000000 0.05371093750000000000 16 
479 7231 1.06933593750000000000 0.04394531250000000000 16 
480 7234 1.07910156250000000000 0.04394531250000000000 16 
481 7236 1.07910156250000000000 0.03417968750000000000 16 
482 7237 1.08886718750000000000 0.03417968750000000000 16 
483 7238 1.08886718750000000000 0.02441406250000000000 16 
484 7279 1.10351562500000000000 0.02929687500000000000 16 
485 7281 1.10351562500000000000 0.00976562500000000000 16 
486 8688 1.00555419921875000000 -0.00457763671875000000 19 
487 8691 1.00280761718750000000 -0.00671386718750000000 19 
488 8692 1.00402832031250000000 -0.00549316406250000000 19 
489 8693 1.00524902343750000000 -0.00549316406250000000 19 
490 8694 1.00402832031250000000 -0.00671386718750000000 19 
491 5627 1.00280761718750000000 -0.00793457031250000000 12 
492 5629 1.00280761718750000000 -0.00915527343750000000 12 
493 8695 1.00646972656250000000 -0.00061035156250000000 19 
494 8696 1.00646972656250000000 -0.00183105468750000000 19 
495 8697 1.00646972656250000000 -0.00305175781250000000 19 
496 8698 1.00646972656250000000 -0.00427246093750000000 19 
497 5634 1.00219726562500000000 -0.01098632812500000000 12 
498 5635 1.00219726562500000000 -0.01342773437500000000 12 
499 5640 1.00219726562500000000 -0.01586914062500000000 12 
500 5641 1.00463867187500000000 -0.01586914062500000000 12 
501 5643 1.00463867187500000000 -0.01831054687500000000 12 
502 5649 1.00341796875000000000 -0.02197265625000000000 12 
503 5856 1.00341796875000000000 -0.02685546875000000000 13 
504 5857 1.00830078125000000000 -0.02685546875000000000 13 
505 5858 1.01318359375000000000 -0.02685546875000000000 13 
506 5947 1.01806640625000000000 -0.02685546875000000000 13 
507 5948 1.02294921875000000000 -0.02685546875000000000 13 
508 5949 1.02783203125000000000 -0.02685546875000000000 13 
509 5950 1.03271484375000000000 -0.02685546875000000000 13 
510 5959 1.03759765625000000000 -0.02685546875000000000 13 
511 5960 1.04248046875000000000 -0.02685546875000000000 13 
512 5961 1.04736328125000000000 -0.02685546875000000000 13 
513 5962 1.05224609375000000000 -0.02685546875000000000 13 
514 5971 1.08886718750000000000 -0.00488281250000000000 13 
515 5972 1.07910156250000000000 -0.01464843750000000000 13 
516 5973 1.08886718750000000000 -0.01464843750000000000 13 
517 5974 1.05957031250000000000 -0.02441406250000000000 13 
518 5975 1.06933593750000000000 -0.02441406250000000000 13 
519 5976 1.05957031250000000000 -0.03417968750000000000 13 
520 5978 1.07910156250000000000 -0.02441406250000000000 13 
521 6088 1.10351562500000000000 -0.00976562500000000000 13 
