563 445 118
1 6964 1.03515625000000000000 0.33203125000000000000 0 0 1 0 11 2 449 15 447 446 473 448 11 474 12 17 
2 6965 1.07421875000000000000 0.33203125000000000000 0 0 1 0 10 3 451 56 1 448 12 449 15 14 16 
3 6966 1.11328125000000000000 0.33203125000000000000 0 0 1 0 9 4 452 57 2 449 16 451 56 18 
4 6967 1.15234375000000000000 0.33203125000000000000 0 0 1 0 8 5 453 60 3 451 56 452 57 
5 6968 1.19140625000000000000 0.33203125000000000000 0 0 1 0 8 6 454 61 4 452 57 453 60 
6 6969 1.23046875000000000000 0.33203125000000000000 0 0 1 0 8 340 523 5 453 60 454 61 342 
7 6970 0.93505859375000000000 0.07080078125000000000 0 0 1 0 8 151 149 157 467 465 468 466 8 
8 6971 0.93505859375000000000 0.06591796875000000000 0 0 1 0 8 157 151 159 468 467 469 7 9 
9 6972 0.93505859375000000000 0.06103515625000000000 0 0 1 0 8 159 157 181 469 468 470 8 471 
10 6973 1.00585937500000000000 0.24414062500000000000 0 0 1 0 8 21 19 40 478 476 28 477 29 
11 6974 1.02539062500000000000 0.30273437500000000000 0 0 1 0 8 12 1 14 473 447 474 2 13 
12 6975 1.04492187500000000000 0.30273437500000000000 0 0 1 0 8 15 2 17 11 1 13 447 14 
13 6976 1.02539062500000000000 0.28320312500000000000 0 0 1 0 8 14 12 20 474 473 477 11 19 
14 6977 1.04492187500000000000 0.28320312500000000000 0 0 1 0 8 17 15 23 13 11 19 12 20 
15 6978 1.06445312500000000000 0.30273437500000000000 0 0 1 0 8 16 2 18 12 1 14 3 17 
16 6979 1.08398437500000000000 0.30273437500000000000 0 0 1 0 8 56 3 58 15 2 17 1 18 
17 6980 1.06445312500000000000 0.28320312500000000000 0 0 1 0 8 18 16 24 14 12 20 15 23 
18 6981 1.08398437500000000000 0.28320312500000000000 0 0 1 0 8 56 3 58 17 15 23 16 24 
19 6982 1.02539062500000000000 0.26367187500000000000 0 0 1 0 8 20 14 22 477 474 10 13 21 
20 6983 1.04492187500000000000 0.26367187500000000000 0 0 1 0 8 23 17 25 19 13 21 14 22 
21 6984 1.02539062500000000000 0.24414062500000000000 0 0 1 0 8 22 20 41 10 477 29 19 40 
22 6985 1.04492187500000000000 0.24414062500000000000 0 0 1 0 8 25 23 44 21 19 40 20 41 
23 6986 1.06445312500000000000 0.26367187500000000000 0 0 1 0 8 24 18 26 20 14 22 17 25 
24 6987 1.08398437500000000000 0.26367187500000000000 0 0 1 0 8 58 56 64 23 17 25 18 26 
25 6988 1.06445312500000000000 0.24414062500000000000 0 0 1 0 8 26 24 45 22 20 41 23 44 
26 6989 1.08398437500000000000 0.24414062500000000000 0 0 1 0 8 58 56 64 25 23 44 24 45 
27 6990 0.96679687500000000000 0.20507812500000000000 0 0 1 0 8 30 28 36 481 479 32 480 33 
28 6991 0.98632812500000000000 0.22460937500000000000 0 0 1 0 8 29 10 31 480 475 27 478 30 
29 6992 1.00585937500000000000 0.22460937500000000000 0 0 1 0 8 40 21 42 28 478 30 10 31 
30 6993 0.98632812500000000000 0.20507812500000000000 0 0 1 0 8 31 29 37 27 480 33 28 36 
31 6994 1.00585937500000000000 0.20507812500000000000 0 0 1 0 8 42 40 48 30 28 36 29 37 
32 6995 0.94726562500000000000 0.18554687500000000000 0 0 1 0 8 33 27 35 456 455 457 481 34 
33 6996 0.96679687500000000000 0.18554687500000000000 0 0 1 0 8 36 30 38 32 481 34 27 35 
34 6997 0.94726562500000000000 0.16601562500000000000 0 0 1 0 11 35 33 76 457 456 458 32 72 459 73 78 
35 6998 0.96679687500000000000 0.16601562500000000000 0 0 1 0 11 38 36 88 34 32 73 33 76 75 77 90 
36 6999 0.98632812500000000000 0.18554687500000000000 0 0 1 0 8 37 31 39 33 27 35 30 38 
37 7000 1.00585937500000000000 0.18554687500000000000 0 0 1 0 8 48 42 50 36 30 38 31 39 
38 7001 0.98632812500000000000 0.16601562500000000000 0 0 1 0 11 39 37 92 35 33 77 36 88 79 89 94 
39 7002 1.00585937500000000000 0.16601562500000000000 0 0 1 0 10 50 48 133 38 36 89 37 92 91 93 
40 7003 1.02539062500000000000 0.22460937500000000000 0 0 1 0 8 41 22 43 29 10 31 21 42 
41 7004 1.04492187500000000000 0.22460937500000000000 0 0 1 0 8 44 25 46 40 21 42 22 43 
42 7005 1.02539062500000000000 0.20507812500000000000 0 0 1 0 8 43 41 49 31 29 37 40 48 
43 7006 1.04492187500000000000 0.20507812500000000000 0 0 1 0 8 46 44 52 42 40 48 41 49 
44 7007 1.06445312500000000000 0.22460937500000000000 0 0 1 0 8 45 26 47 41 22 43 25 46 
45 7008 1.08398437500000000000 0.22460937500000000000 0 0 1 0 8 64 58 66 44 25 46 26 47 
46 7009 1.06445312500000000000 0.20507812500000000000 0 0 1 0 8 47 45 53 43 41 49 44 52 
47 7010 1.08398437500000000000 0.20507812500000000000 0 0 1 0 8 64 58 66 46 44 52 45 53 
48 7011 1.02539062500000000000 0.18554687500000000000 0 0 1 0 8 49 43 51 37 31 39 42 50 
49 7012 1.04492187500000000000 0.18554687500000000000 0 0 1 0 8 52 46 54 48 42 50 43 51 
50 7013 1.02539062500000000000 0.16601562500000000000 0 0 1 0 9 51 49 134 39 37 93 48 133 95 
51 7014 1.04492187500000000000 0.16601562500000000000 0 0 1 0 8 54 52 137 50 48 133 49 134 
52 7015 1.06445312500000000000 0.18554687500000000000 0 0 1 0 8 53 47 55 49 43 51 46 54 
53 7016 1.08398437500000000000 0.18554687500000000000 0 0 1 0 7 66 64 52 46 54 47 55 
54 7017 1.06445312500000000000 0.16601562500000000000 0 0 1 0 8 55 53 138 51 49 134 52 137 
55 7018 1.08398437500000000000 0.16601562500000000000 0 0 1 0 8 66 64 54 52 137 53 138 276 
56 7019 1.11328125000000000000 0.29296875000000000000 0 0 1 0 10 57 4 59 16 2 18 24 3 58 26 
57 7020 1.15234375000000000000 0.29296875000000000000 0 0 1 0 8 60 5 62 56 3 58 4 59 
58 7021 1.11328125000000000000 0.25390625000000000000 0 0 1 0 10 59 57 65 24 18 26 45 56 64 47 
59 7022 1.15234375000000000000 0.25390625000000000000 0 0 1 0 8 62 60 68 58 56 64 57 65 
60 7023 1.19140625000000000000 0.29296875000000000000 0 0 1 0 8 61 6 63 57 4 59 5 62 
61 7024 1.23046875000000000000 0.29296875000000000000 0 0 1 0 8 342 340 344 60 5 62 6 63 
62 7025 1.19140625000000000000 0.25390625000000000000 0 0 1 0 8 63 61 69 59 57 65 60 68 
63 7026 1.23046875000000000000 0.25390625000000000000 0 0 1 0 8 344 342 350 62 60 68 61 69 
64 7027 1.11328125000000000000 0.21484375000000000000 0 0 1 0 10 65 59 67 45 26 47 53 58 66 55 
65 7028 1.15234375000000000000 0.21484375000000000000 0 0 1 0 8 68 62 70 64 58 66 59 67 
66 7029 1.11328125000000000000 0.17578125000000000000 0 0 1 0 12 67 65 280 53 47 55 138 64 276 140 277 282 
67 7030 1.15234375000000000000 0.17578125000000000000 0 0 1 0 11 70 68 292 66 64 277 65 280 279 281 294 
68 7031 1.19140625000000000000 0.21484375000000000000 0 0 1 0 8 69 63 71 65 59 67 62 70 
69 7032 1.23046875000000000000 0.21484375000000000000 0 0 1 0 8 350 344 352 68 62 70 63 71 
70 7033 1.19140625000000000000 0.17578125000000000000 0 0 1 0 11 71 69 296 67 65 281 68 292 283 293 298 
71 7034 1.23046875000000000000 0.17578125000000000000 0 0 1 0 10 352 350 358 70 68 293 69 296 295 297 
72 7035 0.94238281250000000000 0.15136718750000000000 0 0 1 0 8 73 34 75 458 457 459 35 74 
73 7036 0.95214843750000000000 0.15136718750000000000 0 0 1 0 8 76 35 78 72 34 74 457 75 
74 7037 0.94238281250000000000 0.14160156250000000000 0 0 1 0 8 75 73 81 459 458 460 72 80 
75 7038 0.95214843750000000000 0.14160156250000000000 0 0 1 0 8 78 76 84 74 72 80 73 81 
76 7039 0.96191406250000000000 0.15136718750000000000 0 0 1 0 8 77 35 79 73 34 75 38 78 
77 7040 0.97167968750000000000 0.15136718750000000000 0 0 1 0 8 88 38 90 76 35 78 34 79 
78 7041 0.96191406250000000000 0.14160156250000000000 0 0 1 0 8 79 77 85 75 73 81 76 84 
79 7042 0.97167968750000000000 0.14160156250000000000 0 0 1 0 8 90 88 96 78 76 84 77 85 
80 7043 0.94238281250000000000 0.13183593750000000000 0 0 1 0 8 81 75 83 460 459 461 74 82 
81 7044 0.95214843750000000000 0.13183593750000000000 0 0 1 0 8 84 78 86 80 74 82 75 83 
82 7045 0.94238281250000000000 0.12207031250000000000 0 0 1 0 8 83 81 104 461 460 462 80 482 
83 7046 0.95214843750000000000 0.12207031250000000000 0 0 1 0 8 86 84 106 82 80 482 81 104 
84 7047 0.96191406250000000000 0.13183593750000000000 0 0 1 0 8 85 79 87 81 75 83 78 86 
85 7048 0.97167968750000000000 0.13183593750000000000 0 0 1 0 8 96 90 98 84 78 86 79 87 
86 7049 0.96191406250000000000 0.12207031250000000000 0 0 1 0 8 87 85 107 83 81 104 84 106 
87 7050 0.97167968750000000000 0.12207031250000000000 0 0 1 0 8 98 96 117 86 84 106 85 107 
88 7051 0.98144531250000000000 0.15136718750000000000 0 0 1 0 8 89 38 91 77 35 79 39 90 
89 7052 0.99121093750000000000 0.15136718750000000000 0 0 1 0 8 92 39 94 88 38 90 35 91 
90 7053 0.98144531250000000000 0.14160156250000000000 0 0 1 0 8 91 89 97 79 77 85 88 96 
91 7054 0.99121093750000000000 0.14160156250000000000 0 0 1 0 8 94 92 100 90 88 96 89 97 
92 7055 1.00097656250000000000 0.15136718750000000000 0 0 1 0 8 93 39 95 89 38 91 50 94 
93 7056 1.01074218750000000000 0.15136718750000000000 0 0 1 0 8 133 50 135 92 39 94 38 95 
94 7057 1.00097656250000000000 0.14160156250000000000 0 0 1 0 8 95 93 101 91 89 97 92 100 
95 7058 1.01074218750000000000 0.14160156250000000000 0 0 1 0 8 133 50 135 94 92 100 93 101 
96 7059 0.98144531250000000000 0.13183593750000000000 0 0 1 0 8 97 91 99 85 79 87 90 98 
97 7060 0.99121093750000000000 0.13183593750000000000 0 0 1 0 8 100 94 102 96 90 98 91 99 
98 7061 0.98144531250000000000 0.12207031250000000000 0 0 1 0 8 99 97 118 87 85 107 96 117 
99 7062 0.99121093750000000000 0.12207031250000000000 0 0 1 0 8 102 100 121 98 96 117 97 118 
100 7063 1.00097656250000000000 0.13183593750000000000 0 0 1 0 8 101 95 103 97 91 99 94 102 
101 7064 1.01074218750000000000 0.13183593750000000000 0 0 1 0 8 135 133 141 100 94 102 95 103 
102 7065 1.00097656250000000000 0.12207031250000000000 0 0 1 0 8 103 101 122 99 97 118 100 121 
103 7066 1.01074218750000000000 0.12207031250000000000 0 0 1 0 8 135 133 141 102 100 121 101 122 
104 7067 0.95214843750000000000 0.11230468750000000000 0 0 1 0 8 106 86 108 482 82 483 83 105 
105 7068 0.95214843750000000000 0.10253906250000000000 0 0 1 0 8 108 106 113 483 482 484 104 110 
106 7069 0.96191406250000000000 0.11230468750000000000 0 0 1 0 8 107 87 109 104 83 105 86 108 
107 7070 0.97167968750000000000 0.11230468750000000000 0 0 1 0 8 117 98 119 106 86 108 87 109 
108 7071 0.96191406250000000000 0.10253906250000000000 0 0 1 0 8 109 107 114 105 104 110 106 113 
109 7072 0.97167968750000000000 0.10253906250000000000 0 0 1 0 8 119 117 125 108 106 113 107 114 
110 7073 0.95214843750000000000 0.09277343750000000000 0 0 1 0 8 113 108 115 484 483 111 105 112 
111 7074 0.94238281250000000000 0.08300781250000000000 0 0 1 0 11 112 110 153 464 463 466 484 149 7 150 155 
112 7075 0.95214843750000000000 0.08300781250000000000 0 0 1 0 11 115 113 165 111 484 150 110 153 152 154 167 
113 7076 0.96191406250000000000 0.09277343750000000000 0 0 1 0 8 114 109 116 110 105 112 108 115 
114 7077 0.97167968750000000000 0.09277343750000000000 0 0 1 0 8 125 119 127 113 108 115 109 116 
115 7078 0.96191406250000000000 0.08300781250000000000 0 0 1 0 11 116 114 169 112 110 154 113 165 156 166 171 
116 7079 0.97167968750000000000 0.08300781250000000000 0 0 1 0 10 127 125 207 115 113 166 114 169 168 170 
117 7080 0.98144531250000000000 0.11230468750000000000 0 0 1 0 8 118 99 120 107 87 109 98 119 
118 7081 0.99121093750000000000 0.11230468750000000000 0 0 1 0 8 121 102 123 117 98 119 99 120 
119 7082 0.98144531250000000000 0.10253906250000000000 0 0 1 0 8 120 118 126 109 107 114 117 125 
120 7083 0.99121093750000000000 0.10253906250000000000 0 0 1 0 8 123 121 129 119 117 125 118 126 
121 7084 1.00097656250000000000 0.11230468750000000000 0 0 1 0 8 122 103 124 118 99 120 102 123 
122 7085 1.01074218750000000000 0.11230468750000000000 0 0 1 0 8 141 135 143 121 102 123 103 124 
123 7086 1.00097656250000000000 0.10253906250000000000 0 0 1 0 8 124 122 130 120 118 126 121 129 
124 7087 1.01074218750000000000 0.10253906250000000000 0 0 1 0 8 141 135 143 123 121 129 122 130 
125 7088 0.98144531250000000000 0.09277343750000000000 0 0 1 0 8 126 120 128 114 109 116 119 127 
126 7089 0.99121093750000000000 0.09277343750000000000 0 0 1 0 8 129 123 131 125 119 127 120 128 
127 7090 0.98144531250000000000 0.08300781250000000000 0 0 1 0 9 128 126 208 116 114 170 125 207 172 
128 7091 0.99121093750000000000 0.08300781250000000000 0 0 1 0 8 131 129 211 127 125 207 126 208 
129 7092 1.00097656250000000000 0.09277343750000000000 0 0 1 0 8 130 124 132 126 120 128 123 131 
130 7093 1.01074218750000000000 0.09277343750000000000 0 0 1 0 7 143 141 129 123 131 124 132 
131 7094 1.00097656250000000000 0.08300781250000000000 0 0 1 0 8 132 130 212 128 126 208 129 211 
132 7095 1.01074218750000000000 0.08300781250000000000 0 0 1 0 8 143 141 131 129 211 130 212 246 
133 7096 1.02539062500000000000 0.14648437500000000000 0 0 1 0 10 134 51 136 93 39 95 101 50 135 103 
134 7097 1.04492187500000000000 0.14648437500000000000 0 0 1 0 8 137 54 139 133 50 135 51 136 
135 7098 1.02539062500000000000 0.12695312500000000000 0 0 1 0 10 136 134 142 101 95 103 122 133 141 124 
136 7099 1.04492187500000000000 0.12695312500000000000 0 0 1 0 8 139 137 145 135 133 141 134 142 
137 7100 1.06445312500000000000 0.14648437500000000000 0 0 1 0 8 138 55 140 134 51 136 54 139 
138 7101 1.08398437500000000000 0.14648437500000000000 0 0 1 0 8 276 66 278 137 54 139 55 140 
139 7102 1.06445312500000000000 0.12695312500000000000 0 0 1 0 8 140 138 146 136 134 142 137 145 
140 7103 1.08398437500000000000 0.12695312500000000000 0 0 1 0 8 278 276 284 139 137 145 138 146 
141 7104 1.02539062500000000000 0.10742187500000000000 0 0 1 0 10 142 136 144 122 103 124 130 135 143 132 
142 7105 1.04492187500000000000 0.10742187500000000000 0 0 1 0 8 145 139 147 141 135 143 136 144 
143 7106 1.02539062500000000000 0.08789062500000000000 0 0 1 0 12 144 142 250 130 124 132 212 141 246 214 247 252 
144 7107 1.04492187500000000000 0.08789062500000000000 0 0 1 0 11 147 145 258 143 141 247 142 250 249 251 260 
145 7108 1.06445312500000000000 0.10742187500000000000 0 0 1 0 8 146 140 148 142 136 144 139 147 
146 7109 1.08398437500000000000 0.10742187500000000000 0 0 1 0 8 284 278 286 145 139 147 140 148 
147 7110 1.06445312500000000000 0.08789062500000000000 0 0 1 0 11 148 146 262 144 142 251 145 258 253 259 264 
148 7111 1.08398437500000000000 0.08789062500000000000 0 0 1 0 10 286 284 308 147 145 259 146 262 261 263 
149 7112 0.93994140625000000000 0.07568359375000000000 0 0 1 0 8 150 111 152 466 464 7 112 151 
150 7113 0.94482421875000000000 0.07568359375000000000 0 0 1 0 8 153 112 155 149 111 151 464 152 
151 7114 0.93994140625000000000 0.07080078125000000000 0 0 1 0 8 152 150 158 7 466 8 149 157 
152 7115 0.94482421875000000000 0.07080078125000000000 0 0 1 0 8 155 153 161 151 149 157 150 158 
153 7116 0.94970703125000000000 0.07568359375000000000 0 0 1 0 8 154 112 156 150 111 152 115 155 
154 7117 0.95458984375000000000 0.07568359375000000000 0 0 1 0 8 165 115 167 153 112 155 111 156 
155 7118 0.94970703125000000000 0.07080078125000000000 0 0 1 0 8 156 154 162 152 150 158 153 161 
156 7119 0.95458984375000000000 0.07080078125000000000 0 0 1 0 8 167 165 173 155 153 161 154 162 
157 7120 0.93994140625000000000 0.06591796875000000000 0 0 1 0 8 158 152 160 8 7 9 151 159 
158 7121 0.94482421875000000000 0.06591796875000000000 0 0 1 0 8 161 155 163 157 151 159 152 160 
159 7122 0.93994140625000000000 0.06103515625000000000 0 0 1 0 8 160 158 182 9 8 471 157 181 
160 7123 0.94482421875000000000 0.06103515625000000000 0 0 1 0 8 163 161 184 159 157 181 158 182 
161 7124 0.94970703125000000000 0.06591796875000000000 0 0 1 0 8 162 156 164 158 152 160 155 163 
162 7125 0.95458984375000000000 0.06591796875000000000 0 0 1 0 8 173 167 175 161 155 163 156 164 
163 7126 0.94970703125000000000 0.06103515625000000000 0 0 1 0 8 164 162 185 160 158 182 161 184 
164 7127 0.95458984375000000000 0.06103515625000000000 0 0 1 0 8 175 173 191 163 161 184 162 185 
165 7128 0.95947265625000000000 0.07568359375000000000 0 0 1 0 8 166 115 168 154 112 156 116 167 
166 7129 0.96435546875000000000 0.07568359375000000000 0 0 1 0 8 169 116 171 165 115 167 112 168 
167 7130 0.95947265625000000000 0.07080078125000000000 0 0 1 0 8 168 166 174 156 154 162 165 173 
168 7131 0.96435546875000000000 0.07080078125000000000 0 0 1 0 8 171 169 177 167 165 173 166 174 
169 7132 0.96923828125000000000 0.07568359375000000000 0 0 1 0 8 170 116 172 166 115 168 127 171 
170 7133 0.97412109375000000000 0.07568359375000000000 0 0 1 0 8 207 127 209 169 116 171 115 172 
171 7134 0.96923828125000000000 0.07080078125000000000 0 0 1 0 8 172 170 178 168 166 174 169 177 
172 7135 0.97412109375000000000 0.07080078125000000000 0 0 1 0 8 207 127 209 171 169 177 170 178 
173 7136 0.95947265625000000000 0.06591796875000000000 0 0 1 0 8 174 168 176 162 156 164 167 175 
174 7137 0.96435546875000000000 0.06591796875000000000 0 0 1 0 8 177 171 179 173 167 175 168 176 
175 7138 0.95947265625000000000 0.06103515625000000000 0 0 1 0 8 176 174 192 164 162 185 173 191 
176 7139 0.96435546875000000000 0.06103515625000000000 0 0 1 0 8 179 177 195 175 173 191 174 192 
177 7140 0.96923828125000000000 0.06591796875000000000 0 0 1 0 8 178 172 180 174 168 176 171 179 
178 7141 0.97412109375000000000 0.06591796875000000000 0 0 1 0 8 209 207 215 177 171 179 172 180 
179 7142 0.96923828125000000000 0.06103515625000000000 0 0 1 0 8 180 178 196 176 174 192 177 195 
180 7143 0.97412109375000000000 0.06103515625000000000 0 0 1 0 8 209 207 215 179 177 195 178 196 
181 7144 0.93994140625000000000 0.05615234375000000000 0 0 1 0 8 182 160 183 471 9 472 159 485 
182 7145 0.94482421875000000000 0.05615234375000000000 0 0 1 0 8 184 163 186 181 159 485 160 183 
183 7146 0.94482421875000000000 0.05126953125000000000 0 0 1 0 8 186 184 188 485 181 486 182 487 
184 7147 0.94970703125000000000 0.05615234375000000000 0 0 1 0 8 185 164 187 182 160 183 163 186 
185 7148 0.95458984375000000000 0.05615234375000000000 0 0 1 0 8 191 175 193 184 163 186 164 187 
186 7149 0.94970703125000000000 0.05126953125000000000 0 0 1 0 8 187 185 189 183 182 487 184 188 
187 7150 0.95458984375000000000 0.05126953125000000000 0 0 1 0 8 193 191 199 186 184 188 185 189 
188 7151 0.94970703125000000000 0.04638671875000000000 0 0 1 0 8 189 187 190 487 183 488 186 489 
189 7152 0.95458984375000000000 0.04638671875000000000 0 0 1 0 8 199 193 201 188 186 489 187 190 
190 7153 0.95458984375000000000 0.04150390625000000000 0 0 1 0 8 201 199 222 489 188 491 189 492 
191 7154 0.95947265625000000000 0.05615234375000000000 0 0 1 0 8 192 176 194 185 164 187 175 193 
192 7155 0.96435546875000000000 0.05615234375000000000 0 0 1 0 8 195 179 197 191 175 193 176 194 
193 7156 0.95947265625000000000 0.05126953125000000000 0 0 1 0 8 194 192 200 187 185 189 191 199 
194 7157 0.96435546875000000000 0.05126953125000000000 0 0 1 0 8 197 195 203 193 191 199 192 200 
195 7158 0.96923828125000000000 0.05615234375000000000 0 0 1 0 8 196 180 198 192 176 194 179 197 
196 7159 0.97412109375000000000 0.05615234375000000000 0 0 1 0 8 215 209 217 195 179 197 180 198 
197 7160 0.96923828125000000000 0.05126953125000000000 0 0 1 0 8 198 196 204 194 192 200 195 203 
198 7161 0.97412109375000000000 0.05126953125000000000 0 0 1 0 8 215 209 217 197 195 203 196 204 
199 7162 0.95947265625000000000 0.04638671875000000000 0 0 1 0 8 200 194 202 189 187 190 193 201 
200 7163 0.96435546875000000000 0.04638671875000000000 0 0 1 0 8 203 197 205 199 193 201 194 202 
201 7164 0.95947265625000000000 0.04150390625000000000 0 0 1 0 8 202 200 223 190 189 492 199 222 
202 7165 0.96435546875000000000 0.04150390625000000000 0 0 1 0 8 205 203 226 201 199 222 200 223 
203 7166 0.96923828125000000000 0.04638671875000000000 0 0 1 0 8 204 198 206 200 194 202 197 205 
204 7167 0.97412109375000000000 0.04638671875000000000 0 0 1 0 7 217 215 203 197 205 198 206 
205 7168 0.96923828125000000000 0.04150390625000000000 0 0 1 0 8 206 204 227 202 200 223 203 226 
206 7169 0.97412109375000000000 0.04150390625000000000 0 0 1 0 8 217 215 205 203 226 204 227 234 
207 7170 0.98144531250000000000 0.07324218750000000000 0 0 1 0 10 208 128 210 170 116 172 178 127 209 180 
208 7171 0.99121093750000000000 0.07324218750000000000 0 0 1 0 8 211 131 213 207 127 209 128 210 
209 7172 0.98144531250000000000 0.06347656250000000000 0 0 1 0 10 210 208 216 178 172 180 196 207 215 198 
210 7173 0.99121093750000000000 0.06347656250000000000 0 0 1 0 8 213 211 219 209 207 215 208 216 
211 7174 1.00097656250000000000 0.07324218750000000000 0 0 1 0 8 212 132 214 208 128 210 131 213 
212 7175 1.01074218750000000000 0.07324218750000000000 0 0 1 0 8 246 143 248 211 131 213 132 214 
213 7176 1.00097656250000000000 0.06347656250000000000 0 0 1 0 8 214 212 220 210 208 216 211 219 
214 7177 1.01074218750000000000 0.06347656250000000000 0 0 1 0 8 248 246 254 213 211 219 212 220 
215 7178 0.98144531250000000000 0.05371093750000000000 0 0 1 0 10 216 210 218 196 180 198 204 209 217 206 
216 7179 0.99121093750000000000 0.05371093750000000000 0 0 1 0 8 219 213 221 215 209 217 210 218 
217 7180 0.98144531250000000000 0.04394531250000000000 0 0 1 0 12 218 216 238 204 198 206 227 215 234 229 235 240 
218 7181 0.99121093750000000000 0.04394531250000000000 0 0 1 0 11 221 219 245 217 215 235 216 238 237 239 506 
219 7182 1.00097656250000000000 0.05371093750000000000 0 0 1 0 8 220 214 490 216 210 218 213 221 
220 7183 1.01074218750000000000 0.05371093750000000000 0 0 1 0 8 254 248 511 219 213 221 214 490 
221 7184 1.00097656250000000000 0.04394531250000000000 0 0 1 0 11 490 220 508 218 216 239 219 245 241 505 509 
222 7185 0.95947265625000000000 0.03662109375000000000 0 0 1 0 8 223 202 225 492 190 493 201 224 
223 7186 0.96435546875000000000 0.03662109375000000000 0 0 1 0 8 226 205 228 222 201 224 202 225 
224 7187 0.95947265625000000000 0.03173828125000000000 0 0 1 0 8 225 223 231 493 492 494 222 230 
225 7188 0.96435546875000000000 0.03173828125000000000 0 0 1 0 8 228 226 232 224 222 230 223 231 
226 7189 0.96923828125000000000 0.03662109375000000000 0 0 1 0 8 227 206 229 223 202 225 205 228 
227 7190 0.97412109375000000000 0.03662109375000000000 0 0 1 0 8 234 217 236 226 205 228 206 229 
228 7191 0.96923828125000000000 0.03173828125000000000 0 0 1 0 8 229 227 233 225 223 231 226 232 
229 7192 0.97412109375000000000 0.03173828125000000000 0 0 1 0 8 236 234 242 228 226 232 227 233 
230 7193 0.95947265625000000000 0.02685546875000000000 0 0 1 0 8 231 225 497 494 493 495 224 496 
231 7194 0.96435546875000000000 0.02685546875000000000 0 0 1 0 8 232 228 498 230 224 496 225 497 
232 7195 0.96923828125000000000 0.02685546875000000000 0 0 1 0 8 233 229 499 231 225 497 228 498 
233 7196 0.97412109375000000000 0.02685546875000000000 0 0 1 0 8 242 236 500 232 228 498 229 499 
234 7197 0.97900390625000000000 0.03662109375000000000 0 0 1 0 8 235 217 237 227 206 229 218 236 
235 7198 0.98388671875000000000 0.03662109375000000000 0 0 1 0 7 238 218 240 234 217 236 237 
236 7199 0.97900390625000000000 0.03173828125000000000 0 0 1 0 8 237 235 243 229 227 233 234 242 
237 7200 0.98388671875000000000 0.03173828125000000000 0 0 1 0 8 240 238 244 236 234 242 235 243 
238 7201 0.98876953125000000000 0.03662109375000000000 0 0 1 0 8 239 218 241 235 217 237 221 240 
239 7202 0.99365234375000000000 0.03662109375000000000 0 0 1 0 8 245 221 506 238 218 240 217 241 
240 7203 0.98876953125000000000 0.03173828125000000000 0 0 1 0 8 241 239 502 237 235 243 238 244 
241 7204 0.99365234375000000000 0.03173828125000000000 0 0 1 0 8 506 245 510 240 238 244 239 502 
242 7205 0.97900390625000000000 0.02685546875000000000 0 0 1 0 8 243 237 501 233 229 499 236 500 
243 7206 0.98388671875000000000 0.02685546875000000000 0 0 1 0 8 244 240 503 242 236 500 237 501 
244 7207 0.98876953125000000000 0.02685546875000000000 0 0 1 0 8 502 241 504 243 237 501 240 503 
245 7208 0.99853515625000000000 0.03662109375000000000 0 0 1 0 8 505 221 507 239 218 241 490 506 
246 7209 1.02050781250000000000 0.07324218750000000000 0 0 1 0 8 247 143 249 212 132 214 144 248 
247 7210 1.03027343750000000000 0.07324218750000000000 0 0 1 0 7 250 144 252 246 143 248 249 
248 7211 1.02050781250000000000 0.06347656250000000000 0 0 1 0 8 249 247 255 214 212 220 246 254 
249 7212 1.03027343750000000000 0.06347656250000000000 0 0 1 0 8 252 250 256 248 246 254 247 255 
250 7213 1.04003906250000000000 0.07324218750000000000 0 0 1 0 8 251 144 253 247 143 249 147 252 
251 7214 1.04980468750000000000 0.07324218750000000000 0 0 1 0 8 258 147 260 250 144 252 143 253 
252 7215 1.04003906250000000000 0.06347656250000000000 0 0 1 0 8 253 251 257 249 247 255 250 256 
253 7216 1.04980468750000000000 0.06347656250000000000 0 0 1 0 8 260 258 266 252 250 256 251 257 
254 7217 1.02050781250000000000 0.05371093750000000000 0 0 1 0 8 255 249 512 220 214 490 248 511 
255 7218 1.03027343750000000000 0.05371093750000000000 0 0 1 0 8 256 252 513 254 248 511 249 512 
256 7219 1.04003906250000000000 0.05371093750000000000 0 0 1 0 8 257 253 514 255 249 512 252 513 
257 7220 1.04980468750000000000 0.05371093750000000000 0 0 1 0 8 266 260 515 256 252 513 253 514 
258 7221 1.05957031250000000000 0.07324218750000000000 0 0 1 0 8 259 147 261 251 144 253 148 260 
259 7222 1.06933593750000000000 0.07324218750000000000 0 0 1 0 8 262 148 264 258 147 260 144 261 
260 7223 1.05957031250000000000 0.06347656250000000000 0 0 1 0 8 261 259 267 253 251 257 258 266 
261 7224 1.06933593750000000000 0.06347656250000000000 0 0 1 0 8 264 262 269 260 258 266 259 267 
262 7225 1.07910156250000000000 0.07324218750000000000 0 0 1 0 8 263 148 265 259 147 261 286 264 
263 7226 1.08886718750000000000 0.07324218750000000000 0 0 1 0 8 308 286 310 262 148 264 147 265 
264 7227 1.07910156250000000000 0.06347656250000000000 0 0 1 0 8 265 263 270 261 259 267 262 269 
265 7228 1.08886718750000000000 0.06347656250000000000 0 0 1 0 8 308 286 310 264 262 269 263 270 
266 7229 1.05957031250000000000 0.05371093750000000000 0 0 1 0 8 267 261 268 257 253 514 260 515 
267 7230 1.06933593750000000000 0.05371093750000000000 0 0 1 0 8 269 264 271 266 260 515 261 268 
268 7231 1.06933593750000000000 0.04394531250000000000 0 0 1 0 8 271 269 273 515 266 516 267 517 
269 7232 1.07910156250000000000 0.05371093750000000000 0 0 1 0 8 270 265 272 267 261 268 264 271 
270 7233 1.08886718750000000000 0.05371093750000000000 0 0 1 0 8 310 308 316 269 264 271 265 272 
271 7234 1.07910156250000000000 0.04394531250000000000 0 0 1 0 8 272 270 274 268 267 517 269 273 
272 7235 1.08886718750000000000 0.04394531250000000000 0 0 1 0 8 310 308 316 271 269 273 270 274 
273 7236 1.07910156250000000000 0.03417968750000000000 0 0 1 0 8 274 272 275 517 268 518 271 519 
274 7237 1.08886718750000000000 0.03417968750000000000 0 0 1 0 8 316 310 318 273 271 519 272 275 
275 7238 1.08886718750000000000 0.02441406250000000000 0 0 1 0 8 316 310 318 519 273 520 274 521 
276 7239 1.10351562500000000000 0.14648437500000000000 0 0 1 0 8 277 66 279 138 55 140 67 278 
277 7240 1.12304687500000000000 0.14648437500000000000 0 0 1 0 7 280 67 282 276 66 278 279 
278 7241 1.10351562500000000000 0.12695312500000000000 0 0 1 0 8 279 277 285 140 138 146 276 284 
279 7242 1.12304687500000000000 0.12695312500000000000 0 0 1 0 8 282 280 288 278 276 284 277 285 
280 7243 1.14257812500000000000 0.14648437500000000000 0 0 1 0 8 281 67 283 277 66 279 70 282 
281 7244 1.16210937500000000000 0.14648437500000000000 0 0 1 0 8 292 70 294 280 67 282 66 283 
282 7245 1.14257812500000000000 0.12695312500000000000 0 0 1 0 8 283 281 289 279 277 285 280 288 
283 7246 1.16210937500000000000 0.12695312500000000000 0 0 1 0 8 294 292 300 282 280 288 281 289 
284 7247 1.10351562500000000000 0.10742187500000000000 0 0 1 0 8 285 279 287 146 140 148 278 286 
285 7248 1.12304687500000000000 0.10742187500000000000 0 0 1 0 8 288 282 290 284 278 286 279 287 
286 7249 1.10351562500000000000 0.08789062500000000000 0 0 1 0 9 287 285 309 148 146 263 284 308 265 
287 7250 1.12304687500000000000 0.08789062500000000000 0 0 1 0 8 290 288 312 286 284 308 285 309 
288 7251 1.14257812500000000000 0.10742187500000000000 0 0 1 0 8 289 283 291 285 279 287 282 290 
289 7252 1.16210937500000000000 0.10742187500000000000 0 0 1 0 8 300 294 302 288 282 290 283 291 
290 7253 1.14257812500000000000 0.08789062500000000000 0 0 1 0 8 291 289 313 287 285 309 288 312 
291 7254 1.16210937500000000000 0.08789062500000000000 0 0 1 0 8 302 300 324 290 288 312 289 313 
292 7255 1.18164062500000000000 0.14648437500000000000 0 0 1 0 8 293 70 295 281 67 283 71 294 
293 7256 1.20117187500000000000 0.14648437500000000000 0 0 1 0 8 296 71 298 292 70 294 67 295 
294 7257 1.18164062500000000000 0.12695312500000000000 0 0 1 0 8 295 293 301 283 281 289 292 300 
295 7258 1.20117187500000000000 0.12695312500000000000 0 0 1 0 8 298 296 304 294 292 300 293 301 
296 7259 1.22070312500000000000 0.14648437500000000000 0 0 1 0 8 297 71 299 293 70 295 352 298 
297 7260 1.24023437500000000000 0.14648437500000000000 0 0 1 0 8 358 352 360 296 71 298 70 299 
298 7261 1.22070312500000000000 0.12695312500000000000 0 0 1 0 8 299 297 305 295 293 301 296 304 
299 7262 1.24023437500000000000 0.12695312500000000000 0 0 1 0 8 358 352 360 298 296 304 297 305 
300 7263 1.18164062500000000000 0.10742187500000000000 0 0 1 0 8 301 295 303 289 283 291 294 302 
301 7264 1.20117187500000000000 0.10742187500000000000 0 0 1 0 8 304 298 306 300 294 302 295 303 
302 7265 1.18164062500000000000 0.08789062500000000000 0 0 1 0 8 303 301 325 291 289 313 300 324 
303 7266 1.20117187500000000000 0.08789062500000000000 0 0 1 0 8 306 304 328 302 300 324 301 325 
304 7267 1.22070312500000000000 0.10742187500000000000 0 0 1 0 8 305 299 307 301 295 303 298 306 
305 7268 1.24023437500000000000 0.10742187500000000000 0 0 1 0 8 360 358 366 304 298 306 299 307 
306 7269 1.22070312500000000000 0.08789062500000000000 0 0 1 0 8 307 305 329 303 301 325 304 328 
307 7270 1.24023437500000000000 0.08789062500000000000 0 0 1 0 8 360 358 366 306 304 328 305 329 
308 7271 1.10351562500000000000 0.06835937500000000000 0 0 1 0 10 309 287 311 263 148 265 270 286 310 272 
309 7272 1.12304687500000000000 0.06835937500000000000 0 0 1 0 8 312 290 314 308 286 310 287 311 
310 7273 1.10351562500000000000 0.04882812500000000000 0 0 1 0 10 311 309 317 270 265 272 274 308 316 275 
311 7274 1.12304687500000000000 0.04882812500000000000 0 0 1 0 8 314 312 320 310 308 316 309 317 
312 7275 1.14257812500000000000 0.06835937500000000000 0 0 1 0 8 313 291 315 309 287 311 290 314 
313 7276 1.16210937500000000000 0.06835937500000000000 0 0 1 0 8 324 302 326 312 290 314 291 315 
314 7277 1.14257812500000000000 0.04882812500000000000 0 0 1 0 8 315 313 321 311 309 317 312 320 
315 7278 1.16210937500000000000 0.04882812500000000000 0 0 1 0 8 326 324 332 314 312 320 313 321 
316 7279 1.10351562500000000000 0.02929687500000000000 0 0 1 0 10 317 311 319 274 272 275 521 310 318 522 
317 7280 1.12304687500000000000 0.02929687500000000000 0 0 1 0 8 320 314 322 316 310 318 311 319 
318 7281 1.10351562500000000000 0.00976562500000000000 0 0 1 0 10 319 317 376 521 275 522 535 316 544 536 
319 7282 1.12304687500000000000 0.00976562500000000000 0 0 1 0 8 322 320 378 318 316 544 317 376 
320 7283 1.14257812500000000000 0.02929687500000000000 0 0 1 0 8 321 315 323 317 311 319 314 322 
321 7284 1.16210937500000000000 0.02929687500000000000 0 0 1 0 8 332 326 334 320 314 322 315 323 
322 7285 1.14257812500000000000 0.00976562500000000000 0 0 1 0 8 323 321 379 319 317 376 320 378 
323 7286 1.16210937500000000000 0.00976562500000000000 0 0 1 0 8 334 332 388 322 320 378 321 379 
324 7287 1.18164062500000000000 0.06835937500000000000 0 0 1 0 8 325 303 327 313 291 315 302 326 
325 7288 1.20117187500000000000 0.06835937500000000000 0 0 1 0 8 328 306 330 324 302 326 303 327 
326 7289 1.18164062500000000000 0.04882812500000000000 0 0 1 0 8 327 325 333 315 313 321 324 332 
327 7290 1.20117187500000000000 0.04882812500000000000 0 0 1 0 8 330 328 336 326 324 332 325 333 
328 7291 1.22070312500000000000 0.06835937500000000000 0 0 1 0 8 329 307 331 325 303 327 306 330 
329 7292 1.24023437500000000000 0.06835937500000000000 0 0 1 0 8 366 360 368 328 306 330 307 331 
330 7293 1.22070312500000000000 0.04882812500000000000 0 0 1 0 8 331 329 337 327 325 333 328 336 
331 7294 1.24023437500000000000 0.04882812500000000000 0 0 1 0 8 366 360 368 330 328 336 329 337 
332 7295 1.18164062500000000000 0.02929687500000000000 0 0 1 0 8 333 327 335 321 315 323 326 334 
333 7296 1.20117187500000000000 0.02929687500000000000 0 0 1 0 8 336 330 338 332 326 334 327 335 
334 7297 1.18164062500000000000 0.00976562500000000000 0 0 1 0 8 335 333 389 323 321 379 332 388 
335 7298 1.20117187500000000000 0.00976562500000000000 0 0 1 0 8 338 336 392 334 332 388 333 389 
336 7299 1.22070312500000000000 0.02929687500000000000 0 0 1 0 8 337 331 339 333 327 335 330 338 
337 7300 1.24023437500000000000 0.02929687500000000000 0 0 1 0 8 368 366 439 336 330 338 331 339 
338 7301 1.22070312500000000000 0.00976562500000000000 0 0 1 0 8 339 337 393 335 333 389 336 392 
339 7302 1.24023437500000000000 0.00976562500000000000 0 0 1 0 8 368 366 439 338 336 392 337 393 
340 7303 1.28906250000000000000 0.35156250000000000000 0 0 1 0 12 341 524 346 454 450 6 61 523 342 63 343 348 
341 7304 1.36718750000000000000 0.35156250000000000000 0 0 1 0 11 526 525 527 340 523 343 524 346 345 347 528 
342 7305 1.26953125000000000000 0.29296875000000000000 0 0 1 0 8 343 340 345 61 6 63 341 344 
343 7306 1.30859375000000000000 0.29296875000000000000 0 0 1 0 7 346 341 348 342 340 344 345 
344 7307 1.26953125000000000000 0.25390625000000000000 0 0 1 0 8 345 343 351 63 61 69 342 350 
345 7308 1.30859375000000000000 0.25390625000000000000 0 0 1 0 8 348 346 354 344 342 350 343 351 
346 7309 1.34765625000000000000 0.29296875000000000000 0 0 1 0 8 347 341 349 343 340 345 526 348 
347 7310 1.38671875000000000000 0.29296875000000000000 0 0 1 0 8 527 526 528 346 341 348 340 349 
348 7311 1.34765625000000000000 0.25390625000000000000 0 0 1 0 8 349 347 355 345 343 351 346 354 
349 7312 1.38671875000000000000 0.25390625000000000000 0 0 1 0 8 528 527 529 348 346 354 347 355 
350 7313 1.26953125000000000000 0.21484375000000000000 0 0 1 0 8 351 345 353 69 63 71 344 352 
351 7314 1.30859375000000000000 0.21484375000000000000 0 0 1 0 8 354 348 356 350 344 352 345 353 
352 7315 1.26953125000000000000 0.17578125000000000000 0 0 1 0 9 353 351 359 71 69 297 350 358 299 
353 7316 1.30859375000000000000 0.17578125000000000000 0 0 1 0 8 356 354 362 352 350 358 351 359 
354 7317 1.34765625000000000000 0.21484375000000000000 0 0 1 0 8 355 349 357 351 345 353 348 356 
355 7318 1.38671875000000000000 0.21484375000000000000 0 0 1 0 8 529 528 530 354 348 356 349 357 
356 7319 1.34765625000000000000 0.17578125000000000000 0 0 1 0 8 357 355 363 353 351 359 354 362 
357 7320 1.38671875000000000000 0.17578125000000000000 0 0 1 0 8 530 529 531 356 354 362 355 363 
358 7321 1.26953125000000000000 0.13671875000000000000 0 0 1 0 10 359 353 361 297 71 299 305 352 360 307 
359 7322 1.30859375000000000000 0.13671875000000000000 0 0 1 0 8 362 356 364 358 352 360 353 361 
360 7323 1.26953125000000000000 0.09765625000000000000 0 0 1 0 10 361 359 367 305 299 307 329 358 366 331 
361 7324 1.30859375000000000000 0.09765625000000000000 0 0 1 0 8 364 362 370 360 358 366 359 367 
362 7325 1.34765625000000000000 0.13671875000000000000 0 0 1 0 8 363 357 365 359 353 361 356 364 
363 7326 1.38671875000000000000 0.13671875000000000000 0 0 1 0 8 531 530 532 362 356 364 357 365 
364 7327 1.34765625000000000000 0.09765625000000000000 0 0 1 0 8 365 363 371 361 359 367 362 370 
365 7328 1.38671875000000000000 0.09765625000000000000 0 0 1 0 8 532 531 533 364 362 370 363 371 
366 7329 1.26953125000000000000 0.05859375000000000000 0 0 1 0 10 367 361 369 329 307 331 337 360 368 339 
367 7330 1.30859375000000000000 0.05859375000000000000 0 0 1 0 8 370 364 372 366 360 368 361 369 
368 7331 1.26953125000000000000 0.01953125000000000000 0 0 1 0 10 369 367 440 337 331 339 393 366 439 395 
369 7332 1.30859375000000000000 0.01953125000000000000 0 0 1 0 8 372 370 443 368 366 439 367 440 
370 7333 1.34765625000000000000 0.05859375000000000000 0 0 1 0 8 371 365 373 367 361 369 364 372 
371 7334 1.38671875000000000000 0.05859375000000000000 0 0 1 0 8 533 532 534 370 364 372 365 373 
372 7335 1.34765625000000000000 0.01953125000000000000 0 0 1 0 8 373 371 554 369 367 440 370 443 
373 7336 1.38671875000000000000 0.01953125000000000000 0 0 1 0 8 534 533 560 372 370 443 371 554 
374 7337 1.08398437500000000000 -0.10742187500000000000 0 0 1 0 8 406 404 412 540 538 541 539 375 
375 7338 1.08398437500000000000 -0.12695312500000000000 0 0 1 0 8 412 406 414 541 540 542 374 543 
376 7339 1.12304687500000000000 -0.00976562500000000000 0 0 1 0 8 378 322 380 544 318 545 319 377 
377 7340 1.12304687500000000000 -0.02929687500000000000 0 0 1 0 8 380 378 384 545 544 546 376 382 
378 7341 1.14257812500000000000 -0.00976562500000000000 0 0 1 0 8 379 323 381 376 319 377 322 380 
379 7342 1.16210937500000000000 -0.00976562500000000000 0 0 1 0 8 388 334 390 378 322 380 323 381 
380 7343 1.14257812500000000000 -0.02929687500000000000 0 0 1 0 8 381 379 385 377 376 382 378 384 
381 7344 1.16210937500000000000 -0.02929687500000000000 0 0 1 0 8 390 388 396 380 378 384 379 385 
382 7345 1.12304687500000000000 -0.04882812500000000000 0 0 1 0 8 384 380 386 546 545 547 377 383 
383 7346 1.12304687500000000000 -0.06835937500000000000 0 0 1 0 8 386 384 408 547 546 404 382 405 
384 7347 1.14257812500000000000 -0.04882812500000000000 0 0 1 0 8 385 381 387 382 377 383 380 386 
385 7348 1.16210937500000000000 -0.04882812500000000000 0 0 1 0 8 396 390 398 384 380 386 381 387 
386 7349 1.14257812500000000000 -0.06835937500000000000 0 0 1 0 8 387 385 409 383 382 405 384 408 
387 7350 1.16210937500000000000 -0.06835937500000000000 0 0 1 0 8 398 396 420 386 384 408 385 409 
388 7351 1.18164062500000000000 -0.00976562500000000000 0 0 1 0 8 389 335 391 379 323 381 334 390 
389 7352 1.20117187500000000000 -0.00976562500000000000 0 0 1 0 8 392 338 394 388 334 390 335 391 
390 7353 1.18164062500000000000 -0.02929687500000000000 0 0 1 0 8 391 389 397 381 379 385 388 396 
391 7354 1.20117187500000000000 -0.02929687500000000000 0 0 1 0 8 394 392 400 390 388 396 389 397 
392 7355 1.22070312500000000000 -0.00976562500000000000 0 0 1 0 8 393 339 395 389 335 391 338 394 
393 7356 1.24023437500000000000 -0.00976562500000000000 0 0 1 0 8 439 368 441 392 338 394 339 395 
394 7357 1.22070312500000000000 -0.02929687500000000000 0 0 1 0 8 395 393 401 391 389 397 392 400 
395 7358 1.24023437500000000000 -0.02929687500000000000 0 0 1 0 8 439 368 441 394 392 400 393 401 
396 7359 1.18164062500000000000 -0.04882812500000000000 0 0 1 0 8 397 391 399 385 381 387 390 398 
397 7360 1.20117187500000000000 -0.04882812500000000000 0 0 1 0 8 400 394 402 396 390 398 391 399 
398 7361 1.18164062500000000000 -0.06835937500000000000 0 0 1 0 8 399 397 421 387 385 409 396 420 
399 7362 1.20117187500000000000 -0.06835937500000000000 0 0 1 0 8 402 400 424 398 396 420 397 421 
400 7363 1.22070312500000000000 -0.04882812500000000000 0 0 1 0 8 401 395 403 397 391 399 394 402 
401 7364 1.24023437500000000000 -0.04882812500000000000 0 0 1 0 8 441 439 444 400 394 402 395 403 
402 7365 1.22070312500000000000 -0.06835937500000000000 0 0 1 0 8 403 401 425 399 397 421 400 424 
403 7366 1.24023437500000000000 -0.06835937500000000000 0 0 1 0 8 441 439 444 402 400 424 401 425 
404 7367 1.10351562500000000000 -0.08789062500000000000 0 0 1 0 8 405 383 407 539 537 374 547 406 
405 7368 1.12304687500000000000 -0.08789062500000000000 0 0 1 0 8 408 386 410 404 547 406 383 407 
406 7369 1.10351562500000000000 -0.10742187500000000000 0 0 1 0 8 407 405 413 374 539 375 404 412 
407 7370 1.12304687500000000000 -0.10742187500000000000 0 0 1 0 8 410 408 416 406 404 412 405 413 
408 7371 1.14257812500000000000 -0.08789062500000000000 0 0 1 0 8 409 387 411 405 383 407 386 410 
409 7372 1.16210937500000000000 -0.08789062500000000000 0 0 1 0 8 420 398 422 408 386 410 387 411 
410 7373 1.14257812500000000000 -0.10742187500000000000 0 0 1 0 8 411 409 417 407 405 413 408 416 
411 7374 1.16210937500000000000 -0.10742187500000000000 0 0 1 0 8 422 420 428 410 408 416 409 417 
412 7375 1.10351562500000000000 -0.12695312500000000000 0 0 1 0 8 413 407 415 375 374 543 406 414 
413 7376 1.12304687500000000000 -0.12695312500000000000 0 0 1 0 8 416 410 418 412 406 414 407 415 
414 7377 1.10351562500000000000 -0.14648437500000000000 0 0 1 0 8 415 413 549 543 375 548 412 436 
415 7378 1.12304687500000000000 -0.14648437500000000000 0 0 1 0 7 418 416 436 414 412 549 413 
416 7379 1.14257812500000000000 -0.12695312500000000000 0 0 1 0 8 417 411 419 413 407 415 410 418 
417 7380 1.16210937500000000000 -0.12695312500000000000 0 0 1 0 8 428 422 430 416 410 418 411 419 
418 7381 1.14257812500000000000 -0.14648437500000000000 0 0 1 0 8 419 417 436 415 413 549 416 437 
419 7382 1.16210937500000000000 -0.14648437500000000000 0 0 1 0 8 430 428 437 418 416 436 417 549 
420 7383 1.18164062500000000000 -0.08789062500000000000 0 0 1 0 8 421 399 423 409 387 411 398 422 
421 7384 1.20117187500000000000 -0.08789062500000000000 0 0 1 0 8 424 402 426 420 398 422 399 423 
422 7385 1.18164062500000000000 -0.10742187500000000000 0 0 1 0 8 423 421 429 411 409 417 420 428 
423 7386 1.20117187500000000000 -0.10742187500000000000 0 0 1 0 8 426 424 432 422 420 428 421 429 
424 7387 1.22070312500000000000 -0.08789062500000000000 0 0 1 0 8 425 403 427 421 399 423 402 426 
425 7388 1.24023437500000000000 -0.08789062500000000000 0 0 1 0 8 444 441 445 424 402 426 403 427 
426 7389 1.22070312500000000000 -0.10742187500000000000 0 0 1 0 8 427 425 433 423 421 429 424 432 
427 7390 1.24023437500000000000 -0.10742187500000000000 0 0 1 0 8 444 441 445 426 424 432 425 433 
428 7391 1.18164062500000000000 -0.12695312500000000000 0 0 1 0 8 429 423 431 417 411 419 422 430 
429 7392 1.20117187500000000000 -0.12695312500000000000 0 0 1 0 8 432 426 434 428 422 430 423 431 
430 7393 1.18164062500000000000 -0.14648437500000000000 0 0 1 0 8 431 429 437 419 417 436 428 438 
431 7394 1.20117187500000000000 -0.14648437500000000000 0 0 1 0 8 434 432 438 430 428 437 429 436 
432 7395 1.22070312500000000000 -0.12695312500000000000 0 0 1 0 8 433 427 435 429 423 431 426 434 
433 7396 1.24023437500000000000 -0.12695312500000000000 0 0 1 0 8 445 444 561 432 426 434 427 435 
434 7397 1.22070312500000000000 -0.14648437500000000000 0 0 1 0 8 435 433 438 431 429 437 432 561 
435 7398 1.24023437500000000000 -0.14648437500000000000 0 0 1 0 8 445 444 561 434 432 438 433 437 
436 7399 1.15234375000000000000 -0.17578125000000000000 0 0 1 0 9 437 430 552 549 415 550 419 418 551 
437 7400 1.19140625000000000000 -0.17578125000000000000 0 0 1 0 9 438 434 553 436 419 551 431 430 552 
438 7401 1.23046875000000000000 -0.17578125000000000000 0 0 1 0 9 561 445 563 437 431 552 435 434 553 
439 7402 1.26953125000000000000 -0.01953125000000000000 0 0 1 0 10 440 369 442 393 339 395 401 368 441 403 
440 7403 1.30859375000000000000 -0.01953125000000000000 0 0 1 0 8 443 372 555 439 368 441 369 442 
441 7404 1.26953125000000000000 -0.05859375000000000000 0 0 1 0 10 442 440 557 401 395 403 425 439 444 427 
442 7405 1.30859375000000000000 -0.05859375000000000000 0 0 1 0 8 555 443 559 441 439 444 440 557 
443 7406 1.34765625000000000000 -0.01953125000000000000 0 0 1 0 8 554 373 556 440 369 442 372 555 
444 7407 1.26953125000000000000 -0.09765625000000000000 0 0 1 0 10 557 442 558 425 403 427 433 441 445 435 
445 7408 1.26953125000000000000 -0.13671875000000000000 0 0 1 0 9 558 557 562 433 427 435 438 444 561 
446 16279 0.99609375000000000000 0.37109375000000000000 37 
447 3950 0.99609375000000000000 0.33203125000000000000 9 
448 16280 1.03515625000000000000 0.37109375000000000000 37 
449 16281 1.07421875000000000000 0.37109375000000000000 37 
450 16289 1.23046875000000000000 0.41015625000000000000 37 
451 16290 1.11328125000000000000 0.37109375000000000000 37 
452 16291 1.15234375000000000000 0.37109375000000000000 37 
453 16292 1.19140625000000000000 0.37109375000000000000 37 
454 16293 1.23046875000000000000 0.37109375000000000000 37 
455 4069 0.92773437500000000000 0.20507812500000000000 9 
456 4074 0.92773437500000000000 0.18554687500000000000 9 
457 2217 0.92773437500000000000 0.16601562500000000000 5 
458 2250 0.93261718750000000000 0.15136718750000000000 5 
459 2252 0.93261718750000000000 0.14160156250000000000 5 
460 2258 0.93261718750000000000 0.13183593750000000000 5 
461 2260 0.93261718750000000000 0.12207031250000000000 5 
462 2282 0.93261718750000000000 0.11230468750000000000 5 
463 2290 0.93261718750000000000 0.09277343750000000000 5 
464 2292 0.93261718750000000000 0.08300781250000000000 5 
465 2567 0.93017578125000000000 0.07568359375000000000 5 
466 2568 0.93505859375000000000 0.07568359375000000000 5 
467 2569 0.93017578125000000000 0.07080078125000000000 5 
468 2574 0.93017578125000000000 0.06591796875000000000 5 
469 2575 0.93017578125000000000 0.06103515625000000000 5 
470 2675 0.93017578125000000000 0.05615234375000000000 6 
471 2676 0.93505859375000000000 0.05615234375000000000 6 
472 2678 0.93505859375000000000 0.05126953125000000000 6 
473 4325 1.00585937500000000000 0.30273437500000000000 9 
474 4327 1.00585937500000000000 0.28320312500000000000 9 
475 4331 0.96679687500000000000 0.24414062500000000000 9 
476 4332 0.98632812500000000000 0.26367187500000000000 9 
477 4333 1.00585937500000000000 0.26367187500000000000 9 
478 4334 0.98632812500000000000 0.24414062500000000000 9 
479 4335 0.94726562500000000000 0.22460937500000000000 9 
480 4336 0.96679687500000000000 0.22460937500000000000 9 
481 4337 0.94726562500000000000 0.20507812500000000000 9 
482 2625 0.94238281250000000000 0.11230468750000000000 5 
483 2626 0.94238281250000000000 0.10253906250000000000 5 
484 2627 0.94238281250000000000 0.09277343750000000000 5 
485 3023 0.93994140625000000000 0.05126953125000000000 6 
486 3024 0.93994140625000000000 0.04638671875000000000 6 
487 3025 0.94482421875000000000 0.04638671875000000000 6 
488 3027 0.94482421875000000000 0.04150390625000000000 6 
489 3028 0.94970703125000000000 0.04150390625000000000 6 
490 7829 1.01074218750000000000 0.04394531250000000000 18 
491 3033 0.94970703125000000000 0.03662109375000000000 6 
492 3034 0.95458984375000000000 0.03662109375000000000 6 
493 3036 0.95458984375000000000 0.03173828125000000000 6 
494 6546 0.95458984375000000000 0.02685546875000000000 15 
495 6548 0.95458984375000000000 0.02197265625000000000 15 
496 6549 0.95947265625000000000 0.02197265625000000000 15 
497 6550 0.96435546875000000000 0.02197265625000000000 15 
498 6551 0.96923828125000000000 0.02197265625000000000 15 
499 6552 0.97412109375000000000 0.02197265625000000000 15 
500 6639 0.97900390625000000000 0.02197265625000000000 15 
501 6640 0.98388671875000000000 0.02197265625000000000 15 
502 7830 0.99365234375000000000 0.02685546875000000000 18 
503 6641 0.98876953125000000000 0.02197265625000000000 15 
504 7831 0.99365234375000000000 0.02197265625000000000 18 
505 7832 1.00341796875000000000 0.03662109375000000000 18 
506 7833 0.99853515625000000000 0.03173828125000000000 18 
507 7834 1.00341796875000000000 0.03173828125000000000 18 
508 7835 1.00830078125000000000 0.03662109375000000000 18 
509 7837 1.00830078125000000000 0.03173828125000000000 18 
510 7839 0.99853515625000000000 0.02685546875000000000 18 
511 7959 1.02050781250000000000 0.04394531250000000000 18 
512 7960 1.03027343750000000000 0.04394531250000000000 18 
513 7961 1.04003906250000000000 0.04394531250000000000 18 
514 7962 1.04980468750000000000 0.04394531250000000000 18 
515 7963 1.05957031250000000000 0.04394531250000000000 18 
516 8076 1.05957031250000000000 0.03417968750000000000 18 
517 8077 1.06933593750000000000 0.03417968750000000000 18 
518 8079 1.06933593750000000000 0.02441406250000000000 18 
519 8080 1.07910156250000000000 0.02441406250000000000 18 
520 8085 1.07910156250000000000 0.01464843750000000000 18 
521 8086 1.08886718750000000000 0.01464843750000000000 18 
522 8088 1.08886718750000000000 0.00488281250000000000 18 
523 16382 1.28906250000000000000 0.42968750000000000000 37 
524 16383 1.36718750000000000000 0.42968750000000000000 37 
525 16384 1.44531250000000000000 0.42968750000000000000 37 
526 16386 1.44531250000000000000 0.35156250000000000000 37 
527 16404 1.42578125000000000000 0.29296875000000000000 37 
528 16406 1.42578125000000000000 0.25390625000000000000 37 
529 16412 1.42578125000000000000 0.21484375000000000000 37 
530 16414 1.42578125000000000000 0.17578125000000000000 37 
531 16420 1.42578125000000000000 0.13671875000000000000 37 
532 16422 1.42578125000000000000 0.09765625000000000000 37 
533 16428 1.42578125000000000000 0.05859375000000000000 37 
534 13445 1.42578125000000000000 0.01953125000000000000 31 
535 5971 1.08886718750000000000 -0.00488281250000000000 13 
536 5973 1.08886718750000000000 -0.01464843750000000000 13 
537 6013 1.08886718750000000000 -0.07324218750000000000 13 
538 6082 1.06445312500000000000 -0.08789062500000000000 13 
539 6083 1.08398437500000000000 -0.08789062500000000000 13 
540 6084 1.06445312500000000000 -0.10742187500000000000 13 
541 15004 1.06445312500000000000 -0.12695312500000000000 34 
542 15005 1.06445312500000000000 -0.14648437500000000000 34 
543 15006 1.08398437500000000000 -0.14648437500000000000 34 
544 6088 1.10351562500000000000 -0.00976562500000000000 13 
545 6089 1.10351562500000000000 -0.02929687500000000000 13 
546 6090 1.10351562500000000000 -0.04882812500000000000 13 
547 6091 1.10351562500000000000 -0.06835937500000000000 13 
548 15024 1.08398437500000000000 -0.16601562500000000000 34 
549 15067 1.11328125000000000000 -0.17578125000000000000 34 
550 15068 1.11328125000000000000 -0.21484375000000000000 34 
551 13525 1.15234375000000000000 -0.21484375000000000000 31 
552 13526 1.19140625000000000000 -0.21484375000000000000 31 
553 13527 1.23046875000000000000 -0.21484375000000000000 31 
554 13694 1.38671875000000000000 -0.01953125000000000000 31 
555 13695 1.34765625000000000000 -0.05859375000000000000 31 
556 13696 1.38671875000000000000 -0.05859375000000000000 31 
557 13697 1.30859375000000000000 -0.09765625000000000000 31 
558 13698 1.30859375000000000000 -0.13671875000000000000 31 
559 13699 1.34765625000000000000 -0.09765625000000000000 31 
560 13703 1.42578125000000000000 -0.01953125000000000000 31 
561 13719 1.26953125000000000000 -0.17578125000000000000 31 
562 13720 1.30859375000000000000 -0.17578125000000000000 31 
563 13721 1.26953125000000000000 -0.21484375000000000000 31 
