505 446 59
1 6518 0.94583601999999999954 0.00743223319999999996 447 2 0 1 8 462 464 38 47 49 50 447 2 
2 6519 0.95018067999999999973 0.00685406359999999985 1 3 0 1 6 53 38 50 49 1 3 
3 6520 0.95435287000000001978 0.00629598129999999964 2 4 0 1 6 65 50 54 53 2 4 
4 6521 0.95835099000000001368 0.00575852859999999994 3 5 0 1 7 87 69 54 66 65 3 5 
5 6522 0.96217350000000001486 0.00524223299999999979 4 6 0 1 7 4 6 65 66 87 88 89 
6 6523 0.96581894999999995388 0.00474760679999999997 5 7 0 1 8 5 7 100 101 87 88 89 90 
7 6524 0.96928592999999996227 0.00427514520000000023 6 8 0 1 8 6 8 99 100 101 104 105 116 
8 6525 0.97257311000000001844 0.00382532610000000002 7 9 0 1 6 120 105 117 116 7 9 
9 6526 0.97567924999999999791 0.00339860840000000015 8 10 0 1 8 8 161 10 163 117 120 121 185 
10 6527 0.97860314000000003798 0.00299543139999999992 9 11 0 1 7 185 167 121 164 163 9 11 
11 6528 0.97997341998311537914 0.00280598113756297830 10 12 0 1 8 10 195 12 167 168 121 185 186 
12 6529 0.98134367000000000125 0.00261621340000000018 11 13 0 1 6 189 195 185 186 11 13 
13 6530 0.98198270546161448014 0.00252760216563875607 12 14 0 1 6 197 196 186 195 12 14 
14 6531 0.98262173774950167804 0.00243892110131903317 13 15 0 1 8 193 195 196 197 13 15 200 201 
15 6532 0.98389978000000000158 0.00226135130000000009 14 16 0 1 8 14 199 16 201 200 212 213 216 
16 6533 0.98627050999999998915 0.00193121880000000001 15 17 0 1 8 258 259 260 15 17 213 216 217 
17 6534 0.98845492999999995387 0.00162616629999999996 16 18 0 1 7 282 276 261 265 264 16 18 
18 6535 0.99045221000000005507 0.00134651949999999997 17 19 0 1 9 315 293 317 282 277 281 280 17 19 
19 6536 0.99226159999999996586 0.00109257870000000010 18 20 0 1 7 317 318 319 320 321 18 20 
20 6537 0.99388239000000000445 0.00086461819000000005 19 21 0 1 6 337 322 334 333 19 21 
21 6538 0.99459817769398894960 0.00076379678318626819 20 22 0 1 6 349 334 338 337 20 22 
22 6539 0.99531396000000005309 0.00066288534000000004 21 23 0 1 7 355 353 338 350 349 21 23 
23 6540 0.99655576000000001269 0.00048760002000000001 22 24 0 1 8 355 393 394 395 397 398 22 24 
24 6541 0.99681865241471145911 0.00045045687984045219 23 25 0 1 7 394 396 397 398 23 25 409 
25 6542 0.99708154577183272238 0.00041330143405289885 24 26 0 1 7 394 396 397 398 24 26 409 
26 6543 0.99760733000000001436 0.00033895399000000002 25 27 0 1 7 431 413 398 410 409 25 27 
27 6544 0.99846824999999994610 0.00021711041999999999 26 28 0 1 7 432 433 443 445 26 28 505 
28 6545 0.99880322470206828189 0.00016966687698000558 27 448 0 1 7 504 433 445 446 505 27 448 
29 6546 0.95458984375000000000 0.02685546875000000000 0 0 1 0 8 455 454 32 453 449 30 450 31 
30 6547 0.94970703125000000000 0.02197265625000000000 0 0 1 0 11 31 29 43 452 451 460 453 39 36 40 45 
31 6548 0.95458984375000000000 0.02197265625000000000 0 0 1 0 11 32 455 55 30 453 40 29 43 42 44 57 
32 6549 0.95947265625000000000 0.02197265625000000000 0 0 1 0 11 33 456 59 31 29 44 455 55 46 56 61 
33 6550 0.96435546875000000000 0.02197265625000000000 0 0 1 0 11 34 457 71 32 455 56 456 59 58 60 73 
34 6551 0.96923828125000000000 0.02197265625000000000 0 0 1 0 11 35 458 75 33 456 60 457 71 62 72 77 
35 6552 0.97412109375000000000 0.02197265625000000000 0 0 1 0 11 122 465 125 34 457 72 458 75 74 76 127 
36 6553 0.94604492187500000000 0.01586914062500000000 0 0 1 0 8 41 39 47 461 459 463 460 37 
37 6554 0.94604492187500000000 0.01342773437500000000 0 0 1 0 8 47 41 49 463 461 464 36 38 
38 6555 0.94604492187500000000 0.01098632812500000000 0 0 1 0 8 49 47 2 464 463 1 37 447 
39 6556 0.94848632812500000000 0.01831054687500000000 0 0 1 0 8 40 30 42 460 452 36 31 41 
40 6557 0.95092773437500000000 0.01831054687500000000 0 0 1 0 8 43 31 45 39 30 41 452 42 
41 6558 0.94848632812500000000 0.01586914062500000000 0 0 1 0 8 42 40 48 36 460 37 39 47 
42 6559 0.95092773437500000000 0.01586914062500000000 0 0 1 0 8 45 43 51 41 39 47 40 48 
43 6560 0.95336914062500000000 0.01831054687500000000 0 0 1 0 8 44 31 46 40 30 42 32 45 
44 6561 0.95581054687500000000 0.01831054687500000000 0 0 1 0 8 55 32 57 43 31 45 30 46 
45 6562 0.95336914062500000000 0.01586914062500000000 0 0 1 0 8 46 44 52 42 40 48 43 51 
46 6563 0.95581054687500000000 0.01586914062500000000 0 0 1 0 8 57 55 63 45 43 51 44 52 
47 6564 0.94848632812500000000 0.01342773437500000000 0 0 1 0 8 48 42 50 37 36 38 41 49 
48 6565 0.95092773437500000000 0.01342773437500000000 0 0 1 0 8 51 45 53 47 41 49 42 50 
49 6566 0.94848632812500000000 0.01098632812500000000 0 0 1 0 8 50 48 2 38 37 1 47 3 
50 6567 0.95092773437500000000 0.01098632812500000000 0 0 1 0 8 53 51 3 49 47 2 48 1 
51 6568 0.95336914062500000000 0.01342773437500000000 0 0 1 0 8 52 46 54 48 42 50 45 53 
52 6569 0.95581054687500000000 0.01342773437500000000 0 0 1 0 8 63 57 65 51 45 53 46 54 
53 6570 0.95336914062500000000 0.01098632812500000000 0 0 1 0 8 54 52 3 50 48 2 51 4 
54 6571 0.95581054687500000000 0.01098632812500000000 0 0 1 0 8 65 63 4 53 51 3 52 2 
55 6572 0.95825195312500000000 0.01831054687500000000 0 0 1 0 8 56 32 58 44 31 46 33 57 
56 6573 0.96069335937500000000 0.01831054687500000000 0 0 1 0 8 59 33 61 55 32 57 31 58 
57 6574 0.95825195312500000000 0.01586914062500000000 0 0 1 0 8 58 56 64 46 44 52 55 63 
58 6575 0.96069335937500000000 0.01586914062500000000 0 0 1 0 8 61 59 67 57 55 63 56 64 
59 6576 0.96313476562500000000 0.01831054687500000000 0 0 1 0 8 60 33 62 56 32 58 34 61 
60 6577 0.96557617187500000000 0.01831054687500000000 0 0 1 0 8 71 34 73 59 33 61 32 62 
61 6578 0.96313476562500000000 0.01586914062500000000 0 0 1 0 8 62 60 68 58 56 64 59 67 
62 6579 0.96557617187500000000 0.01586914062500000000 0 0 1 0 8 73 71 79 61 59 67 60 68 
63 6580 0.95825195312500000000 0.01342773437500000000 0 0 1 0 8 64 58 66 52 46 54 57 65 
64 6581 0.96069335937500000000 0.01342773437500000000 0 0 1 0 8 67 61 69 63 57 65 58 66 
65 6582 0.95825195312500000000 0.01098632812500000000 0 0 1 0 7 66 64 4 54 52 3 63 
66 6583 0.96069335937500000000 0.01098632812500000000 0 0 1 0 8 69 67 87 65 63 4 64 3 
67 6584 0.96313476562500000000 0.01342773437500000000 0 0 1 0 8 68 62 70 64 58 66 61 69 
68 6585 0.96557617187500000000 0.01342773437500000000 0 0 1 0 8 79 73 81 67 61 69 62 70 
69 6586 0.96313476562500000000 0.01098632812500000000 0 0 1 0 8 70 68 88 66 64 4 67 87 
70 6587 0.96557617187500000000 0.01098632812500000000 0 0 1 0 9 81 79 90 69 67 87 68 88 92 
71 6588 0.96801757812500000000 0.01831054687500000000 0 0 1 0 8 72 34 74 60 33 62 35 73 
72 6589 0.97045898437500000000 0.01831054687500000000 0 0 1 0 8 75 35 77 71 34 73 33 74 
73 6590 0.96801757812500000000 0.01586914062500000000 0 0 1 0 8 74 72 80 62 60 68 71 79 
74 6591 0.97045898437500000000 0.01586914062500000000 0 0 1 0 8 77 75 83 73 71 79 72 80 
75 6592 0.97290039062500000000 0.01831054687500000000 0 0 1 0 8 76 35 78 72 34 74 122 77 
76 6593 0.97534179687500000000 0.01831054687500000000 0 0 1 0 8 125 122 127 75 35 77 34 78 
77 6594 0.97290039062500000000 0.01586914062500000000 0 0 1 0 8 78 76 84 74 72 80 75 83 
78 6595 0.97534179687500000000 0.01586914062500000000 0 0 1 0 8 127 125 133 77 75 83 76 84 
79 6596 0.96801757812500000000 0.01342773437500000000 0 0 1 0 8 80 74 82 68 62 70 73 81 
80 6597 0.97045898437500000000 0.01342773437500000000 0 0 1 0 8 83 77 85 79 73 81 74 82 
81 6598 0.96801757812500000000 0.01098632812500000000 0 0 1 0 10 82 80 94 70 68 88 79 90 91 96 
82 6599 0.97045898437500000000 0.01098632812500000000 0 0 1 0 11 85 83 106 81 79 91 80 94 93 95 108 
83 6600 0.97290039062500000000 0.01342773437500000000 0 0 1 0 8 84 78 86 80 74 82 77 85 
84 6601 0.97534179687500000000 0.01342773437500000000 0 0 1 0 8 133 127 135 83 77 85 78 86 
85 6602 0.97290039062500000000 0.01098632812500000000 0 0 1 0 11 86 84 110 82 80 95 83 106 97 107 112 
86 6603 0.97534179687500000000 0.01098632812500000000 0 0 1 0 11 135 133 153 85 83 107 84 110 109 111 155 
87 6604 0.96313476562500000000 0.00854492187500000000 0 0 1 0 7 88 70 89 4 69 66 5 
88 6605 0.96557617187500000000 0.00854492187500000000 0 0 1 0 10 90 81 92 98 87 69 5 70 89 100 
89 6606 0.96557617187500000000 0.00610351562500000000 0 0 1 0 7 98 92 100 5 87 88 6 
90 6607 0.96740722656250000000 0.00915527343750000000 0 0 1 0 8 91 81 93 88 70 89 82 92 
91 6608 0.96862792968750000000 0.00915527343750000000 0 0 1 0 8 94 82 96 90 81 92 70 93 
92 6609 0.96740722656250000000 0.00793457031250000000 0 0 1 0 8 93 91 99 88 70 89 90 98 
93 6610 0.96862792968750000000 0.00793457031250000000 0 0 1 0 8 96 94 102 92 90 98 91 99 
94 6611 0.96984863281250000000 0.00915527343750000000 0 0 1 0 8 95 82 97 91 81 93 85 96 
95 6612 0.97106933593750000000 0.00915527343750000000 0 0 1 0 8 106 85 108 94 82 96 81 97 
96 6613 0.96984863281250000000 0.00793457031250000000 0 0 1 0 8 97 95 103 93 91 99 94 102 
97 6614 0.97106933593750000000 0.00793457031250000000 0 0 1 0 8 108 106 114 96 94 102 95 103 
98 6615 0.96740722656250000000 0.00671386718750000000 0 0 1 0 8 99 93 101 89 88 6 92 100 
99 6616 0.96862792968750000000 0.00671386718750000000 0 0 1 0 8 102 96 104 98 92 100 93 101 
100 6617 0.96740722656250000000 0.00549316406250000000 0 0 1 0 7 101 99 89 88 6 98 7 
101 6618 0.96862792968750000000 0.00549316406250000000 0 0 1 0 7 104 102 7 100 98 99 6 
102 6619 0.96984863281250000000 0.00671386718750000000 0 0 1 0 8 103 97 105 99 93 101 96 104 
103 6620 0.97106933593750000000 0.00671386718750000000 0 0 1 0 8 114 108 116 102 96 104 97 105 
104 6621 0.96984863281250000000 0.00549316406250000000 0 0 1 0 7 105 103 7 101 99 102 8 
105 6622 0.97106933593750000000 0.00549316406250000000 0 0 1 0 7 116 114 8 104 102 7 103 
106 6623 0.97229003906250000000 0.00915527343750000000 0 0 1 0 8 107 85 109 95 82 97 86 108 
107 6624 0.97351074218750000000 0.00915527343750000000 0 0 1 0 8 110 86 112 106 85 108 82 109 
108 6625 0.97229003906250000000 0.00793457031250000000 0 0 1 0 8 109 107 115 97 95 103 106 114 
109 6626 0.97351074218750000000 0.00793457031250000000 0 0 1 0 8 112 110 118 108 106 114 107 115 
110 6627 0.97473144531250000000 0.00915527343750000000 0 0 1 0 8 111 86 113 107 85 109 135 112 
111 6628 0.97595214843750000000 0.00915527343750000000 0 0 1 0 8 153 135 155 110 86 112 85 113 
112 6629 0.97473144531250000000 0.00793457031250000000 0 0 1 0 8 113 111 119 109 107 115 110 118 
113 6630 0.97595214843750000000 0.00793457031250000000 0 0 1 0 8 155 153 161 112 110 118 111 119 
114 6631 0.97229003906250000000 0.00671386718750000000 0 0 1 0 8 115 109 117 103 97 105 108 116 
115 6632 0.97351074218750000000 0.00671386718750000000 0 0 1 0 8 118 112 120 114 108 116 109 117 
116 6633 0.97229003906250000000 0.00549316406250000000 0 0 1 0 8 117 115 8 105 103 7 114 9 
117 6634 0.97351074218750000000 0.00549316406250000000 0 0 1 0 8 120 118 9 116 114 8 115 7 
118 6635 0.97473144531250000000 0.00671386718750000000 0 0 1 0 8 119 113 121 115 109 117 112 120 
119 6636 0.97595214843750000000 0.00671386718750000000 0 0 1 0 8 161 155 163 118 112 120 113 121 
120 6637 0.97473144531250000000 0.00549316406250000000 0 0 1 0 8 121 119 9 117 115 8 118 10 
121 6638 0.97595214843750000000 0.00549316406250000000 0 0 1 0 8 163 161 10 120 118 9 119 8 
122 6639 0.97900390625000000000 0.02197265625000000000 0 0 1 0 11 123 466 129 35 458 76 465 125 78 126 131 
123 6640 0.98388671875000000000 0.02197265625000000000 0 0 1 0 11 124 467 141 122 465 126 466 129 128 130 143 
124 6641 0.98876953125000000000 0.02197265625000000000 0 0 1 0 11 469 468 470 123 466 130 467 141 132 142 145 
125 6642 0.97778320312500000000 0.01831054687500000000 0 0 1 0 8 126 122 128 76 35 78 123 127 
126 6643 0.98022460937500000000 0.01831054687500000000 0 0 1 0 8 129 123 131 125 122 127 35 128 
127 6644 0.97778320312500000000 0.01586914062500000000 0 0 1 0 8 128 126 134 78 76 84 125 133 
128 6645 0.98022460937500000000 0.01586914062500000000 0 0 1 0 8 131 129 137 127 125 133 126 134 
129 6646 0.98266601562500000000 0.01831054687500000000 0 0 1 0 8 130 123 132 126 122 128 124 131 
130 6647 0.98510742187500000000 0.01831054687500000000 0 0 1 0 8 141 124 143 129 123 131 122 132 
131 6648 0.98266601562500000000 0.01586914062500000000 0 0 1 0 8 132 130 138 128 126 134 129 137 
132 6649 0.98510742187500000000 0.01586914062500000000 0 0 1 0 8 143 141 146 131 129 137 130 138 
133 6650 0.97778320312500000000 0.01342773437500000000 0 0 1 0 8 134 128 136 84 78 86 127 135 
134 6651 0.98022460937500000000 0.01342773437500000000 0 0 1 0 8 137 131 139 133 127 135 128 136 
135 6652 0.97778320312500000000 0.01098632812500000000 0 0 1 0 11 136 134 157 86 84 111 133 153 113 154 159 
136 6653 0.98022460937500000000 0.01098632812500000000 0 0 1 0 11 139 137 169 135 133 154 134 157 156 158 171 
137 6654 0.98266601562500000000 0.01342773437500000000 0 0 1 0 8 138 132 140 134 128 136 131 139 
138 6655 0.98510742187500000000 0.01342773437500000000 0 0 1 0 8 146 143 148 137 131 139 132 140 
139 6656 0.98266601562500000000 0.01098632812500000000 0 0 1 0 11 140 138 173 136 134 158 137 169 160 170 175 
140 6657 0.98510742187500000000 0.01098632812500000000 0 0 1 0 11 148 146 218 139 137 170 138 173 172 174 220 
141 6658 0.98754882812500000000 0.01831054687500000000 0 0 1 0 8 142 124 144 130 123 132 469 143 
142 6659 0.98999023437500000000 0.01831054687500000000 0 0 1 0 8 470 469 145 141 124 143 123 144 
143 6660 0.98754882812500000000 0.01586914062500000000 0 0 1 0 8 144 142 147 132 130 138 141 146 
144 6661 0.98999023437500000000 0.01586914062500000000 0 0 1 0 8 145 470 150 143 141 146 142 147 
145 6662 0.99243164062500000000 0.01586914062500000000 0 0 1 0 8 472 471 473 144 142 147 470 150 
146 6663 0.98754882812500000000 0.01342773437500000000 0 0 1 0 8 147 144 149 138 132 140 143 148 
147 6664 0.98999023437500000000 0.01342773437500000000 0 0 1 0 8 150 145 151 146 143 148 144 149 
148 6665 0.98754882812500000000 0.01098632812500000000 0 0 1 0 11 149 147 222 140 138 174 146 218 176 219 224 
149 6666 0.98999023437500000000 0.01098632812500000000 0 0 1 0 11 151 150 234 148 146 219 147 222 221 223 236 
150 6667 0.99243164062500000000 0.01342773437500000000 0 0 1 0 8 473 472 152 147 144 149 145 151 
151 6668 0.99243164062500000000 0.01098632812500000000 0 0 1 0 11 152 473 238 149 147 223 150 234 225 235 240 
152 6669 0.99487304687500000000 0.01098632812500000000 0 0 1 0 11 475 474 476 151 150 235 473 238 237 239 356 
153 6670 0.97717285156250000000 0.00915527343750000000 0 0 1 0 8 154 135 156 111 86 113 136 155 
154 6671 0.97839355468750000000 0.00915527343750000000 0 0 1 0 8 157 136 159 153 135 155 86 156 
155 6672 0.97717285156250000000 0.00793457031250000000 0 0 1 0 8 156 154 162 113 111 119 153 161 
156 6673 0.97839355468750000000 0.00793457031250000000 0 0 1 0 8 159 157 165 155 153 161 154 162 
157 6674 0.97961425781250000000 0.00915527343750000000 0 0 1 0 8 158 136 160 154 135 156 139 159 
158 6675 0.98083496093750000000 0.00915527343750000000 0 0 1 0 8 169 139 171 157 136 159 135 160 
159 6676 0.97961425781250000000 0.00793457031250000000 0 0 1 0 8 160 158 166 156 154 162 157 165 
160 6677 0.98083496093750000000 0.00793457031250000000 0 0 1 0 8 171 169 177 159 157 165 158 166 
161 6678 0.97717285156250000000 0.00671386718750000000 0 0 1 0 8 162 156 164 119 113 121 155 163 
162 6679 0.97839355468750000000 0.00671386718750000000 0 0 1 0 8 165 159 167 161 155 163 156 164 
163 6680 0.97717285156250000000 0.00549316406250000000 0 0 1 0 7 164 162 10 121 119 9 161 
164 6681 0.97839355468750000000 0.00549316406250000000 0 0 1 0 8 167 165 185 163 161 10 162 9 
165 6682 0.97961425781250000000 0.00671386718750000000 0 0 1 0 8 166 160 168 162 156 164 159 167 
166 6683 0.98083496093750000000 0.00671386718750000000 0 0 1 0 8 177 171 179 165 159 167 160 168 
167 6684 0.97961425781250000000 0.00549316406250000000 0 0 1 0 8 168 166 186 164 162 10 165 185 
168 6685 0.98083496093750000000 0.00549316406250000000 0 0 1 0 9 179 177 187 167 165 185 166 186 189 
169 6686 0.98205566406250000000 0.00915527343750000000 0 0 1 0 8 170 139 172 158 136 160 140 171 
170 6687 0.98327636718750000000 0.00915527343750000000 0 0 1 0 8 173 140 175 169 139 171 136 172 
171 6688 0.98205566406250000000 0.00793457031250000000 0 0 1 0 8 172 170 178 160 158 166 169 177 
172 6689 0.98327636718750000000 0.00793457031250000000 0 0 1 0 8 175 173 181 171 169 177 170 178 
173 6690 0.98449707031250000000 0.00915527343750000000 0 0 1 0 8 174 140 176 170 139 172 148 175 
174 6691 0.98571777343750000000 0.00915527343750000000 0 0 1 0 8 218 148 220 173 140 175 139 176 
175 6692 0.98449707031250000000 0.00793457031250000000 0 0 1 0 8 176 174 182 172 170 178 173 181 
176 6693 0.98571777343750000000 0.00793457031250000000 0 0 1 0 8 220 218 226 175 173 181 174 182 
177 6694 0.98205566406250000000 0.00671386718750000000 0 0 1 0 8 178 172 180 166 160 168 171 179 
178 6695 0.98327636718750000000 0.00671386718750000000 0 0 1 0 8 181 175 183 177 171 179 172 180 
179 6696 0.98205566406250000000 0.00549316406250000000 0 0 1 0 10 180 178 191 168 166 186 177 187 188 193 
180 6697 0.98327636718750000000 0.00549316406250000000 0 0 1 0 11 183 181 202 179 177 188 178 191 190 192 204 
181 6698 0.98449707031250000000 0.00671386718750000000 0 0 1 0 8 182 176 184 178 172 180 175 183 
182 6699 0.98571777343750000000 0.00671386718750000000 0 0 1 0 8 226 220 228 181 175 183 176 184 
183 6700 0.98449707031250000000 0.00549316406250000000 0 0 1 0 11 184 182 206 180 178 192 181 202 194 203 208 
184 6701 0.98571777343750000000 0.00549316406250000000 0 0 1 0 11 228 226 250 183 181 203 182 206 205 207 252 
185 6702 0.97961425781250000000 0.00427246093750000000 0 0 1 0 7 186 168 12 10 167 164 11 
186 6703 0.98083496093750000000 0.00427246093750000000 0 0 1 0 10 187 179 189 195 185 167 11 168 12 13 
187 6704 0.98175048828125000000 0.00457763671875000000 0 0 1 0 8 188 179 190 186 168 12 180 189 
188 6705 0.98236083984375000000 0.00457763671875000000 0 0 1 0 8 191 180 193 187 179 189 168 190 
189 6706 0.98175048828125000000 0.00396728515625000000 0 0 1 0 8 190 188 196 186 168 12 187 195 
190 6707 0.98236083984375000000 0.00396728515625000000 0 0 1 0 8 193 191 198 189 187 195 188 196 
191 6708 0.98297119140625000000 0.00457763671875000000 0 0 1 0 8 192 180 194 188 179 190 183 193 
192 6709 0.98358154296875000000 0.00457763671875000000 0 0 1 0 8 202 183 204 191 180 193 179 194 
193 6710 0.98297119140625000000 0.00396728515625000000 0 0 1 0 8 194 192 199 190 188 196 191 198 
194 6711 0.98358154296875000000 0.00396728515625000000 0 0 1 0 8 204 202 210 193 191 198 192 199 
195 6712 0.98175048828125000000 0.00335693359375000000 0 0 1 0 7 196 190 197 12 186 189 13 
196 6713 0.98236083984375000000 0.00335693359375000000 0 0 1 0 8 198 193 200 195 189 13 190 197 
197 6714 0.98236083984375000000 0.00274658203125000000 0 0 1 0 6 200 198 13 195 14 196 
198 6715 0.98297119140625000000 0.00335693359375000000 0 0 1 0 8 199 194 201 196 190 197 193 200 
199 6716 0.98358154296875000000 0.00335693359375000000 0 0 1 0 8 210 204 212 198 193 200 194 201 
200 6717 0.98297119140625000000 0.00274658203125000000 0 0 1 0 7 201 199 197 196 14 198 15 
201 6718 0.98358154296875000000 0.00274658203125000000 0 0 1 0 7 212 210 15 200 198 199 14 
202 6719 0.98419189453125000000 0.00457763671875000000 0 0 1 0 8 203 183 205 192 180 194 184 204 
203 6720 0.98480224609375000000 0.00457763671875000000 0 0 1 0 8 206 184 208 202 183 204 180 205 
204 6721 0.98419189453125000000 0.00396728515625000000 0 0 1 0 8 205 203 211 194 192 199 202 210 
205 6722 0.98480224609375000000 0.00396728515625000000 0 0 1 0 8 208 206 214 204 202 210 203 211 
206 6723 0.98541259765625000000 0.00457763671875000000 0 0 1 0 8 207 184 209 203 183 205 228 208 
207 6724 0.98602294921875000000 0.00457763671875000000 0 0 1 0 8 250 228 252 206 184 208 183 209 
208 6725 0.98541259765625000000 0.00396728515625000000 0 0 1 0 8 209 207 215 205 203 211 206 214 
209 6726 0.98602294921875000000 0.00396728515625000000 0 0 1 0 8 252 250 258 208 206 214 207 215 
210 6727 0.98419189453125000000 0.00335693359375000000 0 0 1 0 8 211 205 213 199 194 201 204 212 
211 6728 0.98480224609375000000 0.00335693359375000000 0 0 1 0 8 214 208 216 210 204 212 205 213 
212 6729 0.98419189453125000000 0.00274658203125000000 0 0 1 0 7 213 211 15 201 199 210 16 
213 6730 0.98480224609375000000 0.00274658203125000000 0 0 1 0 7 216 214 16 212 210 15 211 
214 6731 0.98541259765625000000 0.00335693359375000000 0 0 1 0 8 215 209 217 211 205 213 208 216 
215 6732 0.98602294921875000000 0.00335693359375000000 0 0 1 0 8 258 252 260 214 208 216 209 217 
216 6733 0.98541259765625000000 0.00274658203125000000 0 0 1 0 7 217 215 16 213 211 15 214 
217 6734 0.98602294921875000000 0.00274658203125000000 0 0 1 0 7 260 258 216 214 16 215 15 
218 6735 0.98693847656250000000 0.00915527343750000000 0 0 1 0 8 219 148 221 174 140 176 149 220 
219 6736 0.98815917968750000000 0.00915527343750000000 0 0 1 0 8 222 149 224 218 148 220 140 221 
220 6737 0.98693847656250000000 0.00793457031250000000 0 0 1 0 8 221 219 227 176 174 182 218 226 
221 6738 0.98815917968750000000 0.00793457031250000000 0 0 1 0 8 224 222 230 220 218 226 219 227 
222 6739 0.98937988281250000000 0.00915527343750000000 0 0 1 0 8 223 149 225 219 148 221 151 224 
223 6740 0.99060058593750000000 0.00915527343750000000 0 0 1 0 8 234 151 236 222 149 224 148 225 
224 6741 0.98937988281250000000 0.00793457031250000000 0 0 1 0 8 225 223 231 221 219 227 222 230 
225 6742 0.99060058593750000000 0.00793457031250000000 0 0 1 0 8 236 234 242 224 222 230 223 231 
226 6743 0.98693847656250000000 0.00671386718750000000 0 0 1 0 8 227 221 229 182 176 184 220 228 
227 6744 0.98815917968750000000 0.00671386718750000000 0 0 1 0 8 230 224 232 226 220 228 221 229 
228 6745 0.98693847656250000000 0.00549316406250000000 0 0 1 0 11 229 227 254 184 182 207 226 250 209 251 256 
229 6746 0.98815917968750000000 0.00549316406250000000 0 0 1 0 11 232 230 266 228 226 251 227 254 253 255 268 
230 6747 0.98937988281250000000 0.00671386718750000000 0 0 1 0 8 231 225 233 227 221 229 224 232 
231 6748 0.99060058593750000000 0.00671386718750000000 0 0 1 0 8 242 236 244 230 224 232 225 233 
232 6749 0.98937988281250000000 0.00549316406250000000 0 0 1 0 11 233 231 270 229 227 255 230 266 257 267 272 
233 6750 0.99060058593750000000 0.00549316406250000000 0 0 1 0 11 244 242 283 232 230 267 231 270 269 271 285 
234 6751 0.99182128906250000000 0.00915527343750000000 0 0 1 0 8 235 151 237 223 149 225 152 236 
235 6752 0.99304199218750000000 0.00915527343750000000 0 0 1 0 8 238 152 240 234 151 236 149 237 
236 6753 0.99182128906250000000 0.00793457031250000000 0 0 1 0 8 237 235 243 225 223 231 234 242 
237 6754 0.99304199218750000000 0.00793457031250000000 0 0 1 0 8 240 238 246 236 234 242 235 243 
238 6755 0.99426269531250000000 0.00915527343750000000 0 0 1 0 8 239 152 241 235 151 237 475 240 
239 6756 0.99548339843750000000 0.00915527343750000000 0 0 1 0 8 476 475 356 238 152 240 151 241 
240 6757 0.99426269531250000000 0.00793457031250000000 0 0 1 0 8 241 239 247 237 235 243 238 246 
241 6758 0.99548339843750000000 0.00793457031250000000 0 0 1 0 8 356 476 357 240 238 246 239 247 
242 6759 0.99182128906250000000 0.00671386718750000000 0 0 1 0 8 243 237 245 231 225 233 236 244 
243 6760 0.99304199218750000000 0.00671386718750000000 0 0 1 0 8 246 240 248 242 236 244 237 245 
244 6761 0.99182128906250000000 0.00549316406250000000 0 0 1 0 11 245 243 287 233 231 271 242 283 273 284 289 
245 6762 0.99304199218750000000 0.00549316406250000000 0 0 1 0 11 248 246 299 244 242 284 243 287 286 288 301 
246 6763 0.99426269531250000000 0.00671386718750000000 0 0 1 0 8 247 241 249 243 237 245 240 248 
247 6764 0.99548339843750000000 0.00671386718750000000 0 0 1 0 8 357 356 480 246 240 248 241 249 
248 6765 0.99426269531250000000 0.00549316406250000000 0 0 1 0 11 249 247 303 245 243 288 246 299 290 300 305 
249 6766 0.99548339843750000000 0.00549316406250000000 0 0 1 0 11 480 357 482 248 246 300 247 303 302 304 358 
250 6767 0.98663330078125000000 0.00457763671875000000 0 0 1 0 8 251 228 253 207 184 209 229 252 
251 6768 0.98724365234375000000 0.00457763671875000000 0 0 1 0 8 254 229 256 250 228 252 184 253 
252 6769 0.98663330078125000000 0.00396728515625000000 0 0 1 0 8 253 251 259 209 207 215 250 258 
253 6770 0.98724365234375000000 0.00396728515625000000 0 0 1 0 8 256 254 262 252 250 258 251 259 
254 6771 0.98785400390625000000 0.00457763671875000000 0 0 1 0 8 255 229 257 251 228 253 232 256 
255 6772 0.98846435546875000000 0.00457763671875000000 0 0 1 0 8 266 232 268 254 229 256 228 257 
256 6773 0.98785400390625000000 0.00396728515625000000 0 0 1 0 8 257 255 263 253 251 259 254 262 
257 6774 0.98846435546875000000 0.00396728515625000000 0 0 1 0 8 268 266 274 256 254 262 255 263 
258 6775 0.98663330078125000000 0.00335693359375000000 0 0 1 0 8 259 253 261 215 209 217 252 260 
259 6776 0.98724365234375000000 0.00335693359375000000 0 0 1 0 8 262 256 264 258 252 260 253 261 
260 6777 0.98663330078125000000 0.00274658203125000000 0 0 1 0 7 261 259 217 215 16 258 17 
261 6778 0.98724365234375000000 0.00274658203125000000 0 0 1 0 7 264 262 17 260 258 259 16 
262 6779 0.98785400390625000000 0.00335693359375000000 0 0 1 0 8 263 257 265 259 253 261 256 264 
263 6780 0.98846435546875000000 0.00335693359375000000 0 0 1 0 8 274 268 276 262 256 264 257 265 
264 6781 0.98785400390625000000 0.00274658203125000000 0 0 1 0 7 265 263 17 261 259 262 282 
265 6782 0.98846435546875000000 0.00274658203125000000 0 0 1 0 7 276 274 282 264 262 17 263 
266 6783 0.98907470703125000000 0.00457763671875000000 0 0 1 0 8 267 232 269 255 229 257 233 268 
267 6784 0.98968505859375000000 0.00457763671875000000 0 0 1 0 8 270 233 272 266 232 268 229 269 
268 6785 0.98907470703125000000 0.00396728515625000000 0 0 1 0 8 269 267 275 257 255 263 266 274 
269 6786 0.98968505859375000000 0.00396728515625000000 0 0 1 0 8 272 270 278 268 266 274 267 275 
270 6787 0.99029541015625000000 0.00457763671875000000 0 0 1 0 8 271 233 273 267 232 269 244 272 
271 6788 0.99090576171875000000 0.00457763671875000000 0 0 1 0 8 283 244 285 270 233 272 232 273 
272 6789 0.99029541015625000000 0.00396728515625000000 0 0 1 0 8 273 271 279 269 267 275 270 278 
273 6790 0.99090576171875000000 0.00396728515625000000 0 0 1 0 8 285 283 291 272 270 278 271 279 
274 6791 0.98907470703125000000 0.00335693359375000000 0 0 1 0 8 275 269 277 263 257 265 268 276 
275 6792 0.98968505859375000000 0.00335693359375000000 0 0 1 0 8 278 272 280 274 268 276 269 277 
276 6793 0.98907470703125000000 0.00274658203125000000 0 0 1 0 8 277 275 282 265 263 17 274 18 
277 6794 0.98968505859375000000 0.00274658203125000000 0 0 1 0 8 280 278 18 276 274 282 275 17 
278 6795 0.99029541015625000000 0.00335693359375000000 0 0 1 0 8 279 273 281 275 269 277 272 280 
279 6796 0.99090576171875000000 0.00335693359375000000 0 0 1 0 8 291 285 293 278 272 280 273 281 
280 6797 0.99029541015625000000 0.00274658203125000000 0 0 1 0 7 281 279 18 277 275 282 278 
281 6798 0.99090576171875000000 0.00274658203125000000 0 0 1 0 8 293 291 315 280 278 18 279 282 
282 6799 0.98937988281250000000 0.00183105468750000000 0 0 1 0 6 18 280 17 265 277 276 
283 6800 0.99151611328125000000 0.00457763671875000000 0 0 1 0 8 284 244 286 271 233 273 245 285 
284 6801 0.99212646484375000000 0.00457763671875000000 0 0 1 0 8 287 245 289 283 244 285 233 286 
285 6802 0.99151611328125000000 0.00396728515625000000 0 0 1 0 8 286 284 292 273 271 279 283 291 
286 6803 0.99212646484375000000 0.00396728515625000000 0 0 1 0 8 289 287 295 285 283 291 284 292 
287 6804 0.99273681640625000000 0.00457763671875000000 0 0 1 0 8 288 245 290 284 244 286 248 289 
288 6805 0.99334716796875000000 0.00457763671875000000 0 0 1 0 8 299 248 301 287 245 289 244 290 
289 6806 0.99273681640625000000 0.00396728515625000000 0 0 1 0 8 290 288 296 286 284 292 287 295 
290 6807 0.99334716796875000000 0.00396728515625000000 0 0 1 0 8 301 299 307 289 287 295 288 296 
291 6808 0.99151611328125000000 0.00335693359375000000 0 0 1 0 8 292 286 294 279 273 281 285 293 
292 6809 0.99212646484375000000 0.00335693359375000000 0 0 1 0 8 295 289 297 291 285 293 286 294 
293 6810 0.99151611328125000000 0.00274658203125000000 0 0 1 0 8 294 292 316 281 279 18 291 315 
294 6811 0.99212646484375000000 0.00274658203125000000 0 0 1 0 8 297 295 319 293 291 315 292 316 
295 6812 0.99273681640625000000 0.00335693359375000000 0 0 1 0 8 296 290 298 292 286 294 289 297 
296 6813 0.99334716796875000000 0.00335693359375000000 0 0 1 0 8 307 301 309 295 289 297 290 298 
297 6814 0.99273681640625000000 0.00274658203125000000 0 0 1 0 8 298 296 320 294 292 316 295 319 
298 6815 0.99334716796875000000 0.00274658203125000000 0 0 1 0 9 309 307 323 297 295 319 296 320 325 
299 6816 0.99395751953125000000 0.00457763671875000000 0 0 1 0 8 300 248 302 288 245 290 249 301 
300 6817 0.99456787109375000000 0.00457763671875000000 0 0 1 0 8 303 249 305 299 248 301 245 302 
301 6818 0.99395751953125000000 0.00396728515625000000 0 0 1 0 8 302 300 308 290 288 296 299 307 
302 6819 0.99456787109375000000 0.00396728515625000000 0 0 1 0 8 305 303 311 301 299 307 300 308 
303 6820 0.99517822265625000000 0.00457763671875000000 0 0 1 0 8 304 249 306 300 248 302 480 305 
304 6821 0.99578857421875000000 0.00457763671875000000 0 0 1 0 8 482 480 358 303 249 305 248 306 
305 6822 0.99517822265625000000 0.00396728515625000000 0 0 1 0 8 306 304 312 302 300 308 303 311 
306 6823 0.99578857421875000000 0.00396728515625000000 0 0 1 0 8 358 482 359 305 303 311 304 312 
307 6824 0.99395751953125000000 0.00335693359375000000 0 0 1 0 8 308 302 310 296 290 298 301 309 
308 6825 0.99456787109375000000 0.00335693359375000000 0 0 1 0 8 311 305 313 307 301 309 302 310 
309 6826 0.99395751953125000000 0.00274658203125000000 0 0 1 0 10 310 308 327 298 296 320 307 323 324 329 
310 6827 0.99456787109375000000 0.00274658203125000000 0 0 1 0 11 313 311 339 309 307 324 308 327 326 328 341 
311 6828 0.99517822265625000000 0.00335693359375000000 0 0 1 0 8 312 306 314 308 302 310 305 313 
312 6829 0.99578857421875000000 0.00335693359375000000 0 0 1 0 8 359 358 361 311 305 313 306 314 
313 6830 0.99517822265625000000 0.00274658203125000000 0 0 1 0 11 314 312 343 310 308 328 311 339 330 340 345 
314 6831 0.99578857421875000000 0.00274658203125000000 0 0 1 0 11 361 359 364 313 311 340 312 343 342 344 366 
315 6832 0.99151611328125000000 0.00213623046875000000 0 0 1 0 7 316 294 318 18 293 281 317 
316 6833 0.99212646484375000000 0.00213623046875000000 0 0 1 0 8 319 297 321 315 293 317 294 318 
317 6834 0.99151611328125000000 0.00152587890625000000 0 0 1 0 5 318 316 19 18 315 
318 6835 0.99212646484375000000 0.00152587890625000000 0 0 1 0 6 321 319 317 315 19 316 
319 6836 0.99273681640625000000 0.00213623046875000000 0 0 1 0 8 320 298 322 316 294 318 297 321 
320 6837 0.99334716796875000000 0.00213623046875000000 0 0 1 0 10 323 309 325 331 319 297 321 298 322 333 
321 6838 0.99273681640625000000 0.00152587890625000000 0 0 1 0 6 322 320 318 316 19 319 
322 6839 0.99334716796875000000 0.00152587890625000000 0 0 1 0 7 331 325 333 20 321 319 320 
323 6840 0.99380493164062500000 0.00228881835937500000 0 0 1 0 8 324 309 326 320 298 322 310 325 
324 6841 0.99411010742187500000 0.00228881835937500000 0 0 1 0 8 327 310 329 323 309 325 298 326 
325 6842 0.99380493164062500000 0.00198364257812500000 0 0 1 0 8 326 324 332 320 298 322 323 331 
326 6843 0.99411010742187500000 0.00198364257812500000 0 0 1 0 8 329 327 335 325 323 331 324 332 
327 6844 0.99441528320312500000 0.00228881835937500000 0 0 1 0 8 328 310 330 324 309 326 313 329 
328 6845 0.99472045898437500000 0.00228881835937500000 0 0 1 0 8 339 313 341 327 310 329 309 330 
329 6846 0.99441528320312500000 0.00198364257812500000 0 0 1 0 8 330 328 336 326 324 332 327 335 
330 6847 0.99472045898437500000 0.00198364257812500000 0 0 1 0 8 341 339 347 329 327 335 328 336 
331 6848 0.99380493164062500000 0.00167846679687500000 0 0 1 0 7 332 326 334 322 320 325 333 
332 6849 0.99411010742187500000 0.00167846679687500000 0 0 1 0 8 335 329 337 331 325 333 326 334 
333 6850 0.99380493164062500000 0.00137329101562500000 0 0 1 0 7 334 332 20 322 320 331 21 
334 6851 0.99411010742187500000 0.00137329101562500000 0 0 1 0 7 337 335 21 333 331 20 332 
335 6852 0.99441528320312500000 0.00167846679687500000 0 0 1 0 8 336 330 338 332 326 334 329 337 
336 6853 0.99472045898437500000 0.00167846679687500000 0 0 1 0 8 347 341 349 335 329 337 330 338 
337 6854 0.99441528320312500000 0.00137329101562500000 0 0 1 0 8 338 336 21 334 332 20 335 22 
338 6855 0.99472045898437500000 0.00137329101562500000 0 0 1 0 8 349 347 22 337 335 21 336 20 
339 6856 0.99502563476562500000 0.00228881835937500000 0 0 1 0 8 340 313 342 328 310 330 314 341 
340 6857 0.99533081054687500000 0.00228881835937500000 0 0 1 0 8 343 314 345 339 313 341 310 342 
341 6858 0.99502563476562500000 0.00198364257812500000 0 0 1 0 8 342 340 348 330 328 336 339 347 
342 6859 0.99533081054687500000 0.00198364257812500000 0 0 1 0 8 345 343 351 341 339 347 340 348 
343 6860 0.99563598632812500000 0.00228881835937500000 0 0 1 0 8 344 314 346 340 313 342 361 345 
344 6861 0.99594116210937500000 0.00228881835937500000 0 0 1 0 8 364 361 366 343 314 345 313 346 
345 6862 0.99563598632812500000 0.00198364257812500000 0 0 1 0 8 346 344 352 342 340 348 343 351 
346 6863 0.99594116210937500000 0.00198364257812500000 0 0 1 0 8 366 364 372 345 343 351 344 352 
347 6864 0.99502563476562500000 0.00167846679687500000 0 0 1 0 8 348 342 350 336 330 338 341 349 
348 6865 0.99533081054687500000 0.00167846679687500000 0 0 1 0 8 351 345 353 347 341 349 342 350 
349 6866 0.99502563476562500000 0.00137329101562500000 0 0 1 0 8 350 348 22 338 336 21 347 355 
350 6867 0.99533081054687500000 0.00137329101562500000 0 0 1 0 8 353 351 355 349 347 22 348 21 
351 6868 0.99563598632812500000 0.00167846679687500000 0 0 1 0 8 352 346 354 348 342 350 345 353 
352 6869 0.99594116210937500000 0.00167846679687500000 0 0 1 0 8 372 366 374 351 345 353 346 354 
353 6870 0.99563598632812500000 0.00137329101562500000 0 0 1 0 7 354 352 355 350 348 22 351 
354 6871 0.99594116210937500000 0.00137329101562500000 0 0 1 0 8 374 372 391 353 351 355 352 22 
355 6872 0.99578857421875000000 0.00091552734375000000 0 0 1 0 8 391 374 393 23 22 350 354 353 
356 6873 0.99670410156250000000 0.00793457031250000000 0 0 1 0 8 478 477 479 241 239 247 476 357 
357 6874 0.99670410156250000000 0.00671386718750000000 0 0 1 0 8 479 478 481 247 241 249 356 480 
358 6875 0.99639892578125000000 0.00396728515625000000 0 0 1 0 8 484 483 360 306 304 312 482 359 
359 6876 0.99639892578125000000 0.00335693359375000000 0 0 1 0 8 360 484 362 312 306 314 358 361 
360 6877 0.99700927734375000000 0.00335693359375000000 0 0 1 0 8 486 485 363 359 358 361 484 362 
361 6878 0.99639892578125000000 0.00274658203125000000 0 0 1 0 11 362 360 368 314 312 344 359 364 346 365 370 
362 6879 0.99700927734375000000 0.00274658203125000000 0 0 1 0 11 363 486 380 361 359 365 360 368 367 369 382 
363 6880 0.99761962890625000000 0.00274658203125000000 0 0 1 0 11 488 487 489 362 360 369 486 380 371 381 490 
364 6881 0.99624633789062500000 0.00228881835937500000 0 0 1 0 8 365 361 367 344 314 346 362 366 
365 6882 0.99655151367187500000 0.00228881835937500000 0 0 1 0 8 368 362 370 364 361 366 314 367 
366 6883 0.99624633789062500000 0.00198364257812500000 0 0 1 0 8 367 365 373 346 344 352 364 372 
367 6884 0.99655151367187500000 0.00198364257812500000 0 0 1 0 8 370 368 376 366 364 372 365 373 
368 6885 0.99685668945312500000 0.00228881835937500000 0 0 1 0 8 369 362 371 365 361 367 363 370 
369 6886 0.99716186523437500000 0.00228881835937500000 0 0 1 0 8 380 363 382 368 362 370 361 371 
370 6887 0.99685668945312500000 0.00198364257812500000 0 0 1 0 8 371 369 377 367 365 373 368 376 
371 6888 0.99716186523437500000 0.00198364257812500000 0 0 1 0 8 382 380 384 370 368 376 369 377 
372 6889 0.99624633789062500000 0.00167846679687500000 0 0 1 0 8 373 367 375 352 346 354 366 374 
373 6890 0.99655151367187500000 0.00167846679687500000 0 0 1 0 8 376 370 378 372 366 374 367 375 
374 6891 0.99624633789062500000 0.00137329101562500000 0 0 1 0 8 375 373 392 354 352 355 372 391 
375 6892 0.99655151367187500000 0.00137329101562500000 0 0 1 0 8 378 376 395 374 372 391 373 392 
376 6893 0.99685668945312500000 0.00167846679687500000 0 0 1 0 8 377 371 379 373 367 375 370 378 
377 6894 0.99716186523437500000 0.00167846679687500000 0 0 1 0 8 384 382 386 376 370 378 371 379 
378 6895 0.99685668945312500000 0.00137329101562500000 0 0 1 0 8 379 377 396 375 373 392 376 395 
379 6896 0.99716186523437500000 0.00137329101562500000 0 0 1 0 9 386 384 399 378 376 395 377 396 401 
380 6897 0.99746704101562500000 0.00228881835937500000 0 0 1 0 8 381 363 383 369 362 371 488 382 
381 6898 0.99777221679687500000 0.00228881835937500000 0 0 1 0 8 489 488 490 380 363 382 362 383 
382 6899 0.99746704101562500000 0.00198364257812500000 0 0 1 0 8 383 381 385 371 369 377 380 384 
383 6900 0.99777221679687500000 0.00198364257812500000 0 0 1 0 8 490 489 388 382 380 384 381 385 
384 6901 0.99746704101562500000 0.00167846679687500000 0 0 1 0 8 385 383 387 377 371 379 382 386 
385 6902 0.99777221679687500000 0.00167846679687500000 0 0 1 0 8 388 490 389 384 382 386 383 387 
386 6903 0.99746704101562500000 0.00137329101562500000 0 0 1 0 10 387 385 403 379 377 396 384 399 400 405 
387 6904 0.99777221679687500000 0.00137329101562500000 0 0 1 0 11 389 388 415 386 384 400 385 403 402 404 417 
388 6905 0.99807739257812500000 0.00167846679687500000 0 0 1 0 8 492 491 390 385 383 387 490 389 
389 6906 0.99807739257812500000 0.00137329101562500000 0 0 1 0 11 390 492 419 387 385 404 388 415 406 416 421 
390 6907 0.99838256835937500000 0.00137329101562500000 0 0 1 0 11 494 493 434 389 388 416 492 419 418 420 435 
391 6908 0.99624633789062500000 0.00106811523437500000 0 0 1 0 7 392 375 394 355 374 354 393 
392 6909 0.99655151367187500000 0.00106811523437500000 0 0 1 0 8 395 378 397 391 374 393 375 394 
393 6910 0.99624633789062500000 0.00076293945312500000 0 0 1 0 5 394 392 23 355 391 
394 6911 0.99655151367187500000 0.00076293945312500000 0 0 1 0 7 397 395 24 393 391 23 392 
395 6912 0.99685668945312500000 0.00106811523437500000 0 0 1 0 8 396 379 398 392 375 394 378 397 
396 6913 0.99716186523437500000 0.00106811523437500000 0 0 1 0 10 399 386 401 407 395 378 397 379 398 409 
397 6914 0.99685668945312500000 0.00076293945312500000 0 0 1 0 8 398 396 25 394 392 23 395 24 
398 6915 0.99716186523437500000 0.00076293945312500000 0 0 1 0 9 407 401 409 26 397 395 24 396 25 
399 6916 0.99739074707031250000 0.00114440917968750000 0 0 1 0 8 400 386 402 396 379 398 387 401 
400 6917 0.99754333496093750000 0.00114440917968750000 0 0 1 0 8 403 387 405 399 386 401 379 402 
401 6918 0.99739074707031250000 0.00099182128906250000 0 0 1 0 8 402 400 408 396 379 398 399 407 
402 6919 0.99754333496093750000 0.00099182128906250000 0 0 1 0 8 405 403 411 401 399 407 400 408 
403 6920 0.99769592285156250000 0.00114440917968750000 0 0 1 0 8 404 387 406 400 386 402 389 405 
404 6921 0.99784851074218750000 0.00114440917968750000 0 0 1 0 8 415 389 417 403 387 405 386 406 
405 6922 0.99769592285156250000 0.00099182128906250000 0 0 1 0 8 406 404 412 402 400 408 403 411 
406 6923 0.99784851074218750000 0.00099182128906250000 0 0 1 0 8 417 415 423 405 403 411 404 412 
407 6924 0.99739074707031250000 0.00083923339843750000 0 0 1 0 8 408 402 410 398 396 25 401 409 
408 6925 0.99754333496093750000 0.00083923339843750000 0 0 1 0 8 411 405 413 407 401 409 402 410 
409 6926 0.99739074707031250000 0.00068664550781250000 0 0 1 0 8 410 408 26 398 396 25 407 431 
410 6927 0.99754333496093750000 0.00068664550781250000 0 0 1 0 8 413 411 431 409 407 26 408 25 
411 6928 0.99769592285156250000 0.00083923339843750000 0 0 1 0 8 412 406 414 408 402 410 405 413 
412 6929 0.99784851074218750000 0.00083923339843750000 0 0 1 0 8 423 417 425 411 405 413 406 414 
413 6930 0.99769592285156250000 0.00068664550781250000 0 0 1 0 8 414 412 431 410 408 26 411 432 
414 6931 0.99784851074218750000 0.00068664550781250000 0 0 1 0 8 425 423 432 413 411 431 412 26 
415 6932 0.99800109863281250000 0.00114440917968750000 0 0 1 0 8 416 389 418 404 387 406 390 417 
416 6933 0.99815368652343750000 0.00114440917968750000 0 0 1 0 8 419 390 421 415 389 417 387 418 
417 6934 0.99800109863281250000 0.00099182128906250000 0 0 1 0 8 418 416 424 406 404 412 415 423 
418 6935 0.99815368652343750000 0.00099182128906250000 0 0 1 0 8 421 419 427 417 415 423 416 424 
419 6936 0.99830627441406250000 0.00114440917968750000 0 0 1 0 8 420 390 422 416 389 418 494 421 
420 6937 0.99845886230468750000 0.00114440917968750000 0 0 1 0 8 434 494 435 419 390 421 389 422 
421 6938 0.99830627441406250000 0.00099182128906250000 0 0 1 0 8 422 420 428 418 416 424 419 427 
422 6939 0.99845886230468750000 0.00099182128906250000 0 0 1 0 8 435 434 437 421 419 427 420 428 
423 6940 0.99800109863281250000 0.00083923339843750000 0 0 1 0 8 424 418 426 412 406 414 417 425 
424 6941 0.99815368652343750000 0.00083923339843750000 0 0 1 0 8 427 421 429 423 417 425 418 426 
425 6942 0.99800109863281250000 0.00068664550781250000 0 0 1 0 8 426 424 432 414 412 431 423 433 
426 6943 0.99815368652343750000 0.00068664550781250000 0 0 1 0 8 429 427 433 425 423 432 424 431 
427 6944 0.99830627441406250000 0.00083923339843750000 0 0 1 0 8 428 422 430 424 418 426 421 429 
428 6945 0.99845886230468750000 0.00083923339843750000 0 0 1 0 8 437 435 439 427 421 429 422 430 
429 6946 0.99830627441406250000 0.00068664550781250000 0 0 1 0 7 430 428 433 426 424 432 427 
430 6947 0.99845886230468750000 0.00068664550781250000 0 0 1 0 8 439 437 443 429 427 433 428 432 
431 6948 0.99777221679687500000 0.00045776367187500000 0 0 1 0 6 432 425 26 410 414 413 
432 6949 0.99807739257812500000 0.00045776367187500000 0 0 1 0 7 433 429 27 431 414 426 425 
433 6950 0.99838256835937500000 0.00045776367187500000 0 0 1 0 9 443 439 445 28 432 426 430 429 27 
434 6951 0.99861145019531250000 0.00114440917968750000 0 0 1 0 8 496 494 436 420 390 422 495 435 
435 6952 0.99861145019531250000 0.00099182128906250000 0 0 1 0 8 436 496 438 422 420 428 434 437 
436 6953 0.99876403808593750000 0.00099182128906250000 0 0 1 0 8 498 497 441 435 434 437 496 438 
437 6954 0.99861145019531250000 0.00083923339843750000 0 0 1 0 8 438 436 440 428 422 430 435 439 
438 6955 0.99876403808593750000 0.00083923339843750000 0 0 1 0 8 441 498 442 437 435 439 436 440 
439 6956 0.99861145019531250000 0.00068664550781250000 0 0 1 0 8 440 438 444 430 428 433 437 443 
440 6957 0.99876403808593750000 0.00068664550781250000 0 0 1 0 8 442 441 502 439 437 443 438 444 
441 6958 0.99891662597656250000 0.00083923339843750000 0 0 1 0 8 500 499 501 438 436 440 498 442 
442 6959 0.99891662597656250000 0.00068664550781250000 0 0 1 0 8 501 500 503 440 438 444 441 502 
443 6960 0.99861145019531250000 0.00053405761718750000 0 0 1 0 8 444 440 446 433 27 439 430 445 
444 6961 0.99876403808593750000 0.00053405761718750000 0 0 1 0 8 502 442 504 443 439 445 440 446 
445 6962 0.99861145019531250000 0.00038146972656250000 0 0 1 0 6 446 444 28 433 27 443 
446 6963 0.99876403808593750000 0.00038146972656250000 0 0 1 0 8 504 502 505 445 443 28 444 27 
447 2644 0.94132055000000003364 0.00802993460000000006 6 
448 7421 0.99913819999999997634 0.00012220342000000001 17 
449 3035 0.94970703125000000000 0.03173828125000000000 6 
450 3036 0.95458984375000000000 0.03173828125000000000 6 
451 3038 0.94482421875000000000 0.02685546875000000000 6 
452 3040 0.94482421875000000000 0.02197265625000000000 6 
453 3041 0.94970703125000000000 0.02685546875000000000 6 
454 7187 0.95947265625000000000 0.03173828125000000000 16 
455 7193 0.95947265625000000000 0.02685546875000000000 16 
456 7194 0.96435546875000000000 0.02685546875000000000 16 
457 7195 0.96923828125000000000 0.02685546875000000000 16 
458 7196 0.97412109375000000000 0.02685546875000000000 16 
459 3046 0.94360351562500000000 0.01831054687500000000 6 
460 3047 0.94604492187500000000 0.01831054687500000000 6 
461 3048 0.94360351562500000000 0.01586914062500000000 6 
462 3052 0.94116210937500000000 0.01098632812500000000 6 
463 3053 0.94360351562500000000 0.01342773437500000000 6 
464 3054 0.94360351562500000000 0.01098632812500000000 6 
465 7205 0.97900390625000000000 0.02685546875000000000 16 
466 7206 0.98388671875000000000 0.02685546875000000000 16 
467 7207 0.98876953125000000000 0.02685546875000000000 16 
468 7830 0.99365234375000000000 0.02685546875000000000 18 
469 7831 0.99365234375000000000 0.02197265625000000000 18 
470 7847 0.99243164062500000000 0.01831054687500000000 18 
471 7848 0.99487304687500000000 0.01831054687500000000 18 
472 7849 0.99487304687500000000 0.01586914062500000000 18 
473 7850 0.99487304687500000000 0.01342773437500000000 18 
474 7859 0.99731445312500000000 0.01342773437500000000 18 
475 7861 0.99731445312500000000 0.01098632812500000000 18 
476 7883 0.99670410156250000000 0.00915527343750000000 18 
477 7884 0.99792480468750000000 0.00915527343750000000 18 
478 7885 0.99792480468750000000 0.00793457031250000000 18 
479 8267 0.99792480468750000000 0.00671386718750000000 19 
480 8268 0.99670410156250000000 0.00549316406250000000 19 
481 8269 0.99792480468750000000 0.00549316406250000000 19 
482 8281 0.99639892578125000000 0.00457763671875000000 19 
483 8282 0.99700927734375000000 0.00457763671875000000 19 
484 8283 0.99700927734375000000 0.00396728515625000000 19 
485 8286 0.99761962890625000000 0.00396728515625000000 19 
486 8288 0.99761962890625000000 0.00335693359375000000 19 
487 8289 0.99822998046875000000 0.00335693359375000000 19 
488 8290 0.99822998046875000000 0.00274658203125000000 19 
489 8307 0.99807739257812500000 0.00228881835937500000 19 
490 8309 0.99807739257812500000 0.00198364257812500000 19 
491 8310 0.99838256835937500000 0.00198364257812500000 19 
492 8311 0.99838256835937500000 0.00167846679687500000 19 
493 8320 0.99868774414062500000 0.00167846679687500000 19 
494 8322 0.99868774414062500000 0.00137329101562500000 19 
495 8323 0.99899291992187500000 0.00137329101562500000 19 
496 8344 0.99876403808593750000 0.00114440917968750000 19 
497 8345 0.99891662597656250000 0.00114440917968750000 19 
498 8347 0.99891662597656250000 0.00099182128906250000 19 
499 8348 0.99906921386718750000 0.00099182128906250000 19 
500 8349 0.99906921386718750000 0.00083923339843750000 19 
501 7427 0.99906921386718750000 0.00068664550781250000 17 
502 7432 0.99891662597656250000 0.00053405761718750000 17 
503 7433 0.99906921386718750000 0.00053405761718750000 17 
504 7434 0.99891662597656250000 0.00038146972656250000 17 
505 7436 0.99891662597656250000 0.00022888183593750000 17 
