539 443 96
1 13002 -0.29296875000000000000 0.01953125000000000000 0 0 1 0 8 2 448 15 446 444 4 447 14 
2 13003 -0.25390625000000000000 0.01953125000000000000 0 0 1 0 8 3 449 18 1 447 14 448 15 
3 13004 -0.21484375000000000000 0.01953125000000000000 0 0 1 0 8 451 450 19 2 448 15 449 18 
4 13005 -0.35156250000000000000 -0.03906250000000000000 0 0 1 0 10 14 1 16 22 460 445 5 446 6 24 
5 13006 -0.42968750000000000000 -0.11718750000000000000 0 0 1 0 8 6 4 11 459 457 7 460 10 
6 13007 -0.35156250000000000000 -0.11718750000000000000 0 0 1 0 10 22 16 24 47 5 460 10 4 11 49 
7 13008 -0.50781250000000000000 -0.19531250000000000000 0 0 1 0 8 10 5 12 461 458 8 459 9 
8 13009 -0.58593750000000000000 -0.27343750000000000000 0 0 1 0 8 9 7 125 454 453 455 461 124 
9 13010 -0.50781250000000000000 -0.27343750000000000000 0 0 1 0 8 12 10 127 8 461 124 7 125 
10 13011 -0.42968750000000000000 -0.19531250000000000000 0 0 1 0 8 11 6 13 7 459 9 5 12 
11 13012 -0.35156250000000000000 -0.19531250000000000000 0 0 1 0 10 47 24 49 55 10 5 12 6 13 57 
12 13013 -0.42968750000000000000 -0.27343750000000000000 0 0 1 0 8 13 11 128 9 7 125 10 127 
13 13014 -0.35156250000000000000 -0.27343750000000000000 0 0 1 0 10 55 49 57 134 12 10 127 11 128 136 
14 13015 -0.29296875000000000000 -0.01953125000000000000 0 0 1 0 8 15 2 17 4 446 6 1 16 
15 13016 -0.25390625000000000000 -0.01953125000000000000 0 0 1 0 8 18 3 20 14 1 16 2 17 
16 13017 -0.29296875000000000000 -0.05859375000000000000 0 0 1 0 8 17 15 23 4 446 6 14 22 
17 13018 -0.25390625000000000000 -0.05859375000000000000 0 0 1 0 8 20 18 26 16 14 22 15 23 
18 13019 -0.21484375000000000000 -0.01953125000000000000 0 0 1 0 8 19 451 21 15 2 17 3 20 
19 13020 -0.17578125000000000000 -0.01953125000000000000 0 0 1 0 10 462 452 463 30 18 3 20 451 21 32 
20 13021 -0.21484375000000000000 -0.05859375000000000000 0 0 1 0 8 21 19 27 17 15 23 18 26 
21 13022 -0.17578125000000000000 -0.05859375000000000000 0 0 1 0 10 30 463 32 34 20 18 26 19 27 36 
22 13023 -0.29296875000000000000 -0.09765625000000000000 0 0 1 0 8 23 17 25 6 4 11 16 24 
23 13024 -0.25390625000000000000 -0.09765625000000000000 0 0 1 0 8 26 20 28 22 16 24 17 25 
24 13025 -0.29296875000000000000 -0.13671875000000000000 0 0 1 0 8 25 23 48 6 4 11 22 47 
25 13026 -0.25390625000000000000 -0.13671875000000000000 0 0 1 0 8 28 26 51 24 22 47 23 48 
26 13027 -0.21484375000000000000 -0.09765625000000000000 0 0 1 0 8 27 21 29 23 17 25 20 28 
27 13028 -0.17578125000000000000 -0.09765625000000000000 0 0 1 0 10 34 32 36 40 26 20 28 21 29 42 
28 13029 -0.21484375000000000000 -0.13671875000000000000 0 0 1 0 8 29 27 52 25 23 48 26 51 
29 13030 -0.17578125000000000000 -0.13671875000000000000 0 0 1 0 10 40 36 42 63 28 26 51 27 52 65 
30 13031 -0.14648437500000000000 -0.04882812500000000000 0 0 1 0 8 31 464 33 21 19 27 463 32 
31 13032 -0.12695312500000000000 -0.04882812500000000000 0 0 1 0 8 466 465 467 30 463 32 464 33 
32 13033 -0.14648437500000000000 -0.06835937500000000000 0 0 1 0 8 33 31 35 21 19 27 30 34 
33 13034 -0.12695312500000000000 -0.06835937500000000000 0 0 1 0 8 467 466 38 32 30 34 31 35 
34 13035 -0.14648437500000000000 -0.08789062500000000000 0 0 1 0 8 35 33 37 27 21 29 32 36 
35 13036 -0.12695312500000000000 -0.08789062500000000000 0 0 1 0 8 38 467 39 34 32 36 33 37 
36 13037 -0.14648437500000000000 -0.10742187500000000000 0 0 1 0 8 37 35 41 27 21 29 34 40 
37 13038 -0.12695312500000000000 -0.10742187500000000000 0 0 1 0 8 39 38 44 36 34 40 35 41 
38 13039 -0.10742187500000000000 -0.08789062500000000000 0 0 1 0 8 469 468 470 35 33 37 467 39 
39 13040 -0.10742187500000000000 -0.10742187500000000000 0 0 1 0 8 470 469 471 37 35 41 38 44 
40 13041 -0.14648437500000000000 -0.12695312500000000000 0 0 1 0 8 41 37 43 29 27 52 36 42 
41 13042 -0.12695312500000000000 -0.12695312500000000000 0 0 1 0 8 44 39 45 40 36 42 37 43 
42 13043 -0.14648437500000000000 -0.14648437500000000000 0 0 1 0 8 43 41 64 29 27 52 40 63 
43 13044 -0.12695312500000000000 -0.14648437500000000000 0 0 1 0 8 45 44 67 42 40 63 41 64 
44 13045 -0.10742187500000000000 -0.12695312500000000000 0 0 1 0 8 471 470 46 41 37 43 39 45 
45 13046 -0.10742187500000000000 -0.14648437500000000000 0 0 1 0 8 46 471 68 43 41 64 44 67 
46 13047 -0.08789062500000000000 -0.14648437500000000000 0 0 1 0 9 473 472 474 79 45 44 67 471 68 
47 13048 -0.29296875000000000000 -0.17578125000000000000 0 0 1 0 8 48 25 50 11 6 13 24 49 
48 13049 -0.25390625000000000000 -0.17578125000000000000 0 0 1 0 8 51 28 53 47 24 49 25 50 
49 13050 -0.29296875000000000000 -0.21484375000000000000 0 0 1 0 8 50 48 56 11 6 13 47 55 
50 13051 -0.25390625000000000000 -0.21484375000000000000 0 0 1 0 8 53 51 59 49 47 55 48 56 
51 13052 -0.21484375000000000000 -0.17578125000000000000 0 0 1 0 8 52 29 54 48 25 50 28 53 
52 13053 -0.17578125000000000000 -0.17578125000000000000 0 0 1 0 10 63 42 65 71 51 28 53 29 54 73 
53 13054 -0.21484375000000000000 -0.21484375000000000000 0 0 1 0 8 54 52 60 50 48 56 51 59 
54 13055 -0.17578125000000000000 -0.21484375000000000000 0 0 1 0 10 71 65 73 92 53 51 59 52 60 94 
55 13056 -0.29296875000000000000 -0.25390625000000000000 0 0 1 0 8 56 50 58 13 11 128 49 57 
56 13057 -0.25390625000000000000 -0.25390625000000000000 0 0 1 0 8 59 53 61 55 49 57 50 58 
57 13058 -0.29296875000000000000 -0.29296875000000000000 0 0 1 0 8 58 56 135 13 11 128 55 134 
58 13059 -0.25390625000000000000 -0.29296875000000000000 0 0 1 0 8 61 59 138 57 55 134 56 135 
59 13060 -0.21484375000000000000 -0.25390625000000000000 0 0 1 0 8 60 54 62 56 50 58 53 61 
60 13061 -0.17578125000000000000 -0.25390625000000000000 0 0 1 0 10 92 73 94 100 59 53 61 54 62 102 
61 13062 -0.21484375000000000000 -0.29296875000000000000 0 0 1 0 8 62 60 139 58 56 135 59 138 
62 13063 -0.17578125000000000000 -0.29296875000000000000 0 0 1 0 9 100 94 102 150 61 59 138 60 139 
63 13064 -0.14648437500000000000 -0.16601562500000000000 0 0 1 0 8 64 43 66 52 29 54 42 65 
64 13065 -0.12695312500000000000 -0.16601562500000000000 0 0 1 0 8 67 45 69 63 42 65 43 66 
65 13066 -0.14648437500000000000 -0.18554687500000000000 0 0 1 0 8 66 64 72 52 29 54 63 71 
66 13067 -0.12695312500000000000 -0.18554687500000000000 0 0 1 0 8 69 67 75 65 63 71 64 72 
67 13068 -0.10742187500000000000 -0.16601562500000000000 0 0 1 0 8 68 46 70 64 43 66 45 69 
68 13069 -0.08789062500000000000 -0.16601562500000000000 0 0 1 0 8 79 474 80 67 45 69 46 70 
69 13070 -0.10742187500000000000 -0.18554687500000000000 0 0 1 0 8 70 68 76 66 64 72 67 75 
70 13071 -0.08789062500000000000 -0.18554687500000000000 0 0 1 0 8 80 79 84 69 67 75 68 76 
71 13072 -0.14648437500000000000 -0.20507812500000000000 0 0 1 0 8 72 66 74 54 52 60 65 73 
72 13073 -0.12695312500000000000 -0.20507812500000000000 0 0 1 0 8 75 69 77 71 65 73 66 74 
73 13074 -0.14648437500000000000 -0.22460937500000000000 0 0 1 0 8 74 72 93 54 52 60 71 92 
74 13075 -0.12695312500000000000 -0.22460937500000000000 0 0 1 0 8 77 75 96 73 71 92 72 93 
75 13076 -0.10742187500000000000 -0.20507812500000000000 0 0 1 0 8 76 70 78 72 66 74 69 77 
76 13077 -0.08789062500000000000 -0.20507812500000000000 0 0 1 0 8 84 80 86 75 69 77 70 78 
77 13078 -0.10742187500000000000 -0.22460937500000000000 0 0 1 0 8 78 76 97 74 72 93 75 96 
78 13079 -0.08789062500000000000 -0.22460937500000000000 0 0 1 0 8 86 84 108 77 75 96 76 97 
79 13080 -0.06835937500000000000 -0.16601562500000000000 0 0 1 0 9 477 476 81 68 46 70 475 474 80 
80 13081 -0.06835937500000000000 -0.18554687500000000000 0 0 1 0 8 81 477 85 70 68 76 79 84 
81 13082 -0.04882812500000000000 -0.18554687500000000000 0 0 1 0 8 82 478 88 80 79 84 477 85 
82 13083 -0.02929687500000000000 -0.18554687500000000000 0 0 1 0 8 83 479 89 81 477 85 478 88 
83 13084 -0.00976562500000000000 -0.18554687500000000000 0 0 1 0 8 202 492 206 82 478 88 479 89 
84 13085 -0.06835937500000000000 -0.20507812500000000000 0 0 1 0 8 85 81 87 76 70 78 80 86 
85 13086 -0.04882812500000000000 -0.20507812500000000000 0 0 1 0 8 88 82 90 84 80 86 81 87 
86 13087 -0.06835937500000000000 -0.22460937500000000000 0 0 1 0 8 87 85 109 78 76 97 84 108 
87 13088 -0.04882812500000000000 -0.22460937500000000000 0 0 1 0 8 90 88 112 86 84 108 85 109 
88 13089 -0.02929687500000000000 -0.20507812500000000000 0 0 1 0 8 89 83 91 85 81 87 82 90 
89 13090 -0.00976562500000000000 -0.20507812500000000000 0 0 1 0 8 206 202 208 88 82 90 83 91 
90 13091 -0.02929687500000000000 -0.22460937500000000000 0 0 1 0 8 91 89 113 87 85 109 88 112 
91 13092 -0.00976562500000000000 -0.22460937500000000000 0 0 1 0 8 208 206 226 90 88 112 89 113 
92 13093 -0.14648437500000000000 -0.24414062500000000000 0 0 1 0 8 93 74 95 60 54 62 73 94 
93 13094 -0.12695312500000000000 -0.24414062500000000000 0 0 1 0 8 96 77 98 92 73 94 74 95 
94 13095 -0.14648437500000000000 -0.26367187500000000000 0 0 1 0 8 95 93 101 60 54 62 92 100 
95 13096 -0.12695312500000000000 -0.26367187500000000000 0 0 1 0 8 98 96 104 94 92 100 93 101 
96 13097 -0.10742187500000000000 -0.24414062500000000000 0 0 1 0 8 97 78 99 93 74 95 77 98 
97 13098 -0.08789062500000000000 -0.24414062500000000000 0 0 1 0 8 108 86 110 96 77 98 78 99 
98 13099 -0.10742187500000000000 -0.26367187500000000000 0 0 1 0 8 99 97 105 95 93 101 96 104 
99 13100 -0.08789062500000000000 -0.26367187500000000000 0 0 1 0 8 110 108 116 98 96 104 97 105 
100 13101 -0.14648437500000000000 -0.28320312500000000000 0 0 1 0 8 101 95 103 62 60 139 94 102 
101 13102 -0.12695312500000000000 -0.28320312500000000000 0 0 1 0 8 104 98 106 100 94 102 95 103 
102 13103 -0.14648437500000000000 -0.30273437500000000000 0 0 1 0 8 103 101 150 62 60 139 100 151 
103 13104 -0.12695312500000000000 -0.30273437500000000000 0 0 1 0 8 106 104 151 102 100 150 101 139 
104 13105 -0.10742187500000000000 -0.28320312500000000000 0 0 1 0 8 105 99 107 101 95 103 98 106 
105 13106 -0.08789062500000000000 -0.28320312500000000000 0 0 1 0 8 116 110 118 104 98 106 99 107 
106 13107 -0.10742187500000000000 -0.30273437500000000000 0 0 1 0 8 107 105 151 103 101 150 104 154 
107 13108 -0.08789062500000000000 -0.30273437500000000000 0 0 1 0 8 118 116 154 106 104 151 105 150 
108 13109 -0.06835937500000000000 -0.24414062500000000000 0 0 1 0 8 109 87 111 97 78 99 86 110 
109 13110 -0.04882812500000000000 -0.24414062500000000000 0 0 1 0 8 112 90 114 108 86 110 87 111 
110 13111 -0.06835937500000000000 -0.26367187500000000000 0 0 1 0 8 111 109 117 99 97 105 108 116 
111 13112 -0.04882812500000000000 -0.26367187500000000000 0 0 1 0 8 114 112 120 110 108 116 109 117 
112 13113 -0.02929687500000000000 -0.24414062500000000000 0 0 1 0 8 113 91 115 109 87 111 90 114 
113 13114 -0.00976562500000000000 -0.24414062500000000000 0 0 1 0 8 226 208 228 112 90 114 91 115 
114 13115 -0.02929687500000000000 -0.26367187500000000000 0 0 1 0 8 115 113 121 111 109 117 112 120 
115 13116 -0.00976562500000000000 -0.26367187500000000000 0 0 1 0 8 228 226 234 114 112 120 113 121 
116 13117 -0.06835937500000000000 -0.28320312500000000000 0 0 1 0 8 117 111 119 105 99 107 110 118 
117 13118 -0.04882812500000000000 -0.28320312500000000000 0 0 1 0 8 120 114 122 116 110 118 111 119 
118 13119 -0.06835937500000000000 -0.30273437500000000000 0 0 1 0 8 119 117 154 107 105 151 116 155 
119 13120 -0.04882812500000000000 -0.30273437500000000000 0 0 1 0 8 122 120 155 118 116 154 117 151 
120 13121 -0.02929687500000000000 -0.28320312500000000000 0 0 1 0 8 121 115 123 117 111 119 114 122 
121 13122 -0.00976562500000000000 -0.28320312500000000000 0 0 1 0 8 234 228 236 120 114 122 115 123 
122 13123 -0.02929687500000000000 -0.30273437500000000000 0 0 1 0 8 123 121 155 119 117 154 120 342 
123 13124 -0.00976562500000000000 -0.30273437500000000000 0 0 1 0 8 236 234 342 122 120 155 121 154 
124 13125 -0.58593750000000000000 -0.35156250000000000000 0 0 1 0 8 125 9 126 455 454 456 8 480 
125 13126 -0.50781250000000000000 -0.35156250000000000000 0 0 1 0 8 127 12 129 124 8 480 9 126 
126 13127 -0.50781250000000000000 -0.42968750000000000000 0 0 1 0 8 129 127 131 480 124 481 125 482 
127 13128 -0.42968750000000000000 -0.35156250000000000000 0 0 1 0 8 128 13 130 125 9 126 12 129 
128 13129 -0.35156250000000000000 -0.35156250000000000000 0 0 1 0 10 134 57 136 142 127 12 129 13 130 144 
129 13130 -0.42968750000000000000 -0.42968750000000000000 0 0 1 0 8 130 128 132 126 125 482 127 131 
130 13131 -0.35156250000000000000 -0.42968750000000000000 0 0 1 0 10 142 136 144 166 129 127 131 128 132 168 
131 13132 -0.42968750000000000000 -0.50781250000000000000 0 0 1 0 8 132 130 133 482 126 483 129 484 
132 13133 -0.35156250000000000000 -0.50781250000000000000 0 0 1 0 10 166 144 168 174 131 129 484 130 133 176 
133 13134 -0.35156250000000000000 -0.58593750000000000000 0 0 1 0 9 174 168 176 198 484 131 485 132 486 
134 13135 -0.29296875000000000000 -0.33203125000000000000 0 0 1 0 8 135 58 137 128 13 130 57 136 
135 13136 -0.25390625000000000000 -0.33203125000000000000 0 0 1 0 8 138 61 140 134 57 136 58 137 
136 13137 -0.29296875000000000000 -0.37109375000000000000 0 0 1 0 8 137 135 143 128 13 130 134 142 
137 13138 -0.25390625000000000000 -0.37109375000000000000 0 0 1 0 8 140 138 146 136 134 142 135 143 
138 13139 -0.21484375000000000000 -0.33203125000000000000 0 0 1 0 8 139 62 141 135 58 137 61 140 
139 13140 -0.17578125000000000000 -0.33203125000000000000 0 0 1 0 8 150 102 152 138 61 140 62 141 
140 13141 -0.21484375000000000000 -0.37109375000000000000 0 0 1 0 8 141 139 147 137 135 143 138 146 
141 13142 -0.17578125000000000000 -0.37109375000000000000 0 0 1 0 8 152 150 158 140 138 146 139 147 
142 13143 -0.29296875000000000000 -0.41015625000000000000 0 0 1 0 8 143 137 145 130 128 132 136 144 
143 13144 -0.25390625000000000000 -0.41015625000000000000 0 0 1 0 8 146 140 148 142 136 144 137 145 
144 13145 -0.29296875000000000000 -0.44921875000000000000 0 0 1 0 8 145 143 167 130 128 132 142 166 
145 13146 -0.25390625000000000000 -0.44921875000000000000 0 0 1 0 8 148 146 170 144 142 166 143 167 
146 13147 -0.21484375000000000000 -0.41015625000000000000 0 0 1 0 8 147 141 149 143 137 145 140 148 
147 13148 -0.17578125000000000000 -0.41015625000000000000 0 0 1 0 8 158 152 160 146 140 148 141 149 
148 13149 -0.21484375000000000000 -0.44921875000000000000 0 0 1 0 8 149 147 171 145 143 167 146 170 
149 13150 -0.17578125000000000000 -0.44921875000000000000 0 0 1 0 8 160 158 182 148 146 170 147 171 
150 13151 -0.13671875000000000000 -0.33203125000000000000 0 0 1 0 9 151 106 153 139 62 141 103 102 152 
151 13152 -0.09765625000000000000 -0.33203125000000000000 0 0 1 0 9 154 118 156 150 103 152 107 106 153 
152 13153 -0.13671875000000000000 -0.37109375000000000000 0 0 1 0 8 153 151 159 141 139 147 150 158 
153 13154 -0.09765625000000000000 -0.37109375000000000000 0 0 1 0 8 156 154 162 152 150 158 151 159 
154 13155 -0.05859375000000000000 -0.33203125000000000000 0 0 1 0 9 155 122 157 151 107 153 119 118 156 
155 13156 -0.01953125000000000000 -0.33203125000000000000 0 0 1 0 9 342 236 344 154 119 156 123 122 157 
156 13157 -0.05859375000000000000 -0.37109375000000000000 0 0 1 0 8 157 155 163 153 151 159 154 162 
157 13158 -0.01953125000000000000 -0.37109375000000000000 0 0 1 0 8 344 342 350 156 154 162 155 163 
158 13159 -0.13671875000000000000 -0.41015625000000000000 0 0 1 0 8 159 153 161 147 141 149 152 160 
159 13160 -0.09765625000000000000 -0.41015625000000000000 0 0 1 0 8 162 156 164 158 152 160 153 161 
160 13161 -0.13671875000000000000 -0.44921875000000000000 0 0 1 0 8 161 159 183 149 147 171 158 182 
161 13162 -0.09765625000000000000 -0.44921875000000000000 0 0 1 0 8 164 162 186 160 158 182 159 183 
162 13163 -0.05859375000000000000 -0.41015625000000000000 0 0 1 0 8 163 157 165 159 153 161 156 164 
163 13164 -0.01953125000000000000 -0.41015625000000000000 0 0 1 0 8 350 344 352 162 156 164 157 165 
164 13165 -0.05859375000000000000 -0.44921875000000000000 0 0 1 0 8 165 163 187 161 159 183 162 186 
165 13166 -0.01953125000000000000 -0.44921875000000000000 0 0 1 0 8 352 350 374 164 162 186 163 187 
166 13167 -0.29296875000000000000 -0.48828125000000000000 0 0 1 0 8 167 145 169 132 130 133 144 168 
167 13168 -0.25390625000000000000 -0.48828125000000000000 0 0 1 0 8 170 148 172 166 144 168 145 169 
168 13169 -0.29296875000000000000 -0.52734375000000000000 0 0 1 0 8 169 167 175 132 130 133 166 174 
169 13170 -0.25390625000000000000 -0.52734375000000000000 0 0 1 0 8 172 170 178 168 166 174 167 175 
170 13171 -0.21484375000000000000 -0.48828125000000000000 0 0 1 0 8 171 149 173 167 145 169 148 172 
171 13172 -0.17578125000000000000 -0.48828125000000000000 0 0 1 0 8 182 160 184 170 148 172 149 173 
172 13173 -0.21484375000000000000 -0.52734375000000000000 0 0 1 0 8 173 171 179 169 167 175 170 178 
173 13174 -0.17578125000000000000 -0.52734375000000000000 0 0 1 0 8 184 182 190 172 170 178 171 179 
174 13175 -0.29296875000000000000 -0.56640625000000000000 0 0 1 0 8 175 169 177 133 132 486 168 176 
175 13176 -0.25390625000000000000 -0.56640625000000000000 0 0 1 0 8 178 172 180 174 168 176 169 177 
176 13177 -0.29296875000000000000 -0.60546875000000000000 0 0 1 0 8 177 175 198 133 132 486 174 199 
177 13178 -0.25390625000000000000 -0.60546875000000000000 0 0 1 0 8 180 178 199 176 174 198 175 486 
178 13179 -0.21484375000000000000 -0.56640625000000000000 0 0 1 0 8 179 173 181 175 169 177 172 180 
179 13180 -0.17578125000000000000 -0.56640625000000000000 0 0 1 0 8 190 184 192 178 172 180 173 181 
180 13181 -0.21484375000000000000 -0.60546875000000000000 0 0 1 0 8 181 179 199 177 175 198 178 200 
181 13182 -0.17578125000000000000 -0.60546875000000000000 0 0 1 0 8 192 190 200 180 178 199 179 198 
182 13183 -0.13671875000000000000 -0.48828125000000000000 0 0 1 0 8 183 161 185 171 149 173 160 184 
183 13184 -0.09765625000000000000 -0.48828125000000000000 0 0 1 0 8 186 164 188 182 160 184 161 185 
184 13185 -0.13671875000000000000 -0.52734375000000000000 0 0 1 0 8 185 183 191 173 171 179 182 190 
185 13186 -0.09765625000000000000 -0.52734375000000000000 0 0 1 0 8 188 186 194 184 182 190 183 191 
186 13187 -0.05859375000000000000 -0.48828125000000000000 0 0 1 0 8 187 165 189 183 161 185 164 188 
187 13188 -0.01953125000000000000 -0.48828125000000000000 0 0 1 0 8 374 352 376 186 164 188 165 189 
188 13189 -0.05859375000000000000 -0.52734375000000000000 0 0 1 0 8 189 187 195 185 183 191 186 194 
189 13190 -0.01953125000000000000 -0.52734375000000000000 0 0 1 0 8 376 374 382 188 186 194 187 195 
190 13191 -0.13671875000000000000 -0.56640625000000000000 0 0 1 0 8 191 185 193 179 173 181 184 192 
191 13192 -0.09765625000000000000 -0.56640625000000000000 0 0 1 0 8 194 188 196 190 184 192 185 193 
192 13193 -0.13671875000000000000 -0.60546875000000000000 0 0 1 0 8 193 191 200 181 179 199 190 201 
193 13194 -0.09765625000000000000 -0.60546875000000000000 0 0 1 0 8 196 194 201 192 190 200 191 199 
194 13195 -0.05859375000000000000 -0.56640625000000000000 0 0 1 0 8 195 189 197 191 185 193 188 196 
195 13196 -0.01953125000000000000 -0.56640625000000000000 0 0 1 0 8 382 376 384 194 188 196 189 197 
196 13197 -0.05859375000000000000 -0.60546875000000000000 0 0 1 0 8 197 195 201 193 191 200 194 438 
197 13198 -0.01953125000000000000 -0.60546875000000000000 0 0 1 0 8 384 382 438 196 194 201 195 200 
198 13199 -0.27343750000000000000 -0.66406250000000000000 0 0 1 0 9 199 180 489 486 133 487 177 176 488 
199 13200 -0.19531250000000000000 -0.66406250000000000000 0 0 1 0 9 200 192 490 198 177 488 181 180 489 
200 13201 -0.11718750000000000000 -0.66406250000000000000 0 0 1 0 9 201 196 491 199 181 489 193 192 490 
201 13202 -0.03906250000000000000 -0.66406250000000000000 0 0 1 0 9 438 384 532 200 193 490 197 196 491 
202 13203 0.00976562500000000000 -0.18554687500000000000 0 0 1 0 8 203 493 207 83 479 89 492 206 
203 13204 0.02929687500000000000 -0.18554687500000000000 0 0 1 0 8 204 494 210 202 492 206 493 207 
204 13205 0.04882812500000000000 -0.18554687500000000000 0 0 1 0 8 205 495 211 203 493 207 494 210 
205 13206 0.06835937500000000000 -0.18554687500000000000 0 0 1 0 8 214 496 218 204 494 210 495 211 
206 13207 0.00976562500000000000 -0.20507812500000000000 0 0 1 0 8 207 203 209 89 83 91 202 208 
207 13208 0.02929687500000000000 -0.20507812500000000000 0 0 1 0 8 210 204 212 206 202 208 203 209 
208 13209 0.00976562500000000000 -0.22460937500000000000 0 0 1 0 8 209 207 227 91 89 113 206 226 
209 13210 0.02929687500000000000 -0.22460937500000000000 0 0 1 0 8 212 210 230 208 206 226 207 227 
210 13211 0.04882812500000000000 -0.20507812500000000000 0 0 1 0 8 211 205 213 207 203 209 204 212 
211 13212 0.06835937500000000000 -0.20507812500000000000 0 0 1 0 8 218 214 220 210 204 212 205 213 
212 13213 0.04882812500000000000 -0.22460937500000000000 0 0 1 0 8 213 211 231 209 207 227 210 230 
213 13214 0.06835937500000000000 -0.22460937500000000000 0 0 1 0 8 220 218 242 212 210 230 211 231 
214 13215 0.08789062500000000000 -0.18554687500000000000 0 0 1 0 8 215 497 219 205 495 211 496 218 
215 13216 0.10742187500000000000 -0.18554687500000000000 0 0 1 0 8 216 498 222 214 496 218 497 219 
216 13217 0.12695312500000000000 -0.18554687500000000000 0 0 1 0 8 217 499 223 215 497 219 498 222 
217 13218 0.14648437500000000000 -0.18554687500000000000 0 0 1 0 8 258 500 262 216 498 222 499 223 
218 13219 0.08789062500000000000 -0.20507812500000000000 0 0 1 0 8 219 215 221 211 205 213 214 220 
219 13220 0.10742187500000000000 -0.20507812500000000000 0 0 1 0 8 222 216 224 218 214 220 215 221 
220 13221 0.08789062500000000000 -0.22460937500000000000 0 0 1 0 8 221 219 243 213 211 231 218 242 
221 13222 0.10742187500000000000 -0.22460937500000000000 0 0 1 0 8 224 222 246 220 218 242 219 243 
222 13223 0.12695312500000000000 -0.20507812500000000000 0 0 1 0 8 223 217 225 219 215 221 216 224 
223 13224 0.14648437500000000000 -0.20507812500000000000 0 0 1 0 8 262 258 264 222 216 224 217 225 
224 13225 0.12695312500000000000 -0.22460937500000000000 0 0 1 0 8 225 223 247 221 219 243 222 246 
225 13226 0.14648437500000000000 -0.22460937500000000000 0 0 1 0 8 264 262 282 224 222 246 223 247 
226 13227 0.00976562500000000000 -0.24414062500000000000 0 0 1 0 8 227 209 229 113 91 115 208 228 
227 13228 0.02929687500000000000 -0.24414062500000000000 0 0 1 0 8 230 212 232 226 208 228 209 229 
228 13229 0.00976562500000000000 -0.26367187500000000000 0 0 1 0 8 229 227 235 115 113 121 226 234 
229 13230 0.02929687500000000000 -0.26367187500000000000 0 0 1 0 8 232 230 238 228 226 234 227 235 
230 13231 0.04882812500000000000 -0.24414062500000000000 0 0 1 0 8 231 213 233 227 209 229 212 232 
231 13232 0.06835937500000000000 -0.24414062500000000000 0 0 1 0 8 242 220 244 230 212 232 213 233 
232 13233 0.04882812500000000000 -0.26367187500000000000 0 0 1 0 8 233 231 239 229 227 235 230 238 
233 13234 0.06835937500000000000 -0.26367187500000000000 0 0 1 0 8 244 242 250 232 230 238 231 239 
234 13235 0.00976562500000000000 -0.28320312500000000000 0 0 1 0 8 235 229 237 121 115 123 228 236 
235 13236 0.02929687500000000000 -0.28320312500000000000 0 0 1 0 8 238 232 240 234 228 236 229 237 
236 13237 0.00976562500000000000 -0.30273437500000000000 0 0 1 0 8 237 235 342 123 121 155 234 343 
237 13238 0.02929687500000000000 -0.30273437500000000000 0 0 1 0 8 240 238 343 236 234 342 235 155 
238 13239 0.04882812500000000000 -0.28320312500000000000 0 0 1 0 8 239 233 241 235 229 237 232 240 
239 13240 0.06835937500000000000 -0.28320312500000000000 0 0 1 0 8 250 244 252 238 232 240 233 241 
240 13241 0.04882812500000000000 -0.30273437500000000000 0 0 1 0 8 241 239 343 237 235 342 238 346 
241 13242 0.06835937500000000000 -0.30273437500000000000 0 0 1 0 8 252 250 346 240 238 343 239 342 
242 13243 0.08789062500000000000 -0.24414062500000000000 0 0 1 0 8 243 221 245 231 213 233 220 244 
243 13244 0.10742187500000000000 -0.24414062500000000000 0 0 1 0 8 246 224 248 242 220 244 221 245 
244 13245 0.08789062500000000000 -0.26367187500000000000 0 0 1 0 8 245 243 251 233 231 239 242 250 
245 13246 0.10742187500000000000 -0.26367187500000000000 0 0 1 0 8 248 246 254 244 242 250 243 251 
246 13247 0.12695312500000000000 -0.24414062500000000000 0 0 1 0 8 247 225 249 243 221 245 224 248 
247 13248 0.14648437500000000000 -0.24414062500000000000 0 0 1 0 8 282 264 284 246 224 248 225 249 
248 13249 0.12695312500000000000 -0.26367187500000000000 0 0 1 0 8 249 247 255 245 243 251 246 254 
249 13250 0.14648437500000000000 -0.26367187500000000000 0 0 1 0 8 284 282 290 248 246 254 247 255 
250 13251 0.08789062500000000000 -0.28320312500000000000 0 0 1 0 8 251 245 253 239 233 241 244 252 
251 13252 0.10742187500000000000 -0.28320312500000000000 0 0 1 0 8 254 248 256 250 244 252 245 253 
252 13253 0.08789062500000000000 -0.30273437500000000000 0 0 1 0 8 253 251 346 241 239 343 250 347 
253 13254 0.10742187500000000000 -0.30273437500000000000 0 0 1 0 8 256 254 347 252 250 346 251 343 
254 13255 0.12695312500000000000 -0.28320312500000000000 0 0 1 0 8 255 249 257 251 245 253 248 256 
255 13256 0.14648437500000000000 -0.28320312500000000000 0 0 1 0 8 290 284 292 254 248 256 249 257 
256 13257 0.12695312500000000000 -0.30273437500000000000 0 0 1 0 8 257 255 347 253 251 346 254 358 
257 13258 0.14648437500000000000 -0.30273437500000000000 0 0 1 0 8 292 290 358 256 254 347 255 346 
258 13259 0.16601562500000000000 -0.18554687500000000000 0 0 1 0 8 259 501 263 217 499 223 500 262 
259 13260 0.18554687500000000000 -0.18554687500000000000 0 0 1 0 8 260 502 266 258 500 262 501 263 
260 13261 0.20507812500000000000 -0.18554687500000000000 0 0 1 0 8 261 503 267 259 501 263 502 266 
261 13262 0.22460937500000000000 -0.18554687500000000000 0 0 1 0 8 270 504 274 260 502 266 503 267 
262 13263 0.16601562500000000000 -0.20507812500000000000 0 0 1 0 8 263 259 265 223 217 225 258 264 
263 13264 0.18554687500000000000 -0.20507812500000000000 0 0 1 0 8 266 260 268 262 258 264 259 265 
264 13265 0.16601562500000000000 -0.22460937500000000000 0 0 1 0 8 265 263 283 225 223 247 262 282 
265 13266 0.18554687500000000000 -0.22460937500000000000 0 0 1 0 8 268 266 286 264 262 282 263 283 
266 13267 0.20507812500000000000 -0.20507812500000000000 0 0 1 0 8 267 261 269 263 259 265 260 268 
267 13268 0.22460937500000000000 -0.20507812500000000000 0 0 1 0 8 274 270 276 266 260 268 261 269 
268 13269 0.20507812500000000000 -0.22460937500000000000 0 0 1 0 8 269 267 287 265 263 283 266 286 
269 13270 0.22460937500000000000 -0.22460937500000000000 0 0 1 0 8 276 274 298 268 266 286 267 287 
270 13271 0.24414062500000000000 -0.18554687500000000000 0 0 1 0 8 271 505 275 261 503 267 504 274 
271 13272 0.26367187500000000000 -0.18554687500000000000 0 0 1 0 8 272 506 278 270 504 274 505 275 
272 13273 0.28320312500000000000 -0.18554687500000000000 0 0 1 0 8 273 507 279 271 505 275 506 278 
273 13274 0.30273437500000000000 -0.18554687500000000000 0 0 1 0 8 314 508 315 272 506 278 507 279 
274 13275 0.24414062500000000000 -0.20507812500000000000 0 0 1 0 8 275 271 277 267 261 269 270 276 
275 13276 0.26367187500000000000 -0.20507812500000000000 0 0 1 0 8 278 272 280 274 270 276 271 277 
276 13277 0.24414062500000000000 -0.22460937500000000000 0 0 1 0 8 277 275 299 269 267 287 274 298 
277 13278 0.26367187500000000000 -0.22460937500000000000 0 0 1 0 8 280 278 302 276 274 298 275 299 
278 13279 0.28320312500000000000 -0.20507812500000000000 0 0 1 0 8 279 273 281 275 271 277 272 280 
279 13280 0.30273437500000000000 -0.20507812500000000000 0 0 1 0 8 315 314 317 278 272 280 273 281 
280 13281 0.28320312500000000000 -0.22460937500000000000 0 0 1 0 8 281 279 303 277 275 299 278 302 
281 13282 0.30273437500000000000 -0.22460937500000000000 0 0 1 0 8 317 315 320 280 278 302 279 303 
282 13283 0.16601562500000000000 -0.24414062500000000000 0 0 1 0 8 283 265 285 247 225 249 264 284 
283 13284 0.18554687500000000000 -0.24414062500000000000 0 0 1 0 8 286 268 288 282 264 284 265 285 
284 13285 0.16601562500000000000 -0.26367187500000000000 0 0 1 0 8 285 283 291 249 247 255 282 290 
285 13286 0.18554687500000000000 -0.26367187500000000000 0 0 1 0 8 288 286 294 284 282 290 283 291 
286 13287 0.20507812500000000000 -0.24414062500000000000 0 0 1 0 8 287 269 289 283 265 285 268 288 
287 13288 0.22460937500000000000 -0.24414062500000000000 0 0 1 0 8 298 276 300 286 268 288 269 289 
288 13289 0.20507812500000000000 -0.26367187500000000000 0 0 1 0 8 289 287 295 285 283 291 286 294 
289 13290 0.22460937500000000000 -0.26367187500000000000 0 0 1 0 8 300 298 306 288 286 294 287 295 
290 13291 0.16601562500000000000 -0.28320312500000000000 0 0 1 0 8 291 285 293 255 249 257 284 292 
291 13292 0.18554687500000000000 -0.28320312500000000000 0 0 1 0 8 294 288 296 290 284 292 285 293 
292 13293 0.16601562500000000000 -0.30273437500000000000 0 0 1 0 8 293 291 358 257 255 347 290 359 
293 13294 0.18554687500000000000 -0.30273437500000000000 0 0 1 0 8 296 294 359 292 290 358 291 347 
294 13295 0.20507812500000000000 -0.28320312500000000000 0 0 1 0 8 295 289 297 291 285 293 288 296 
295 13296 0.22460937500000000000 -0.28320312500000000000 0 0 1 0 8 306 300 308 294 288 296 289 297 
296 13297 0.20507812500000000000 -0.30273437500000000000 0 0 1 0 8 297 295 359 293 291 358 294 362 
297 13298 0.22460937500000000000 -0.30273437500000000000 0 0 1 0 8 308 306 362 296 294 359 295 358 
298 13299 0.24414062500000000000 -0.24414062500000000000 0 0 1 0 8 299 277 301 287 269 289 276 300 
299 13300 0.26367187500000000000 -0.24414062500000000000 0 0 1 0 8 302 280 304 298 276 300 277 301 
300 13301 0.24414062500000000000 -0.26367187500000000000 0 0 1 0 8 301 299 307 289 287 295 298 306 
301 13302 0.26367187500000000000 -0.26367187500000000000 0 0 1 0 8 304 302 310 300 298 306 299 307 
302 13303 0.28320312500000000000 -0.24414062500000000000 0 0 1 0 8 303 281 305 299 277 301 280 304 
303 13304 0.30273437500000000000 -0.24414062500000000000 0 0 1 0 8 320 317 322 302 280 304 281 305 
304 13305 0.28320312500000000000 -0.26367187500000000000 0 0 1 0 8 305 303 311 301 299 307 302 310 
305 13306 0.30273437500000000000 -0.26367187500000000000 0 0 1 0 8 322 320 328 304 302 310 303 311 
306 13307 0.24414062500000000000 -0.28320312500000000000 0 0 1 0 8 307 301 309 295 289 297 300 308 
307 13308 0.26367187500000000000 -0.28320312500000000000 0 0 1 0 8 310 304 312 306 300 308 301 309 
308 13309 0.24414062500000000000 -0.30273437500000000000 0 0 1 0 8 309 307 362 297 295 359 306 363 
309 13310 0.26367187500000000000 -0.30273437500000000000 0 0 1 0 8 312 310 363 308 306 362 307 359 
310 13311 0.28320312500000000000 -0.28320312500000000000 0 0 1 0 8 311 305 313 307 301 309 304 312 
311 13312 0.30273437500000000000 -0.28320312500000000000 0 0 1 0 8 328 322 330 310 304 312 305 313 
312 13313 0.28320312500000000000 -0.30273437500000000000 0 0 1 0 8 313 311 363 309 307 362 310 406 
313 13314 0.30273437500000000000 -0.30273437500000000000 0 0 1 0 8 330 328 406 312 310 363 311 362 
314 13315 0.32226562500000000000 -0.18554687500000000000 0 0 1 0 8 510 509 316 273 507 279 508 315 
315 13316 0.32226562500000000000 -0.20507812500000000000 0 0 1 0 8 316 510 318 279 273 281 314 317 
316 13317 0.34179687500000000000 -0.20507812500000000000 0 0 1 0 8 512 511 319 315 314 317 510 318 
317 13318 0.32226562500000000000 -0.22460937500000000000 0 0 1 0 8 318 316 321 281 279 303 315 320 
318 13319 0.34179687500000000000 -0.22460937500000000000 0 0 1 0 8 319 512 324 317 315 320 316 321 
319 13320 0.36132812500000000000 -0.22460937500000000000 0 0 1 0 8 514 513 325 318 316 321 512 324 
320 13321 0.32226562500000000000 -0.24414062500000000000 0 0 1 0 8 321 318 323 303 281 305 317 322 
321 13322 0.34179687500000000000 -0.24414062500000000000 0 0 1 0 8 324 319 326 320 317 322 318 323 
322 13323 0.32226562500000000000 -0.26367187500000000000 0 0 1 0 8 323 321 329 305 303 311 320 328 
323 13324 0.34179687500000000000 -0.26367187500000000000 0 0 1 0 8 326 324 332 322 320 328 321 329 
324 13325 0.36132812500000000000 -0.24414062500000000000 0 0 1 0 8 325 514 327 321 318 323 319 326 
325 13326 0.38085937500000000000 -0.24414062500000000000 0 0 1 0 8 516 515 336 324 319 326 514 327 
326 13327 0.36132812500000000000 -0.26367187500000000000 0 0 1 0 8 327 325 333 323 321 329 324 332 
327 13328 0.38085937500000000000 -0.26367187500000000000 0 0 1 0 8 336 516 337 326 324 332 325 333 
328 13329 0.32226562500000000000 -0.28320312500000000000 0 0 1 0 8 329 323 331 311 305 313 322 330 
329 13330 0.34179687500000000000 -0.28320312500000000000 0 0 1 0 8 332 326 334 328 322 330 323 331 
330 13331 0.32226562500000000000 -0.30273437500000000000 0 0 1 0 8 331 329 406 313 311 363 328 407 
331 13332 0.34179687500000000000 -0.30273437500000000000 0 0 1 0 8 334 332 407 330 328 406 329 363 
332 13333 0.36132812500000000000 -0.28320312500000000000 0 0 1 0 8 333 327 335 329 323 331 326 334 
333 13334 0.38085937500000000000 -0.28320312500000000000 0 0 1 0 8 337 336 339 332 326 334 327 335 
334 13335 0.36132812500000000000 -0.30273437500000000000 0 0 1 0 8 335 333 407 331 329 406 332 410 
335 13336 0.38085937500000000000 -0.30273437500000000000 0 0 1 0 8 339 337 410 334 332 407 333 406 
336 13337 0.40039062500000000000 -0.26367187500000000000 0 0 1 0 8 518 517 338 327 325 333 516 337 
337 13338 0.40039062500000000000 -0.28320312500000000000 0 0 1 0 8 338 518 340 333 327 335 336 339 
338 13339 0.41992187500000000000 -0.28320312500000000000 0 0 1 0 8 520 519 341 337 336 339 518 340 
339 13340 0.40039062500000000000 -0.30273437500000000000 0 0 1 0 8 340 338 410 335 333 407 337 411 
340 13341 0.41992187500000000000 -0.30273437500000000000 0 0 1 0 8 341 520 411 339 337 410 338 407 
341 13342 0.43945312500000000000 -0.30273437500000000000 0 0 1 0 8 522 521 411 340 338 410 520 524 
342 13343 0.01953125000000000000 -0.33203125000000000000 0 0 1 0 9 343 240 345 155 123 157 237 236 344 
343 13344 0.05859375000000000000 -0.33203125000000000000 0 0 1 0 9 346 252 348 342 237 344 241 240 345 
344 13345 0.01953125000000000000 -0.37109375000000000000 0 0 1 0 8 345 343 351 157 155 163 342 350 
345 13346 0.05859375000000000000 -0.37109375000000000000 0 0 1 0 8 348 346 354 344 342 350 343 351 
346 13347 0.09765625000000000000 -0.33203125000000000000 0 0 1 0 9 347 256 349 343 241 345 253 252 348 
347 13348 0.13671875000000000000 -0.33203125000000000000 0 0 1 0 9 358 292 360 346 253 348 257 256 349 
348 13349 0.09765625000000000000 -0.37109375000000000000 0 0 1 0 8 349 347 355 345 343 351 346 354 
349 13350 0.13671875000000000000 -0.37109375000000000000 0 0 1 0 8 360 358 366 348 346 354 347 355 
350 13351 0.01953125000000000000 -0.41015625000000000000 0 0 1 0 8 351 345 353 163 157 165 344 352 
351 13352 0.05859375000000000000 -0.41015625000000000000 0 0 1 0 8 354 348 356 350 344 352 345 353 
352 13353 0.01953125000000000000 -0.44921875000000000000 0 0 1 0 8 353 351 375 165 163 187 350 374 
353 13354 0.05859375000000000000 -0.44921875000000000000 0 0 1 0 8 356 354 378 352 350 374 351 375 
354 13355 0.09765625000000000000 -0.41015625000000000000 0 0 1 0 8 355 349 357 351 345 353 348 356 
355 13356 0.13671875000000000000 -0.41015625000000000000 0 0 1 0 8 366 360 368 354 348 356 349 357 
356 13357 0.09765625000000000000 -0.44921875000000000000 0 0 1 0 8 357 355 379 353 351 375 354 378 
357 13358 0.13671875000000000000 -0.44921875000000000000 0 0 1 0 8 368 366 390 356 354 378 355 379 
358 13359 0.17578125000000000000 -0.33203125000000000000 0 0 1 0 9 359 296 361 347 257 349 293 292 360 
359 13360 0.21484375000000000000 -0.33203125000000000000 0 0 1 0 9 362 308 364 358 293 360 297 296 361 
360 13361 0.17578125000000000000 -0.37109375000000000000 0 0 1 0 8 361 359 367 349 347 355 358 366 
361 13362 0.21484375000000000000 -0.37109375000000000000 0 0 1 0 8 364 362 370 360 358 366 359 367 
362 13363 0.25390625000000000000 -0.33203125000000000000 0 0 1 0 9 363 312 365 359 297 361 309 308 364 
363 13364 0.29296875000000000000 -0.33203125000000000000 0 0 1 0 9 406 330 408 362 309 364 313 312 365 
364 13365 0.25390625000000000000 -0.37109375000000000000 0 0 1 0 8 365 363 371 361 359 367 362 370 
365 13366 0.29296875000000000000 -0.37109375000000000000 0 0 1 0 8 408 406 414 364 362 370 363 371 
366 13367 0.17578125000000000000 -0.41015625000000000000 0 0 1 0 8 367 361 369 355 349 357 360 368 
367 13368 0.21484375000000000000 -0.41015625000000000000 0 0 1 0 8 370 364 372 366 360 368 361 369 
368 13369 0.17578125000000000000 -0.44921875000000000000 0 0 1 0 8 369 367 391 357 355 379 366 390 
369 13370 0.21484375000000000000 -0.44921875000000000000 0 0 1 0 8 372 370 394 368 366 390 367 391 
370 13371 0.25390625000000000000 -0.41015625000000000000 0 0 1 0 8 371 365 373 367 361 369 364 372 
371 13372 0.29296875000000000000 -0.41015625000000000000 0 0 1 0 8 414 408 416 370 364 372 365 373 
372 13373 0.25390625000000000000 -0.44921875000000000000 0 0 1 0 8 373 371 395 369 367 391 370 394 
373 13374 0.29296875000000000000 -0.44921875000000000000 0 0 1 0 8 416 414 422 372 370 394 371 395 
374 13375 0.01953125000000000000 -0.48828125000000000000 0 0 1 0 8 375 353 377 187 165 189 352 376 
375 13376 0.05859375000000000000 -0.48828125000000000000 0 0 1 0 8 378 356 380 374 352 376 353 377 
376 13377 0.01953125000000000000 -0.52734375000000000000 0 0 1 0 8 377 375 383 189 187 195 374 382 
377 13378 0.05859375000000000000 -0.52734375000000000000 0 0 1 0 8 380 378 386 376 374 382 375 383 
378 13379 0.09765625000000000000 -0.48828125000000000000 0 0 1 0 8 379 357 381 375 353 377 356 380 
379 13380 0.13671875000000000000 -0.48828125000000000000 0 0 1 0 8 390 368 392 378 356 380 357 381 
380 13381 0.09765625000000000000 -0.52734375000000000000 0 0 1 0 8 381 379 387 377 375 383 378 386 
381 13382 0.13671875000000000000 -0.52734375000000000000 0 0 1 0 8 392 390 398 380 378 386 379 387 
382 13383 0.01953125000000000000 -0.56640625000000000000 0 0 1 0 8 383 377 385 195 189 197 376 384 
383 13384 0.05859375000000000000 -0.56640625000000000000 0 0 1 0 8 386 380 388 382 376 384 377 385 
384 13385 0.01953125000000000000 -0.60546875000000000000 0 0 1 0 8 385 383 438 197 195 201 382 439 
385 13386 0.05859375000000000000 -0.60546875000000000000 0 0 1 0 8 388 386 439 384 382 438 383 201 
386 13387 0.09765625000000000000 -0.56640625000000000000 0 0 1 0 8 387 381 389 383 377 385 380 388 
387 13388 0.13671875000000000000 -0.56640625000000000000 0 0 1 0 8 398 392 400 386 380 388 381 389 
388 13389 0.09765625000000000000 -0.60546875000000000000 0 0 1 0 8 389 387 439 385 383 438 386 440 
389 13390 0.13671875000000000000 -0.60546875000000000000 0 0 1 0 8 400 398 440 388 386 439 387 438 
390 13391 0.17578125000000000000 -0.48828125000000000000 0 0 1 0 8 391 369 393 379 357 381 368 392 
391 13392 0.21484375000000000000 -0.48828125000000000000 0 0 1 0 8 394 372 396 390 368 392 369 393 
392 13393 0.17578125000000000000 -0.52734375000000000000 0 0 1 0 8 393 391 399 381 379 387 390 398 
393 13394 0.21484375000000000000 -0.52734375000000000000 0 0 1 0 8 396 394 402 392 390 398 391 399 
394 13395 0.25390625000000000000 -0.48828125000000000000 0 0 1 0 8 395 373 397 391 369 393 372 396 
395 13396 0.29296875000000000000 -0.48828125000000000000 0 0 1 0 8 422 416 424 394 372 396 373 397 
396 13397 0.25390625000000000000 -0.52734375000000000000 0 0 1 0 8 397 395 403 393 391 399 394 402 
397 13398 0.29296875000000000000 -0.52734375000000000000 0 0 1 0 8 424 422 430 396 394 402 395 403 
398 13399 0.17578125000000000000 -0.56640625000000000000 0 0 1 0 8 399 393 401 387 381 389 392 400 
399 13400 0.21484375000000000000 -0.56640625000000000000 0 0 1 0 8 402 396 404 398 392 400 393 401 
400 13401 0.17578125000000000000 -0.60546875000000000000 0 0 1 0 8 401 399 440 389 387 439 398 441 
401 13402 0.21484375000000000000 -0.60546875000000000000 0 0 1 0 8 404 402 441 400 398 440 399 439 
402 13403 0.25390625000000000000 -0.56640625000000000000 0 0 1 0 8 403 397 405 399 393 401 396 404 
403 13404 0.29296875000000000000 -0.56640625000000000000 0 0 1 0 8 430 424 432 402 396 404 397 405 
404 13405 0.25390625000000000000 -0.60546875000000000000 0 0 1 0 8 405 403 441 401 399 440 402 442 
405 13406 0.29296875000000000000 -0.60546875000000000000 0 0 1 0 8 432 430 442 404 402 441 403 440 
406 13407 0.33203125000000000000 -0.33203125000000000000 0 0 1 0 9 407 334 409 363 313 365 331 330 408 
407 13408 0.37109375000000000000 -0.33203125000000000000 0 0 1 0 9 410 339 412 406 331 408 335 334 409 
408 13409 0.33203125000000000000 -0.37109375000000000000 0 0 1 0 8 409 407 415 365 363 371 406 414 
409 13410 0.37109375000000000000 -0.37109375000000000000 0 0 1 0 8 412 410 418 408 406 414 407 415 
410 13411 0.41015625000000000000 -0.33203125000000000000 0 0 1 0 9 411 341 413 407 335 409 340 339 412 
411 13412 0.44921875000000000000 -0.33203125000000000000 0 0 1 0 9 524 523 525 410 340 412 522 341 413 
412 13413 0.41015625000000000000 -0.37109375000000000000 0 0 1 0 8 413 411 419 409 407 415 410 418 
413 13414 0.44921875000000000000 -0.37109375000000000000 0 0 1 0 8 525 524 526 412 410 418 411 419 
414 13415 0.33203125000000000000 -0.41015625000000000000 0 0 1 0 8 415 409 417 371 365 373 408 416 
415 13416 0.37109375000000000000 -0.41015625000000000000 0 0 1 0 8 418 412 420 414 408 416 409 417 
416 13417 0.33203125000000000000 -0.44921875000000000000 0 0 1 0 8 417 415 423 373 371 395 414 422 
417 13418 0.37109375000000000000 -0.44921875000000000000 0 0 1 0 8 420 418 426 416 414 422 415 423 
418 13419 0.41015625000000000000 -0.41015625000000000000 0 0 1 0 8 419 413 421 415 409 417 412 420 
419 13420 0.44921875000000000000 -0.41015625000000000000 0 0 1 0 8 526 525 527 418 412 420 413 421 
420 13421 0.41015625000000000000 -0.44921875000000000000 0 0 1 0 8 421 419 427 417 415 423 418 426 
421 13422 0.44921875000000000000 -0.44921875000000000000 0 0 1 0 8 527 526 528 420 418 426 419 427 
422 13423 0.33203125000000000000 -0.48828125000000000000 0 0 1 0 8 423 417 425 395 373 397 416 424 
423 13424 0.37109375000000000000 -0.48828125000000000000 0 0 1 0 8 426 420 428 422 416 424 417 425 
424 13425 0.33203125000000000000 -0.52734375000000000000 0 0 1 0 8 425 423 431 397 395 403 422 430 
425 13426 0.37109375000000000000 -0.52734375000000000000 0 0 1 0 8 428 426 434 424 422 430 423 431 
426 13427 0.41015625000000000000 -0.48828125000000000000 0 0 1 0 8 427 421 429 423 417 425 420 428 
427 13428 0.44921875000000000000 -0.48828125000000000000 0 0 1 0 8 528 527 529 426 420 428 421 429 
428 13429 0.41015625000000000000 -0.52734375000000000000 0 0 1 0 8 429 427 435 425 423 431 426 434 
429 13430 0.44921875000000000000 -0.52734375000000000000 0 0 1 0 8 529 528 530 428 426 434 427 435 
430 13431 0.33203125000000000000 -0.56640625000000000000 0 0 1 0 8 431 425 433 403 397 405 424 432 
431 13432 0.37109375000000000000 -0.56640625000000000000 0 0 1 0 8 434 428 436 430 424 432 425 433 
432 13433 0.33203125000000000000 -0.60546875000000000000 0 0 1 0 8 433 431 442 405 403 441 430 443 
433 13434 0.37109375000000000000 -0.60546875000000000000 0 0 1 0 8 436 434 443 432 430 442 431 441 
434 13435 0.41015625000000000000 -0.56640625000000000000 0 0 1 0 8 435 429 437 431 425 433 428 436 
435 13436 0.44921875000000000000 -0.56640625000000000000 0 0 1 0 8 530 529 531 434 428 436 429 437 
436 13437 0.41015625000000000000 -0.60546875000000000000 0 0 1 0 8 437 435 443 433 431 442 434 538 
437 13438 0.44921875000000000000 -0.60546875000000000000 0 0 1 0 8 531 530 538 436 434 443 435 442 
438 13439 0.03906250000000000000 -0.66406250000000000000 0 0 1 0 9 439 388 533 201 197 491 385 384 532 
439 13440 0.11718750000000000000 -0.66406250000000000000 0 0 1 0 9 440 400 534 438 385 532 389 388 533 
440 13441 0.19531250000000000000 -0.66406250000000000000 0 0 1 0 9 441 404 535 439 389 533 401 400 534 
441 13442 0.27343750000000000000 -0.66406250000000000000 0 0 1 0 9 442 432 536 440 401 534 405 404 535 
442 13443 0.35156250000000000000 -0.66406250000000000000 0 0 1 0 9 443 436 537 441 405 535 433 432 536 
443 13444 0.42968750000000000000 -0.66406250000000000000 0 0 1 0 9 538 531 539 442 433 536 437 436 537 
444 16660 -0.35156250000000000000 0.11718750000000000000 38 
445 16661 -0.42968750000000000000 0.03906250000000000000 38 
446 16662 -0.35156250000000000000 0.03906250000000000000 38 
447 16735 -0.29296875000000000000 0.05859375000000000000 38 
448 16736 -0.25390625000000000000 0.05859375000000000000 38 
449 16737 -0.21484375000000000000 0.05859375000000000000 38 
450 12598 -0.17578125000000000000 0.05859375000000000000 29 
451 12599 -0.17578125000000000000 0.01953125000000000000 29 
452 12689 -0.14648437500000000000 0.00976562500000000000 29 
453 16907 -0.70312500000000000000 -0.07812500000000000000 38 
454 16909 -0.70312500000000000000 -0.23437500000000000000 38 
455 13446 -0.70312500000000000000 -0.39062500000000000000 31 
456 13447 -0.70312500000000000000 -0.54687500000000000000 31 
457 16911 -0.50781250000000000000 -0.03906250000000000000 38 
458 16912 -0.58593750000000000000 -0.11718750000000000000 38 
459 16913 -0.50781250000000000000 -0.11718750000000000000 38 
460 16914 -0.42968750000000000000 -0.03906250000000000000 38 
461 16915 -0.58593750000000000000 -0.19531250000000000000 38 
462 12988 -0.14648437500000000000 -0.00976562500000000000 29 
463 12990 -0.14648437500000000000 -0.02929687500000000000 29 
464 12991 -0.12695312500000000000 -0.02929687500000000000 29 
465 12994 -0.10742187500000000000 -0.02929687500000000000 29 
466 9144 -0.10742187500000000000 -0.04882812500000000000 21 
467 9146 -0.10742187500000000000 -0.06835937500000000000 21 
468 9147 -0.08789062500000000000 -0.06835937500000000000 21 
469 9278 -0.08789062500000000000 -0.08789062500000000000 21 
470 9279 -0.08789062500000000000 -0.10742187500000000000 21 
471 9280 -0.08789062500000000000 -0.12695312500000000000 21 
472 9315 -0.07324218750000000000 -0.13183593750000000000 21 
473 9321 -0.07324218750000000000 -0.14160156250000000000 21 
474 9323 -0.07324218750000000000 -0.15136718750000000000 21 
475 9324 -0.06347656250000000000 -0.15136718750000000000 21 
476 9327 -0.05371093750000000000 -0.15136718750000000000 21 
477 9345 -0.04882812500000000000 -0.16601562500000000000 21 
478 9346 -0.02929687500000000000 -0.16601562500000000000 21 
479 9347 -0.00976562500000000000 -0.16601562500000000000 21 
480 13448 -0.58593750000000000000 -0.42968750000000000000 31 
481 13449 -0.58593750000000000000 -0.50781250000000000000 31 
482 13450 -0.50781250000000000000 -0.50781250000000000000 31 
483 13452 -0.50781250000000000000 -0.58593750000000000000 31 
484 13453 -0.42968750000000000000 -0.58593750000000000000 31 
485 13462 -0.42968750000000000000 -0.66406250000000000000 31 
486 13463 -0.35156250000000000000 -0.66406250000000000000 31 
487 13465 -0.35156250000000000000 -0.74218750000000000000 31 
488 13474 -0.27343750000000000000 -0.74218750000000000000 31 
489 13475 -0.19531250000000000000 -0.74218750000000000000 31 
490 13476 -0.11718750000000000000 -0.74218750000000000000 31 
491 13477 -0.03906250000000000000 -0.74218750000000000000 31 
492 9585 0.00976562500000000000 -0.16601562500000000000 21 
493 9586 0.02929687500000000000 -0.16601562500000000000 21 
494 9587 0.04882812500000000000 -0.16601562500000000000 21 
495 9588 0.06835937500000000000 -0.16601562500000000000 21 
496 10867 0.08789062500000000000 -0.16601562500000000000 24 
497 10868 0.10742187500000000000 -0.16601562500000000000 24 
498 10869 0.12695312500000000000 -0.16601562500000000000 24 
499 10870 0.14648437500000000000 -0.16601562500000000000 24 
500 10871 0.16601562500000000000 -0.16601562500000000000 24 
501 10872 0.18554687500000000000 -0.16601562500000000000 24 
502 10873 0.20507812500000000000 -0.16601562500000000000 24 
503 10874 0.22460937500000000000 -0.16601562500000000000 24 
504 9925 0.24414062500000000000 -0.16601562500000000000 22 
505 9926 0.26367187500000000000 -0.16601562500000000000 22 
506 9927 0.28320312500000000000 -0.16601562500000000000 22 
507 13897 0.30273437500000000000 -0.16601562500000000000 32 
508 14274 0.32226562500000000000 -0.16601562500000000000 32 
509 14275 0.34179687500000000000 -0.16601562500000000000 32 
510 14276 0.34179687500000000000 -0.18554687500000000000 32 
511 14279 0.36132812500000000000 -0.18554687500000000000 32 
512 14281 0.36132812500000000000 -0.20507812500000000000 32 
513 14282 0.38085937500000000000 -0.20507812500000000000 32 
514 14283 0.38085937500000000000 -0.22460937500000000000 32 
515 14294 0.40039062500000000000 -0.22460937500000000000 32 
516 14300 0.40039062500000000000 -0.24414062500000000000 32 
517 14301 0.41992187500000000000 -0.24414062500000000000 32 
518 14302 0.41992187500000000000 -0.26367187500000000000 32 
519 14756 0.43945312500000000000 -0.26367187500000000000 34 
520 14758 0.43945312500000000000 -0.28320312500000000000 34 
521 14759 0.45898437500000000000 -0.28320312500000000000 34 
522 14760 0.45898437500000000000 -0.30273437500000000000 34 
523 14797 0.47851562500000000000 -0.30273437500000000000 34 
524 14819 0.48828125000000000000 -0.33203125000000000000 34 
525 14821 0.48828125000000000000 -0.37109375000000000000 34 
526 14827 0.48828125000000000000 -0.41015625000000000000 34 
527 14829 0.48828125000000000000 -0.44921875000000000000 34 
528 14835 0.48828125000000000000 -0.48828125000000000000 34 
529 14837 0.48828125000000000000 -0.52734375000000000000 34 
530 14843 0.48828125000000000000 -0.56640625000000000000 34 
531 14845 0.48828125000000000000 -0.60546875000000000000 34 
532 13577 0.03906250000000000000 -0.74218750000000000000 31 
533 13578 0.11718750000000000000 -0.74218750000000000000 31 
534 13579 0.19531250000000000000 -0.74218750000000000000 31 
535 13580 0.27343750000000000000 -0.74218750000000000000 31 
536 13589 0.35156250000000000000 -0.74218750000000000000 31 
537 13590 0.42968750000000000000 -0.74218750000000000000 31 
538 15156 0.50781250000000000000 -0.66406250000000000000 34 
539 13591 0.50781250000000000000 -0.74218750000000000000 31 
