500 420 80
1 10455 0.14214794000000000040 -0.05229143399999999775 421 2 0 1 7 2 78 79 81 82 438 421 
2 10456 0.14045585580070271692 -0.05210556766933497480 1 3 0 1 5 82 78 79 1 3 
3 10457 0.13876411178593858753 -0.05191648576046355157 2 4 0 1 8 2 4 67 69 78 79 81 82 
4 10458 0.13538172000000001094 -0.05152849600000000002 3 5 0 1 8 78 45 63 66 65 67 3 5 
5 10459 0.12875519999999998633 -0.05072856299999999735 4 6 0 1 7 4 6 34 43 44 47 49 
6 10460 0.12227090999999999654 -0.04989207600000000048 5 7 0 1 7 5 7 31 32 33 34 36 
7 10461 0.12068533201706686808 -0.04967905602455876396 6 8 0 1 5 33 31 32 6 8 
8 10462 0.11910019653111093840 -0.04946265629286659277 7 9 0 1 7 7 10 31 32 9 33 35 
9 10463 0.11593133999999999384 -0.04901951200000000120 8 422 0 1 8 31 35 428 429 10 37 8 422 
10 10464 0.11474609375000000000 -0.05615234375000000000 0 0 1 0 10 35 31 37 84 429 428 19 9 20 86 
11 10465 0.08544921875000000000 -0.07080078125000000000 0 0 1 0 8 14 432 16 434 430 12 431 13 
12 10466 0.08056640625000000000 -0.07568359375000000000 0 0 1 0 8 13 11 198 426 424 193 434 197 
13 10467 0.08544921875000000000 -0.07568359375000000000 0 0 1 0 8 16 14 201 12 434 197 11 198 
14 10468 0.09033203125000000000 -0.07080078125000000000 0 0 1 0 8 15 433 17 11 431 13 432 16 
15 10469 0.09521484375000000000 -0.07080078125000000000 0 0 1 0 8 23 437 25 14 432 16 433 17 
16 10470 0.09033203125000000000 -0.07568359375000000000 0 0 1 0 8 17 15 202 13 11 198 14 201 
17 10471 0.09521484375000000000 -0.07568359375000000000 0 0 1 0 8 25 23 213 16 14 201 15 202 
18 10472 0.10498046875000000000 -0.06591796875000000000 0 0 1 0 8 21 19 27 437 435 23 436 24 
19 10473 0.10986328125000000000 -0.06103515625000000000 0 0 1 0 8 20 10 22 436 427 18 429 21 
20 10474 0.11474609375000000000 -0.06103515625000000000 0 0 1 0 10 84 37 86 92 19 429 21 10 22 94 
21 10475 0.10986328125000000000 -0.06591796875000000000 0 0 1 0 8 22 20 28 18 436 24 19 27 
22 10476 0.11474609375000000000 -0.06591796875000000000 0 0 1 0 10 92 86 94 116 21 19 27 20 28 118 
23 10477 0.10009765625000000000 -0.07080078125000000000 0 0 1 0 8 24 18 26 15 433 17 437 25 
24 10478 0.10498046875000000000 -0.07080078125000000000 0 0 1 0 8 27 21 29 23 437 25 18 26 
25 10479 0.10009765625000000000 -0.07568359375000000000 0 0 1 0 8 26 24 214 17 15 202 23 213 
26 10480 0.10498046875000000000 -0.07568359375000000000 0 0 1 0 8 29 27 217 25 23 213 24 214 
27 10481 0.10986328125000000000 -0.07080078125000000000 0 0 1 0 8 28 22 30 24 18 26 21 29 
28 10482 0.11474609375000000000 -0.07080078125000000000 0 0 1 0 10 116 94 118 124 27 21 29 22 30 126 
29 10483 0.10986328125000000000 -0.07568359375000000000 0 0 1 0 8 30 28 218 26 24 214 27 217 
30 10484 0.11474609375000000000 -0.07568359375000000000 0 0 1 0 9 124 118 126 261 29 27 217 28 218 
31 10485 0.11840820312500000000 -0.05249023437500000000 0 0 1 0 7 32 7 36 9 10 8 35 
32 10486 0.12084960937500000000 -0.05249023437500000000 0 0 1 0 8 33 6 39 31 8 35 7 36 
33 10487 0.12329101562500000000 -0.05249023437500000000 0 0 1 0 7 34 40 32 7 36 6 39 
34 10488 0.12573242187500000000 -0.05249023437500000000 0 0 1 0 8 43 5 46 33 6 39 40 48 
35 10489 0.11840820312500000000 -0.05493164062500000000 0 0 1 0 8 36 32 38 10 9 20 31 37 
36 10490 0.12084960937500000000 -0.05493164062500000000 0 0 1 0 8 39 33 41 35 31 37 32 38 
37 10491 0.11840820312500000000 -0.05737304687500000000 0 0 1 0 8 38 36 85 10 9 20 35 84 
38 10492 0.12084960937500000000 -0.05737304687500000000 0 0 1 0 8 41 39 88 37 35 84 36 85 
39 10493 0.12329101562500000000 -0.05493164062500000000 0 0 1 0 8 40 34 42 36 32 38 33 41 
40 10494 0.12573242187500000000 -0.05493164062500000000 0 0 1 0 10 46 43 48 54 39 33 41 34 42 56 
41 10495 0.12329101562500000000 -0.05737304687500000000 0 0 1 0 8 42 40 89 38 36 85 39 88 
42 10496 0.12573242187500000000 -0.05737304687500000000 0 0 1 0 9 54 48 56 100 41 39 88 40 89 
43 10497 0.12817382812500000000 -0.05249023437500000000 0 0 1 0 8 44 50 34 40 5 46 47 52 
44 10498 0.13061523437500000000 -0.05249023437500000000 0 0 1 0 9 45 62 43 5 47 50 49 51 64 
45 10499 0.13305664062500000000 -0.05249023437500000000 0 0 1 0 9 68 62 63 5 44 4 51 66 53 
46 10500 0.12756347656250000000 -0.05432128906250000000 0 0 1 0 8 47 43 49 40 34 42 44 48 
47 10501 0.12878417968750000000 -0.05432128906250000000 0 0 1 0 8 50 44 52 46 43 48 34 49 
48 10502 0.12756347656250000000 -0.05554199218750000000 0 0 1 0 8 49 47 55 40 34 42 46 54 
49 10503 0.12878417968750000000 -0.05554199218750000000 0 0 1 0 8 52 50 58 48 46 54 47 55 
50 10504 0.13000488281250000000 -0.05432128906250000000 0 0 1 0 8 51 44 53 47 43 49 45 52 
51 10505 0.13122558593750000000 -0.05432128906250000000 0 0 1 0 8 62 45 64 50 44 52 43 53 
52 10506 0.13000488281250000000 -0.05554199218750000000 0 0 1 0 8 53 51 59 49 47 55 50 58 
53 10507 0.13122558593750000000 -0.05554199218750000000 0 0 1 0 8 64 62 70 52 50 58 51 59 
54 10508 0.12756347656250000000 -0.05676269531250000000 0 0 1 0 8 55 49 57 42 40 89 48 56 
55 10509 0.12878417968750000000 -0.05676269531250000000 0 0 1 0 8 58 52 60 54 48 56 49 57 
56 10510 0.12756347656250000000 -0.05798339843750000000 0 0 1 0 8 57 55 100 42 40 89 54 101 
57 10511 0.12878417968750000000 -0.05798339843750000000 0 0 1 0 8 60 58 101 56 54 100 55 89 
58 10512 0.13000488281250000000 -0.05676269531250000000 0 0 1 0 8 59 53 61 55 49 57 52 60 
59 10513 0.13122558593750000000 -0.05676269531250000000 0 0 1 0 8 70 64 72 58 52 60 53 61 
60 10514 0.13000488281250000000 -0.05798339843750000000 0 0 1 0 8 61 59 101 57 55 100 58 104 
61 10515 0.13122558593750000000 -0.05798339843750000000 0 0 1 0 8 72 70 104 60 58 101 59 100 
62 10516 0.13244628906250000000 -0.05432128906250000000 0 0 1 0 8 63 45 65 51 44 53 4 64 
63 10517 0.13366699218750000000 -0.05432128906250000000 0 0 1 0 8 66 4 68 62 45 64 44 65 
64 10518 0.13244628906250000000 -0.05554199218750000000 0 0 1 0 8 65 63 71 53 51 59 62 70 
65 10519 0.13366699218750000000 -0.05554199218750000000 0 0 1 0 8 68 66 74 64 62 70 63 71 
66 10520 0.13488769531250000000 -0.05432128906250000000 0 0 1 0 8 67 4 69 63 45 65 3 68 
67 10521 0.13610839843750000000 -0.05432128906250000000 0 0 1 0 8 78 3 80 66 4 68 45 69 
68 10522 0.13488769531250000000 -0.05554199218750000000 0 0 1 0 8 69 67 75 65 63 71 66 74 
69 10523 0.13610839843750000000 -0.05554199218750000000 0 0 1 0 8 78 3 80 68 66 74 67 75 
70 10524 0.13244628906250000000 -0.05676269531250000000 0 0 1 0 8 71 65 73 59 53 61 64 72 
71 10525 0.13366699218750000000 -0.05676269531250000000 0 0 1 0 8 74 68 76 70 64 72 65 73 
72 10526 0.13244628906250000000 -0.05798339843750000000 0 0 1 0 8 73 71 104 61 59 101 70 105 
73 10527 0.13366699218750000000 -0.05798339843750000000 0 0 1 0 8 76 74 105 72 70 104 71 101 
74 10528 0.13488769531250000000 -0.05676269531250000000 0 0 1 0 8 75 69 77 71 65 73 68 76 
75 10529 0.13610839843750000000 -0.05676269531250000000 0 0 1 0 8 80 78 148 74 68 76 69 77 
76 10530 0.13488769531250000000 -0.05798339843750000000 0 0 1 0 8 77 75 105 73 71 104 74 148 
77 10531 0.13610839843750000000 -0.05798339843750000000 0 0 1 0 8 80 78 148 76 74 105 75 104 
78 10532 0.13793945312500000000 -0.05493164062500000000 0 0 1 0 10 79 2 81 67 4 69 75 3 80 77 
79 10533 0.14038085937500000000 -0.05493164062500000000 0 0 1 0 8 82 1 83 78 3 80 2 81 
80 10534 0.13793945312500000000 -0.05737304687500000000 0 0 1 0 9 81 79 149 75 69 77 105 78 148 
81 10535 0.14038085937500000000 -0.05737304687500000000 0 0 1 0 8 83 82 152 80 78 148 79 149 
82 10536 0.14282226562500000000 -0.05493164062500000000 0 0 1 0 7 438 439 79 2 81 1 83 
83 10537 0.14282226562500000000 -0.05737304687500000000 0 0 1 0 8 439 438 153 81 79 149 82 152 
84 10538 0.11840820312500000000 -0.05981445312500000000 0 0 1 0 8 85 38 87 20 10 22 37 86 
85 10539 0.12084960937500000000 -0.05981445312500000000 0 0 1 0 8 88 41 90 84 37 86 38 87 
86 10540 0.11840820312500000000 -0.06225585937500000000 0 0 1 0 8 87 85 93 20 10 22 84 92 
87 10541 0.12084960937500000000 -0.06225585937500000000 0 0 1 0 8 90 88 96 86 84 92 85 93 
88 10542 0.12329101562500000000 -0.05981445312500000000 0 0 1 0 8 89 42 91 85 38 87 41 90 
89 10543 0.12573242187500000000 -0.05981445312500000000 0 0 1 0 8 100 56 102 88 41 90 42 91 
90 10544 0.12329101562500000000 -0.06225585937500000000 0 0 1 0 8 91 89 97 87 85 93 88 96 
91 10545 0.12573242187500000000 -0.06225585937500000000 0 0 1 0 8 102 100 108 90 88 96 89 97 
92 10546 0.11840820312500000000 -0.06469726562500000000 0 0 1 0 8 93 87 95 22 20 28 86 94 
93 10547 0.12084960937500000000 -0.06469726562500000000 0 0 1 0 8 96 90 98 92 86 94 87 95 
94 10548 0.11840820312500000000 -0.06713867187500000000 0 0 1 0 8 95 93 117 22 20 28 92 116 
95 10549 0.12084960937500000000 -0.06713867187500000000 0 0 1 0 8 98 96 120 94 92 116 93 117 
96 10550 0.12329101562500000000 -0.06469726562500000000 0 0 1 0 8 97 91 99 93 87 95 90 98 
97 10551 0.12573242187500000000 -0.06469726562500000000 0 0 1 0 8 108 102 110 96 90 98 91 99 
98 10552 0.12329101562500000000 -0.06713867187500000000 0 0 1 0 8 99 97 121 95 93 117 96 120 
99 10553 0.12573242187500000000 -0.06713867187500000000 0 0 1 0 8 110 108 132 98 96 120 97 121 
100 10554 0.12817382812500000000 -0.05981445312500000000 0 0 1 0 9 101 60 103 89 42 91 57 56 102 
101 10555 0.13061523437500000000 -0.05981445312500000000 0 0 1 0 9 104 72 106 100 57 102 61 60 103 
102 10556 0.12817382812500000000 -0.06225585937500000000 0 0 1 0 8 103 101 109 91 89 97 100 108 
103 10557 0.13061523437500000000 -0.06225585937500000000 0 0 1 0 8 106 104 112 102 100 108 101 109 
104 10558 0.13305664062500000000 -0.05981445312500000000 0 0 1 0 9 105 76 107 101 61 103 73 72 106 
105 10559 0.13549804687500000000 -0.05981445312500000000 0 0 1 0 9 148 80 150 104 73 106 77 76 107 
106 10560 0.13305664062500000000 -0.06225585937500000000 0 0 1 0 8 107 105 113 103 101 109 104 112 
107 10561 0.13549804687500000000 -0.06225585937500000000 0 0 1 0 8 150 148 156 106 104 112 105 113 
108 10562 0.12817382812500000000 -0.06469726562500000000 0 0 1 0 8 109 103 111 97 91 99 102 110 
109 10563 0.13061523437500000000 -0.06469726562500000000 0 0 1 0 8 112 106 114 108 102 110 103 111 
110 10564 0.12817382812500000000 -0.06713867187500000000 0 0 1 0 8 111 109 133 99 97 121 108 132 
111 10565 0.13061523437500000000 -0.06713867187500000000 0 0 1 0 8 114 112 136 110 108 132 109 133 
112 10566 0.13305664062500000000 -0.06469726562500000000 0 0 1 0 8 113 107 115 109 103 111 106 114 
113 10567 0.13549804687500000000 -0.06469726562500000000 0 0 1 0 8 156 150 158 112 106 114 107 115 
114 10568 0.13305664062500000000 -0.06713867187500000000 0 0 1 0 8 115 113 137 111 109 133 112 136 
115 10569 0.13549804687500000000 -0.06713867187500000000 0 0 1 0 8 158 156 165 114 112 136 113 137 
116 10570 0.11840820312500000000 -0.06958007812500000000 0 0 1 0 8 117 95 119 28 22 30 94 118 
117 10571 0.12084960937500000000 -0.06958007812500000000 0 0 1 0 8 120 98 122 116 94 118 95 119 
118 10572 0.11840820312500000000 -0.07202148437500000000 0 0 1 0 8 119 117 125 28 22 30 116 124 
119 10573 0.12084960937500000000 -0.07202148437500000000 0 0 1 0 8 122 120 128 118 116 124 117 125 
120 10574 0.12329101562500000000 -0.06958007812500000000 0 0 1 0 8 121 99 123 117 95 119 98 122 
121 10575 0.12573242187500000000 -0.06958007812500000000 0 0 1 0 8 132 110 134 120 98 122 99 123 
122 10576 0.12329101562500000000 -0.07202148437500000000 0 0 1 0 8 123 121 129 119 117 125 120 128 
123 10577 0.12573242187500000000 -0.07202148437500000000 0 0 1 0 8 134 132 140 122 120 128 121 129 
124 10578 0.11840820312500000000 -0.07446289062500000000 0 0 1 0 8 125 119 127 30 28 218 118 126 
125 10579 0.12084960937500000000 -0.07446289062500000000 0 0 1 0 8 128 122 130 124 118 126 119 127 
126 10580 0.11840820312500000000 -0.07690429687500000000 0 0 1 0 8 127 125 261 30 28 218 124 262 
127 10581 0.12084960937500000000 -0.07690429687500000000 0 0 1 0 8 130 128 262 126 124 261 125 218 
128 10582 0.12329101562500000000 -0.07446289062500000000 0 0 1 0 8 129 123 131 125 119 127 122 130 
129 10583 0.12573242187500000000 -0.07446289062500000000 0 0 1 0 8 140 134 142 128 122 130 123 131 
130 10584 0.12329101562500000000 -0.07690429687500000000 0 0 1 0 8 131 129 262 127 125 261 128 265 
131 10585 0.12573242187500000000 -0.07690429687500000000 0 0 1 0 8 142 140 265 130 128 262 129 261 
132 10586 0.12817382812500000000 -0.06958007812500000000 0 0 1 0 8 133 111 135 121 99 123 110 134 
133 10587 0.13061523437500000000 -0.06958007812500000000 0 0 1 0 8 136 114 138 132 110 134 111 135 
134 10588 0.12817382812500000000 -0.07202148437500000000 0 0 1 0 8 135 133 141 123 121 129 132 140 
135 10589 0.13061523437500000000 -0.07202148437500000000 0 0 1 0 8 138 136 144 134 132 140 133 141 
136 10590 0.13305664062500000000 -0.06958007812500000000 0 0 1 0 8 137 115 139 133 111 135 114 138 
137 10591 0.13549804687500000000 -0.06958007812500000000 0 0 1 0 8 165 158 167 136 114 138 115 139 
138 10592 0.13305664062500000000 -0.07202148437500000000 0 0 1 0 8 139 137 145 135 133 141 136 144 
139 10593 0.13549804687500000000 -0.07202148437500000000 0 0 1 0 8 167 165 173 138 136 144 137 145 
140 10594 0.12817382812500000000 -0.07446289062500000000 0 0 1 0 8 141 135 143 129 123 131 134 142 
141 10595 0.13061523437500000000 -0.07446289062500000000 0 0 1 0 8 144 138 146 140 134 142 135 143 
142 10596 0.12817382812500000000 -0.07690429687500000000 0 0 1 0 8 143 141 265 131 129 262 140 266 
143 10597 0.13061523437500000000 -0.07690429687500000000 0 0 1 0 8 146 144 266 142 140 265 141 262 
144 10598 0.13305664062500000000 -0.07446289062500000000 0 0 1 0 8 145 139 147 141 135 143 138 146 
145 10599 0.13549804687500000000 -0.07446289062500000000 0 0 1 0 8 173 167 175 144 138 146 139 147 
146 10600 0.13305664062500000000 -0.07690429687500000000 0 0 1 0 8 147 145 266 143 141 265 144 277 
147 10601 0.13549804687500000000 -0.07690429687500000000 0 0 1 0 8 175 173 277 146 144 266 145 265 
148 10602 0.13793945312500000000 -0.05981445312500000000 0 0 1 0 8 149 81 151 105 77 107 80 150 
149 10603 0.14038085937500000000 -0.05981445312500000000 0 0 1 0 8 152 83 154 148 80 150 81 151 
150 10604 0.13793945312500000000 -0.06225585937500000000 0 0 1 0 8 151 149 157 107 105 113 148 156 
151 10605 0.14038085937500000000 -0.06225585937500000000 0 0 1 0 8 154 152 160 150 148 156 149 157 
152 10606 0.14282226562500000000 -0.05981445312500000000 0 0 1 0 8 153 439 155 149 81 151 83 154 
153 10607 0.14526367187500000000 -0.05981445312500000000 0 0 1 0 8 441 440 442 152 83 154 439 155 
154 10608 0.14282226562500000000 -0.06225585937500000000 0 0 1 0 8 155 153 161 151 149 157 152 160 
155 10609 0.14526367187500000000 -0.06225585937500000000 0 0 1 0 8 442 441 443 154 152 160 153 161 
156 10610 0.13793945312500000000 -0.06469726562500000000 0 0 1 0 8 157 151 159 113 107 115 150 158 
157 10611 0.14038085937500000000 -0.06469726562500000000 0 0 1 0 8 160 154 162 156 150 158 151 159 
158 10612 0.13793945312500000000 -0.06713867187500000000 0 0 1 0 8 159 157 166 115 113 137 156 165 
159 10613 0.14038085937500000000 -0.06713867187500000000 0 0 1 0 8 162 160 169 158 156 165 157 166 
160 10614 0.14282226562500000000 -0.06469726562500000000 0 0 1 0 8 161 155 163 157 151 159 154 162 
161 10615 0.14526367187500000000 -0.06469726562500000000 0 0 1 0 8 443 442 164 160 154 162 155 163 
162 10616 0.14282226562500000000 -0.06713867187500000000 0 0 1 0 8 163 161 170 159 157 166 160 169 
163 10617 0.14526367187500000000 -0.06713867187500000000 0 0 1 0 8 164 443 181 162 160 169 161 170 
164 10618 0.14770507812500000000 -0.06713867187500000000 0 0 1 0 8 445 444 182 163 161 170 443 181 
165 10619 0.13793945312500000000 -0.06958007812500000000 0 0 1 0 8 166 159 168 137 115 139 158 167 
166 10620 0.14038085937500000000 -0.06958007812500000000 0 0 1 0 8 169 162 171 165 158 167 159 168 
167 10621 0.13793945312500000000 -0.07202148437500000000 0 0 1 0 8 168 166 174 139 137 145 165 173 
168 10622 0.14038085937500000000 -0.07202148437500000000 0 0 1 0 8 171 169 177 167 165 173 166 174 
169 10623 0.14282226562500000000 -0.06958007812500000000 0 0 1 0 8 170 163 172 166 159 168 162 171 
170 10624 0.14526367187500000000 -0.06958007812500000000 0 0 1 0 8 181 164 183 169 162 171 163 172 
171 10625 0.14282226562500000000 -0.07202148437500000000 0 0 1 0 8 172 170 178 168 166 174 169 177 
172 10626 0.14526367187500000000 -0.07202148437500000000 0 0 1 0 8 183 181 186 171 169 177 170 178 
173 10627 0.13793945312500000000 -0.07446289062500000000 0 0 1 0 8 174 168 176 145 139 147 167 175 
174 10628 0.14038085937500000000 -0.07446289062500000000 0 0 1 0 8 177 171 179 173 167 175 168 176 
175 10629 0.13793945312500000000 -0.07690429687500000000 0 0 1 0 8 176 174 277 147 145 266 173 278 
176 10630 0.14038085937500000000 -0.07690429687500000000 0 0 1 0 8 179 177 278 175 173 277 174 266 
177 10631 0.14282226562500000000 -0.07446289062500000000 0 0 1 0 8 178 172 180 174 168 176 171 179 
178 10632 0.14526367187500000000 -0.07446289062500000000 0 0 1 0 8 186 183 188 177 171 179 172 180 
179 10633 0.14282226562500000000 -0.07690429687500000000 0 0 1 0 8 180 178 278 176 174 277 177 281 
180 10634 0.14526367187500000000 -0.07690429687500000000 0 0 1 0 8 188 186 281 179 177 278 178 277 
181 10635 0.14770507812500000000 -0.06958007812500000000 0 0 1 0 8 182 445 184 170 163 172 164 183 
182 10636 0.15014648437500000000 -0.06958007812500000000 0 0 1 0 8 447 446 185 181 164 183 445 184 
183 10637 0.14770507812500000000 -0.07202148437500000000 0 0 1 0 8 184 182 187 172 170 178 181 186 
184 10638 0.15014648437500000000 -0.07202148437500000000 0 0 1 0 8 185 447 190 183 181 186 182 187 
185 10639 0.15258789062500000000 -0.07202148437500000000 0 0 1 0 8 449 448 450 184 182 187 447 190 
186 10640 0.14770507812500000000 -0.07446289062500000000 0 0 1 0 8 187 184 189 178 172 180 183 188 
187 10641 0.15014648437500000000 -0.07446289062500000000 0 0 1 0 8 190 185 191 186 183 188 184 189 
188 10642 0.14770507812500000000 -0.07690429687500000000 0 0 1 0 8 189 187 281 180 178 278 186 282 
189 10643 0.15014648437500000000 -0.07690429687500000000 0 0 1 0 8 191 190 282 188 186 281 187 278 
190 10644 0.15258789062500000000 -0.07446289062500000000 0 0 1 0 8 450 449 192 187 184 189 185 191 
191 10645 0.15258789062500000000 -0.07690429687500000000 0 0 1 0 8 192 450 282 189 187 281 190 357 
192 10646 0.15502929687500000000 -0.07690429687500000000 0 0 1 0 8 461 460 357 191 190 282 450 281 
193 10647 0.07324218750000000000 -0.08300781250000000000 0 0 1 0 11 197 12 199 205 451 423 452 426 425 194 207 
194 10648 0.07324218750000000000 -0.09277343750000000000 0 0 1 0 10 205 199 207 229 452 451 453 193 195 231 
195 10649 0.07324218750000000000 -0.10253906250000000000 0 0 1 0 10 229 207 231 237 453 452 454 194 196 239 
196 10650 0.07324218750000000000 -0.11230468750000000000 0 0 1 0 9 237 231 239 325 454 453 455 195 456 
197 10651 0.08056640625000000000 -0.08056640625000000000 0 0 1 0 8 198 13 200 193 194 12 426 199 
198 10652 0.08544921875000000000 -0.08056640625000000000 0 0 1 0 8 201 16 203 197 12 199 13 200 
199 10653 0.08056640625000000000 -0.08544921875000000000 0 0 1 0 7 200 198 206 193 194 197 205 
200 10654 0.08544921875000000000 -0.08544921875000000000 0 0 1 0 8 203 201 209 199 197 205 198 206 
201 10655 0.09033203125000000000 -0.08056640625000000000 0 0 1 0 8 202 17 204 198 13 200 16 203 
202 10656 0.09521484375000000000 -0.08056640625000000000 0 0 1 0 8 213 25 215 201 16 203 17 204 
203 10657 0.09033203125000000000 -0.08544921875000000000 0 0 1 0 8 204 202 210 200 198 206 201 209 
204 10658 0.09521484375000000000 -0.08544921875000000000 0 0 1 0 8 215 213 221 203 201 209 202 210 
205 10659 0.08056640625000000000 -0.09033203125000000000 0 0 1 0 8 206 200 208 194 193 195 199 207 
206 10660 0.08544921875000000000 -0.09033203125000000000 0 0 1 0 8 209 203 211 205 199 207 200 208 
207 10661 0.08056640625000000000 -0.09521484375000000000 0 0 1 0 8 208 206 230 194 193 195 205 229 
208 10662 0.08544921875000000000 -0.09521484375000000000 0 0 1 0 8 211 209 233 207 205 229 206 230 
209 10663 0.09033203125000000000 -0.09033203125000000000 0 0 1 0 8 210 204 212 206 200 208 203 211 
210 10664 0.09521484375000000000 -0.09033203125000000000 0 0 1 0 8 221 215 223 209 203 211 204 212 
211 10665 0.09033203125000000000 -0.09521484375000000000 0 0 1 0 8 212 210 234 208 206 230 209 233 
212 10666 0.09521484375000000000 -0.09521484375000000000 0 0 1 0 8 223 221 245 211 209 233 210 234 
213 10667 0.10009765625000000000 -0.08056640625000000000 0 0 1 0 8 214 26 216 202 17 204 25 215 
214 10668 0.10498046875000000000 -0.08056640625000000000 0 0 1 0 8 217 29 219 213 25 215 26 216 
215 10669 0.10009765625000000000 -0.08544921875000000000 0 0 1 0 8 216 214 222 204 202 210 213 221 
216 10670 0.10498046875000000000 -0.08544921875000000000 0 0 1 0 8 219 217 225 215 213 221 214 222 
217 10671 0.10986328125000000000 -0.08056640625000000000 0 0 1 0 8 218 30 220 214 26 216 29 219 
218 10672 0.11474609375000000000 -0.08056640625000000000 0 0 1 0 8 261 126 263 217 29 219 30 220 
219 10673 0.10986328125000000000 -0.08544921875000000000 0 0 1 0 8 220 218 226 216 214 222 217 225 
220 10674 0.11474609375000000000 -0.08544921875000000000 0 0 1 0 8 263 261 269 219 217 225 218 226 
221 10675 0.10009765625000000000 -0.09033203125000000000 0 0 1 0 8 222 216 224 210 204 212 215 223 
222 10676 0.10498046875000000000 -0.09033203125000000000 0 0 1 0 8 225 219 227 221 215 223 216 224 
223 10677 0.10009765625000000000 -0.09521484375000000000 0 0 1 0 8 224 222 246 212 210 234 221 245 
224 10678 0.10498046875000000000 -0.09521484375000000000 0 0 1 0 8 227 225 249 223 221 245 222 246 
225 10679 0.10986328125000000000 -0.09033203125000000000 0 0 1 0 8 226 220 228 222 216 224 219 227 
226 10680 0.11474609375000000000 -0.09033203125000000000 0 0 1 0 8 269 263 271 225 219 227 220 228 
227 10681 0.10986328125000000000 -0.09521484375000000000 0 0 1 0 8 228 226 250 224 222 246 225 249 
228 10682 0.11474609375000000000 -0.09521484375000000000 0 0 1 0 8 271 269 293 227 225 249 226 250 
229 10683 0.08056640625000000000 -0.10009765625000000000 0 0 1 0 8 230 208 232 195 194 196 207 231 
230 10684 0.08544921875000000000 -0.10009765625000000000 0 0 1 0 8 233 211 235 229 207 231 208 232 
231 10685 0.08056640625000000000 -0.10498046875000000000 0 0 1 0 8 232 230 238 195 194 196 229 237 
232 10686 0.08544921875000000000 -0.10498046875000000000 0 0 1 0 8 235 233 241 231 229 237 230 238 
233 10687 0.09033203125000000000 -0.10009765625000000000 0 0 1 0 8 234 212 236 230 208 232 211 235 
234 10688 0.09521484375000000000 -0.10009765625000000000 0 0 1 0 8 245 223 247 233 211 235 212 236 
235 10689 0.09033203125000000000 -0.10498046875000000000 0 0 1 0 8 236 234 242 232 230 238 233 241 
236 10690 0.09521484375000000000 -0.10498046875000000000 0 0 1 0 8 247 245 253 235 233 241 234 242 
237 10691 0.08056640625000000000 -0.10986328125000000000 0 0 1 0 8 238 232 240 196 195 456 231 239 
238 10692 0.08544921875000000000 -0.10986328125000000000 0 0 1 0 8 241 235 243 237 231 239 232 240 
239 10693 0.08056640625000000000 -0.11474609375000000000 0 0 1 0 8 240 238 325 196 195 456 237 326 
240 10694 0.08544921875000000000 -0.11474609375000000000 0 0 1 0 8 243 241 326 239 237 325 238 456 
241 10695 0.09033203125000000000 -0.10986328125000000000 0 0 1 0 8 242 236 244 238 232 240 235 243 
242 10696 0.09521484375000000000 -0.10986328125000000000 0 0 1 0 8 253 247 255 241 235 243 236 244 
243 10697 0.09033203125000000000 -0.11474609375000000000 0 0 1 0 8 244 242 326 240 238 325 241 329 
244 10698 0.09521484375000000000 -0.11474609375000000000 0 0 1 0 8 255 253 329 243 241 326 242 325 
245 10699 0.10009765625000000000 -0.10009765625000000000 0 0 1 0 8 246 224 248 234 212 236 223 247 
246 10700 0.10498046875000000000 -0.10009765625000000000 0 0 1 0 8 249 227 251 245 223 247 224 248 
247 10701 0.10009765625000000000 -0.10498046875000000000 0 0 1 0 8 248 246 254 236 234 242 245 253 
248 10702 0.10498046875000000000 -0.10498046875000000000 0 0 1 0 8 251 249 257 247 245 253 246 254 
249 10703 0.10986328125000000000 -0.10009765625000000000 0 0 1 0 8 250 228 252 246 224 248 227 251 
250 10704 0.11474609375000000000 -0.10009765625000000000 0 0 1 0 8 293 271 295 249 227 251 228 252 
251 10705 0.10986328125000000000 -0.10498046875000000000 0 0 1 0 8 252 250 258 248 246 254 249 257 
252 10706 0.11474609375000000000 -0.10498046875000000000 0 0 1 0 8 295 293 301 251 249 257 250 258 
253 10707 0.10009765625000000000 -0.10986328125000000000 0 0 1 0 8 254 248 256 242 236 244 247 255 
254 10708 0.10498046875000000000 -0.10986328125000000000 0 0 1 0 8 257 251 259 253 247 255 248 256 
255 10709 0.10009765625000000000 -0.11474609375000000000 0 0 1 0 8 256 254 329 244 242 326 253 330 
256 10710 0.10498046875000000000 -0.11474609375000000000 0 0 1 0 8 259 257 330 255 253 329 254 326 
257 10711 0.10986328125000000000 -0.10986328125000000000 0 0 1 0 8 258 252 260 254 248 256 251 259 
258 10712 0.11474609375000000000 -0.10986328125000000000 0 0 1 0 8 301 295 303 257 251 259 252 260 
259 10713 0.10986328125000000000 -0.11474609375000000000 0 0 1 0 8 260 258 330 256 254 329 257 341 
260 10714 0.11474609375000000000 -0.11474609375000000000 0 0 1 0 8 303 301 341 259 257 330 258 329 
261 10715 0.11962890625000000000 -0.08056640625000000000 0 0 1 0 9 262 130 264 218 30 220 127 126 263 
262 10716 0.12451171875000000000 -0.08056640625000000000 0 0 1 0 9 265 142 267 261 127 263 131 130 264 
263 10717 0.11962890625000000000 -0.08544921875000000000 0 0 1 0 8 264 262 270 220 218 226 261 269 
264 10718 0.12451171875000000000 -0.08544921875000000000 0 0 1 0 8 267 265 273 263 261 269 262 270 
265 10719 0.12939453125000000000 -0.08056640625000000000 0 0 1 0 9 266 146 268 262 131 264 143 142 267 
266 10720 0.13427734375000000000 -0.08056640625000000000 0 0 1 0 9 277 175 279 265 143 267 147 146 268 
267 10721 0.12939453125000000000 -0.08544921875000000000 0 0 1 0 8 268 266 274 264 262 270 265 273 
268 10722 0.13427734375000000000 -0.08544921875000000000 0 0 1 0 8 279 277 285 267 265 273 266 274 
269 10723 0.11962890625000000000 -0.09033203125000000000 0 0 1 0 8 270 264 272 226 220 228 263 271 
270 10724 0.12451171875000000000 -0.09033203125000000000 0 0 1 0 8 273 267 275 269 263 271 264 272 
271 10725 0.11962890625000000000 -0.09521484375000000000 0 0 1 0 8 272 270 294 228 226 250 269 293 
272 10726 0.12451171875000000000 -0.09521484375000000000 0 0 1 0 8 275 273 297 271 269 293 270 294 
273 10727 0.12939453125000000000 -0.09033203125000000000 0 0 1 0 8 274 268 276 270 264 272 267 275 
274 10728 0.13427734375000000000 -0.09033203125000000000 0 0 1 0 8 285 279 287 273 267 275 268 276 
275 10729 0.12939453125000000000 -0.09521484375000000000 0 0 1 0 8 276 274 298 272 270 294 273 297 
276 10730 0.13427734375000000000 -0.09521484375000000000 0 0 1 0 8 287 285 309 275 273 297 274 298 
277 10731 0.13916015625000000000 -0.08056640625000000000 0 0 1 0 9 278 179 280 266 147 268 176 175 279 
278 10732 0.14404296875000000000 -0.08056640625000000000 0 0 1 0 9 281 188 283 277 176 279 180 179 280 
279 10733 0.13916015625000000000 -0.08544921875000000000 0 0 1 0 8 280 278 286 268 266 274 277 285 
280 10734 0.14404296875000000000 -0.08544921875000000000 0 0 1 0 8 283 281 289 279 277 285 278 286 
281 10735 0.14892578125000000000 -0.08056640625000000000 0 0 1 0 9 282 191 284 278 180 280 189 188 283 
282 10736 0.15380859375000000000 -0.08056640625000000000 0 0 1 0 9 357 461 358 281 189 283 192 191 284 
283 10737 0.14892578125000000000 -0.08544921875000000000 0 0 1 0 8 284 282 290 280 278 286 281 289 
284 10738 0.15380859375000000000 -0.08544921875000000000 0 0 1 0 8 358 357 360 283 281 289 282 290 
285 10739 0.13916015625000000000 -0.09033203125000000000 0 0 1 0 8 286 280 288 274 268 276 279 287 
286 10740 0.14404296875000000000 -0.09033203125000000000 0 0 1 0 8 289 283 291 285 279 287 280 288 
287 10741 0.13916015625000000000 -0.09521484375000000000 0 0 1 0 8 288 286 310 276 274 298 285 309 
288 10742 0.14404296875000000000 -0.09521484375000000000 0 0 1 0 8 291 289 313 287 285 309 286 310 
289 10743 0.14892578125000000000 -0.09033203125000000000 0 0 1 0 8 290 284 292 286 280 288 283 291 
290 10744 0.15380859375000000000 -0.09033203125000000000 0 0 1 0 8 360 358 362 289 283 291 284 292 
291 10745 0.14892578125000000000 -0.09521484375000000000 0 0 1 0 8 292 290 314 288 286 310 289 313 
292 10746 0.15380859375000000000 -0.09521484375000000000 0 0 1 0 8 362 360 364 291 289 313 290 314 
293 10747 0.11962890625000000000 -0.10009765625000000000 0 0 1 0 8 294 272 296 250 228 252 271 295 
294 10748 0.12451171875000000000 -0.10009765625000000000 0 0 1 0 8 297 275 299 293 271 295 272 296 
295 10749 0.11962890625000000000 -0.10498046875000000000 0 0 1 0 8 296 294 302 252 250 258 293 301 
296 10750 0.12451171875000000000 -0.10498046875000000000 0 0 1 0 8 299 297 305 295 293 301 294 302 
297 10751 0.12939453125000000000 -0.10009765625000000000 0 0 1 0 8 298 276 300 294 272 296 275 299 
298 10752 0.13427734375000000000 -0.10009765625000000000 0 0 1 0 8 309 287 311 297 275 299 276 300 
299 10753 0.12939453125000000000 -0.10498046875000000000 0 0 1 0 8 300 298 306 296 294 302 297 305 
300 10754 0.13427734375000000000 -0.10498046875000000000 0 0 1 0 8 311 309 317 299 297 305 298 306 
301 10755 0.11962890625000000000 -0.10986328125000000000 0 0 1 0 8 302 296 304 258 252 260 295 303 
302 10756 0.12451171875000000000 -0.10986328125000000000 0 0 1 0 8 305 299 307 301 295 303 296 304 
303 10757 0.11962890625000000000 -0.11474609375000000000 0 0 1 0 8 304 302 341 260 258 330 301 342 
304 10758 0.12451171875000000000 -0.11474609375000000000 0 0 1 0 8 307 305 342 303 301 341 302 330 
305 10759 0.12939453125000000000 -0.10986328125000000000 0 0 1 0 8 306 300 308 302 296 304 299 307 
306 10760 0.13427734375000000000 -0.10986328125000000000 0 0 1 0 8 317 311 319 305 299 307 300 308 
307 10761 0.12939453125000000000 -0.11474609375000000000 0 0 1 0 8 308 306 342 304 302 341 305 345 
308 10762 0.13427734375000000000 -0.11474609375000000000 0 0 1 0 8 319 317 345 307 305 342 306 341 
309 10763 0.13916015625000000000 -0.10009765625000000000 0 0 1 0 8 310 288 312 298 276 300 287 311 
310 10764 0.14404296875000000000 -0.10009765625000000000 0 0 1 0 8 313 291 315 309 287 311 288 312 
311 10765 0.13916015625000000000 -0.10498046875000000000 0 0 1 0 8 312 310 318 300 298 306 309 317 
312 10766 0.14404296875000000000 -0.10498046875000000000 0 0 1 0 8 315 313 321 311 309 317 310 318 
313 10767 0.14892578125000000000 -0.10009765625000000000 0 0 1 0 8 314 292 316 310 288 312 291 315 
314 10768 0.15380859375000000000 -0.10009765625000000000 0 0 1 0 8 364 362 366 313 291 315 292 316 
315 10769 0.14892578125000000000 -0.10498046875000000000 0 0 1 0 8 316 314 322 312 310 318 313 321 
316 10770 0.15380859375000000000 -0.10498046875000000000 0 0 1 0 8 366 364 371 315 313 321 314 322 
317 10771 0.13916015625000000000 -0.10986328125000000000 0 0 1 0 8 318 312 320 306 300 308 311 319 
318 10772 0.14404296875000000000 -0.10986328125000000000 0 0 1 0 8 321 315 323 317 311 319 312 320 
319 10773 0.13916015625000000000 -0.11474609375000000000 0 0 1 0 8 320 318 345 308 306 342 317 346 
320 10774 0.14404296875000000000 -0.11474609375000000000 0 0 1 0 8 323 321 346 319 317 345 318 342 
321 10775 0.14892578125000000000 -0.10986328125000000000 0 0 1 0 8 322 316 324 318 312 320 315 323 
322 10776 0.15380859375000000000 -0.10986328125000000000 0 0 1 0 8 371 366 373 321 315 323 316 324 
323 10777 0.14892578125000000000 -0.11474609375000000000 0 0 1 0 8 324 322 346 320 318 345 321 382 
324 10778 0.15380859375000000000 -0.11474609375000000000 0 0 1 0 8 373 371 382 323 321 346 322 345 
325 10779 0.08300781250000000000 -0.12207031250000000000 0 0 1 0 9 326 243 328 456 196 457 240 239 327 
326 10780 0.09277343750000000000 -0.12207031250000000000 0 0 1 0 9 329 255 331 325 240 327 244 243 328 
327 10781 0.08300781250000000000 -0.13183593750000000000 0 0 1 0 8 328 326 334 457 456 458 325 333 
328 10782 0.09277343750000000000 -0.13183593750000000000 0 0 1 0 8 331 329 337 327 325 333 326 334 
329 10783 0.10253906250000000000 -0.12207031250000000000 0 0 1 0 9 330 259 332 326 244 328 256 255 331 
330 10784 0.11230468750000000000 -0.12207031250000000000 0 0 1 0 9 341 303 343 329 256 331 260 259 332 
331 10785 0.10253906250000000000 -0.13183593750000000000 0 0 1 0 8 332 330 338 328 326 334 329 337 
332 10786 0.11230468750000000000 -0.13183593750000000000 0 0 1 0 8 343 341 349 331 329 337 330 338 
333 10787 0.08300781250000000000 -0.14160156250000000000 0 0 1 0 8 334 328 336 458 457 459 327 335 
334 10788 0.09277343750000000000 -0.14160156250000000000 0 0 1 0 8 337 331 339 333 327 335 328 336 
335 10789 0.08300781250000000000 -0.15136718750000000000 0 0 1 0 8 336 334 413 459 458 488 333 414 
336 10790 0.09277343750000000000 -0.15136718750000000000 0 0 1 0 8 339 337 414 335 333 413 334 488 
337 10791 0.10253906250000000000 -0.14160156250000000000 0 0 1 0 8 338 332 340 334 328 336 331 339 
338 10792 0.11230468750000000000 -0.14160156250000000000 0 0 1 0 8 349 343 351 337 331 339 332 340 
339 10793 0.10253906250000000000 -0.15136718750000000000 0 0 1 0 8 340 338 414 336 334 413 337 415 
340 10794 0.11230468750000000000 -0.15136718750000000000 0 0 1 0 8 351 349 415 339 337 414 338 413 
341 10795 0.12207031250000000000 -0.12207031250000000000 0 0 1 0 9 342 307 344 330 260 332 304 303 343 
342 10796 0.13183593750000000000 -0.12207031250000000000 0 0 1 0 9 345 319 347 341 304 343 308 307 344 
343 10797 0.12207031250000000000 -0.13183593750000000000 0 0 1 0 8 344 342 350 332 330 338 341 349 
344 10798 0.13183593750000000000 -0.13183593750000000000 0 0 1 0 8 347 345 353 343 341 349 342 350 
345 10799 0.14160156250000000000 -0.12207031250000000000 0 0 1 0 9 346 323 348 342 308 344 320 319 347 
346 10800 0.15136718750000000000 -0.12207031250000000000 0 0 1 0 9 382 373 384 345 320 347 324 323 348 
347 10801 0.14160156250000000000 -0.13183593750000000000 0 0 1 0 8 348 346 354 344 342 350 345 353 
348 10802 0.15136718750000000000 -0.13183593750000000000 0 0 1 0 8 384 382 390 347 345 353 346 354 
349 10803 0.12207031250000000000 -0.14160156250000000000 0 0 1 0 8 350 344 352 338 332 340 343 351 
350 10804 0.13183593750000000000 -0.14160156250000000000 0 0 1 0 8 353 347 355 349 343 351 344 352 
351 10805 0.12207031250000000000 -0.15136718750000000000 0 0 1 0 8 352 350 415 340 338 414 349 416 
352 10806 0.13183593750000000000 -0.15136718750000000000 0 0 1 0 8 355 353 416 351 349 415 350 414 
353 10807 0.14160156250000000000 -0.14160156250000000000 0 0 1 0 8 354 348 356 350 344 352 347 355 
354 10808 0.15136718750000000000 -0.14160156250000000000 0 0 1 0 8 390 384 392 353 347 355 348 356 
355 10809 0.14160156250000000000 -0.15136718750000000000 0 0 1 0 8 356 354 416 352 350 415 353 417 
356 10810 0.15136718750000000000 -0.15136718750000000000 0 0 1 0 8 392 390 417 355 353 416 354 415 
357 10811 0.15869140625000000000 -0.08056640625000000000 0 0 1 0 9 464 463 359 282 192 284 462 461 358 
358 10812 0.15869140625000000000 -0.08544921875000000000 0 0 1 0 8 359 464 361 284 282 290 357 360 
359 10813 0.16357421875000000000 -0.08544921875000000000 0 0 1 0 8 466 465 467 358 357 360 464 361 
360 10814 0.15869140625000000000 -0.09033203125000000000 0 0 1 0 8 361 359 363 290 284 292 358 362 
361 10815 0.16357421875000000000 -0.09033203125000000000 0 0 1 0 8 467 466 468 360 358 362 359 363 
362 10816 0.15869140625000000000 -0.09521484375000000000 0 0 1 0 8 363 361 365 292 290 314 360 364 
363 10817 0.16357421875000000000 -0.09521484375000000000 0 0 1 0 8 468 467 368 362 360 364 361 365 
364 10818 0.15869140625000000000 -0.10009765625000000000 0 0 1 0 8 365 363 367 314 292 316 362 366 
365 10819 0.16357421875000000000 -0.10009765625000000000 0 0 1 0 8 368 468 369 364 362 366 363 367 
366 10820 0.15869140625000000000 -0.10498046875000000000 0 0 1 0 8 367 365 372 316 314 322 364 371 
367 10821 0.16357421875000000000 -0.10498046875000000000 0 0 1 0 8 369 368 375 366 364 371 365 372 
368 10822 0.16845703125000000000 -0.10009765625000000000 0 0 1 0 8 470 469 370 365 363 367 468 369 
369 10823 0.16845703125000000000 -0.10498046875000000000 0 0 1 0 8 370 470 376 367 365 372 368 375 
370 10824 0.17333984375000000000 -0.10498046875000000000 0 0 1 0 8 472 471 379 369 368 375 470 376 
371 10825 0.15869140625000000000 -0.10986328125000000000 0 0 1 0 8 372 367 374 322 316 324 366 373 
372 10826 0.16357421875000000000 -0.10986328125000000000 0 0 1 0 8 375 369 377 371 366 373 367 374 
373 10827 0.15869140625000000000 -0.11474609375000000000 0 0 1 0 8 374 372 382 324 322 346 371 383 
374 10828 0.16357421875000000000 -0.11474609375000000000 0 0 1 0 8 377 375 383 373 371 382 372 346 
375 10829 0.16845703125000000000 -0.10986328125000000000 0 0 1 0 8 376 370 378 372 367 374 369 377 
376 10830 0.17333984375000000000 -0.10986328125000000000 0 0 1 0 8 379 472 380 375 369 377 370 378 
377 10831 0.16845703125000000000 -0.11474609375000000000 0 0 1 0 8 378 376 383 374 372 382 375 386 
378 10832 0.17333984375000000000 -0.11474609375000000000 0 0 1 0 8 380 379 386 377 375 383 376 382 
379 10833 0.17822265625000000000 -0.10986328125000000000 0 0 1 0 8 474 473 381 376 370 378 472 380 
380 10834 0.17822265625000000000 -0.11474609375000000000 0 0 1 0 8 381 474 386 378 376 383 379 387 
381 10835 0.18310546875000000000 -0.11474609375000000000 0 0 1 0 8 476 475 387 380 379 386 474 383 
382 10836 0.16113281250000000000 -0.12207031250000000000 0 0 1 0 9 383 377 385 346 324 348 374 373 384 
383 10837 0.17089843750000000000 -0.12207031250000000000 0 0 1 0 9 386 380 388 382 374 384 378 377 385 
384 10838 0.16113281250000000000 -0.13183593750000000000 0 0 1 0 8 385 383 391 348 346 354 382 390 
385 10839 0.17089843750000000000 -0.13183593750000000000 0 0 1 0 8 388 386 394 384 382 390 383 391 
386 10840 0.18066406250000000000 -0.12207031250000000000 0 0 1 0 9 387 476 389 383 378 385 381 380 388 
387 10841 0.19042968750000000000 -0.12207031250000000000 0 0 1 0 9 479 478 398 386 381 388 477 476 389 
388 10842 0.18066406250000000000 -0.13183593750000000000 0 0 1 0 8 389 387 395 385 383 391 386 394 
389 10843 0.19042968750000000000 -0.13183593750000000000 0 0 1 0 8 398 479 402 388 386 394 387 395 
390 10844 0.16113281250000000000 -0.14160156250000000000 0 0 1 0 8 391 385 393 354 348 356 384 392 
391 10845 0.17089843750000000000 -0.14160156250000000000 0 0 1 0 8 394 388 396 390 384 392 385 393 
392 10846 0.16113281250000000000 -0.15136718750000000000 0 0 1 0 8 393 391 417 356 354 416 390 418 
393 10847 0.17089843750000000000 -0.15136718750000000000 0 0 1 0 8 396 394 418 392 390 417 391 416 
394 10848 0.18066406250000000000 -0.14160156250000000000 0 0 1 0 8 395 389 397 391 385 393 388 396 
395 10849 0.19042968750000000000 -0.14160156250000000000 0 0 1 0 8 402 398 404 394 388 396 389 397 
396 10850 0.18066406250000000000 -0.15136718750000000000 0 0 1 0 8 397 395 418 393 391 417 394 419 
397 10851 0.19042968750000000000 -0.15136718750000000000 0 0 1 0 8 404 402 419 396 394 418 395 417 
398 10852 0.20019531250000000000 -0.13183593750000000000 0 0 1 0 8 399 480 403 389 387 395 479 402 
399 10853 0.20996093750000000000 -0.13183593750000000000 0 0 1 0 8 400 481 406 398 479 402 480 403 
400 10854 0.21972656250000000000 -0.13183593750000000000 0 0 1 0 8 401 482 407 399 480 403 481 406 
401 10855 0.22949218750000000000 -0.13183593750000000000 0 0 1 0 8 410 483 411 400 481 406 482 407 
402 10856 0.20019531250000000000 -0.14160156250000000000 0 0 1 0 8 403 399 405 395 389 397 398 404 
403 10857 0.20996093750000000000 -0.14160156250000000000 0 0 1 0 8 406 400 408 402 398 404 399 405 
404 10858 0.20019531250000000000 -0.15136718750000000000 0 0 1 0 8 405 403 419 397 395 418 402 420 
405 10859 0.20996093750000000000 -0.15136718750000000000 0 0 1 0 8 408 406 420 404 402 419 403 418 
406 10860 0.21972656250000000000 -0.14160156250000000000 0 0 1 0 8 407 401 409 403 399 405 400 408 
407 10861 0.22949218750000000000 -0.14160156250000000000 0 0 1 0 8 411 410 412 406 400 408 401 409 
408 10862 0.21972656250000000000 -0.15136718750000000000 0 0 1 0 8 409 407 420 405 403 419 406 498 
409 10863 0.22949218750000000000 -0.15136718750000000000 0 0 1 0 8 412 411 498 408 406 420 407 419 
410 10864 0.23925781250000000000 -0.13183593750000000000 0 0 1 0 8 485 484 486 401 482 407 483 411 
411 10865 0.23925781250000000000 -0.14160156250000000000 0 0 1 0 8 486 485 487 407 401 409 410 412 
412 10866 0.23925781250000000000 -0.15136718750000000000 0 0 1 0 8 487 486 498 409 407 420 411 499 
413 10867 0.08789062500000000000 -0.16601562500000000000 0 0 1 0 9 414 339 491 488 459 489 336 335 490 
414 10868 0.10742187500000000000 -0.16601562500000000000 0 0 1 0 9 415 351 492 413 336 490 340 339 491 
415 10869 0.12695312500000000000 -0.16601562500000000000 0 0 1 0 9 416 355 493 414 340 491 352 351 492 
416 10870 0.14648437500000000000 -0.16601562500000000000 0 0 1 0 9 417 392 494 415 352 492 356 355 493 
417 10871 0.16601562500000000000 -0.16601562500000000000 0 0 1 0 9 418 396 495 416 356 493 393 392 494 
418 10872 0.18554687500000000000 -0.16601562500000000000 0 0 1 0 9 419 404 496 417 393 494 397 396 495 
419 10873 0.20507812500000000000 -0.16601562500000000000 0 0 1 0 9 420 408 497 418 397 495 405 404 496 
420 10874 0.22460937500000000000 -0.16601562500000000000 0 0 1 0 9 498 412 500 419 405 496 409 408 497 
421 10047 0.14905124999999999624 -0.05301697699999999985 23 
422 8699 0.10973890999999999507 -0.04811138499999999957 20 
423 9057 0.06591796875000000000 -0.07568359375000000000 20 
424 9059 0.07568359375000000000 -0.07080078125000000000 20 
425 9060 0.07080078125000000000 -0.07568359375000000000 20 
426 9061 0.07568359375000000000 -0.07568359375000000000 20 
427 9128 0.10620117187500000000 -0.05737304687500000000 20 
428 9129 0.10986328125000000000 -0.05126953125000000000 20 
429 9130 0.10986328125000000000 -0.05615234375000000000 20 
430 9133 0.08056640625000000000 -0.06591796875000000000 20 
431 9134 0.08544921875000000000 -0.06591796875000000000 20 
432 9137 0.09033203125000000000 -0.06591796875000000000 20 
433 9138 0.09521484375000000000 -0.06591796875000000000 20 
434 9139 0.08056640625000000000 -0.07080078125000000000 20 
435 9140 0.10009765625000000000 -0.06103515625000000000 20 
436 9141 0.10498046875000000000 -0.06103515625000000000 20 
437 9142 0.10009765625000000000 -0.06591796875000000000 20 
438 10048 0.14526367187500000000 -0.05493164062500000000 23 
439 10049 0.14526367187500000000 -0.05737304687500000000 23 
440 10060 0.14709472656250000000 -0.05798339843750000000 23 
441 10082 0.14770507812500000000 -0.05981445312500000000 23 
442 10084 0.14770507812500000000 -0.06225585937500000000 23 
443 10090 0.14770507812500000000 -0.06469726562500000000 23 
444 10091 0.15014648437500000000 -0.06469726562500000000 23 
445 10092 0.15014648437500000000 -0.06713867187500000000 23 
446 10095 0.15258789062500000000 -0.06713867187500000000 23 
447 10097 0.15258789062500000000 -0.06958007812500000000 23 
448 10098 0.15502929687500000000 -0.06958007812500000000 23 
449 10099 0.15502929687500000000 -0.07202148437500000000 23 
450 10100 0.15502929687500000000 -0.07446289062500000000 23 
451 9545 0.06347656250000000000 -0.08300781250000000000 21 
452 9546 0.06347656250000000000 -0.09277343750000000000 21 
453 9551 0.06347656250000000000 -0.10253906250000000000 21 
454 9552 0.06347656250000000000 -0.11230468750000000000 21 
455 9573 0.06347656250000000000 -0.12207031250000000000 21 
456 9574 0.07324218750000000000 -0.12207031250000000000 21 
457 9576 0.07324218750000000000 -0.13183593750000000000 21 
458 9582 0.07324218750000000000 -0.14160156250000000000 21 
459 9584 0.07324218750000000000 -0.15136718750000000000 21 
460 10144 0.15747070312500000000 -0.07446289062500000000 23 
461 10146 0.15747070312500000000 -0.07690429687500000000 23 
462 10147 0.15991210937500000000 -0.07690429687500000000 23 
463 10150 0.16235351562500000000 -0.07690429687500000000 23 
464 10331 0.16357421875000000000 -0.08056640625000000000 23 
465 10332 0.16845703125000000000 -0.08056640625000000000 23 
466 10334 0.16845703125000000000 -0.08544921875000000000 23 
467 10336 0.16845703125000000000 -0.09033203125000000000 23 
468 10338 0.16845703125000000000 -0.09521484375000000000 23 
469 10339 0.17333984375000000000 -0.09521484375000000000 23 
470 10356 0.17333984375000000000 -0.10009765625000000000 23 
471 10357 0.17822265625000000000 -0.10009765625000000000 23 
472 10359 0.17822265625000000000 -0.10498046875000000000 23 
473 10360 0.18310546875000000000 -0.10498046875000000000 23 
474 10365 0.18310546875000000000 -0.10986328125000000000 23 
475 10366 0.18798828125000000000 -0.10986328125000000000 23 
476 10368 0.18798828125000000000 -0.11474609375000000000 23 
477 10369 0.19287109375000000000 -0.11474609375000000000 23 
478 10412 0.19775390625000000000 -0.11474609375000000000 23 
479 10434 0.20019531250000000000 -0.12207031250000000000 23 
480 10435 0.20996093750000000000 -0.12207031250000000000 23 
481 10436 0.21972656250000000000 -0.12207031250000000000 23 
482 10437 0.22949218750000000000 -0.12207031250000000000 23 
483 10454 0.23925781250000000000 -0.12207031250000000000 23 
484 9898 0.24902343750000000000 -0.12207031250000000000 22 
485 9899 0.24902343750000000000 -0.13183593750000000000 22 
486 9904 0.24902343750000000000 -0.14160156250000000000 22 
487 9905 0.24902343750000000000 -0.15136718750000000000 22 
488 9588 0.06835937500000000000 -0.16601562500000000000 21 
489 13206 0.06835937500000000000 -0.18554687500000000000 30 
490 13215 0.08789062500000000000 -0.18554687500000000000 30 
491 13216 0.10742187500000000000 -0.18554687500000000000 30 
492 13217 0.12695312500000000000 -0.18554687500000000000 30 
493 13218 0.14648437500000000000 -0.18554687500000000000 30 
494 13259 0.16601562500000000000 -0.18554687500000000000 30 
495 13260 0.18554687500000000000 -0.18554687500000000000 30 
496 13261 0.20507812500000000000 -0.18554687500000000000 30 
497 13262 0.22460937500000000000 -0.18554687500000000000 30 
498 9925 0.24414062500000000000 -0.16601562500000000000 22 
499 9926 0.26367187500000000000 -0.16601562500000000000 22 
500 13271 0.24414062500000000000 -0.18554687500000000000 30 
