478 429 49
1 3055 0.53178594999999995174 0.05004670399999999741 430 2 0 1 7 105 103 452 100 99 430 2 
2 3056 0.54154634000000001492 0.04934743300000000304 1 3 0 1 8 100 103 104 105 106 149 1 3 
3 3057 0.54641875951936047517 0.04899144699381779988 2 4 0 1 7 147 141 149 105 106 2 4 
4 3058 0.54885483319086592058 0.04881176625891350818 3 5 0 1 8 141 147 148 149 150 153 3 5 
5 3059 0.55129079999999996975 0.04863097200000000148 4 6 0 1 7 149 150 151 153 154 4 6 
6 3060 0.55615339846783884425 0.04826675264534911053 5 7 0 1 8 163 165 166 150 153 154 5 7 
7 3061 0.56101562000000004815 0.04789817999999999854 6 8 0 1 8 165 166 167 168 169 154 6 8 
8 3062 0.57071705999999999825 0.04714990699999999785 7 9 0 1 8 9 170 181 182 183 184 185 7 
9 3063 0.58039141000000005199 0.04638700300000000304 8 10 0 1 8 10 197 198 199 201 202 186 8 
10 3064 0.58521336418349023667 0.04600064005666993500 9 11 0 1 8 9 11 198 201 202 243 245 249 
11 3065 0.59003494999999994697 0.04561030600000000323 10 12 0 1 8 10 12 261 202 245 246 247 249 
12 3066 0.59483966246600994410 0.04521740555591877847 11 13 0 1 8 11 259 13 261 267 246 249 250 
13 3067 0.59964401000000000508 0.04482065300000000196 12 14 0 1 7 267 265 250 262 261 12 14 
14 3068 0.60921488000000001417 0.04401886900000000213 13 15 0 1 8 300 282 267 266 279 278 13 15 
15 3069 0.61874392000000000280 0.04320577400000000234 14 16 0 1 7 14 16 298 299 300 301 302 
16 3070 0.62822745999999995981 0.04238217999999999847 15 17 0 1 7 15 17 302 398 399 380 381 
17 3071 0.63766186999999996399 0.04154888899999999857 16 18 0 1 7 16 18 393 399 400 401 426 
18 3072 0.64235288264123857616 0.04112945326235929039 17 19 0 1 7 17 19 397 400 401 426 428 
19 3073 0.64704355000000002285 0.04070669799999999949 18 20 0 1 6 428 427 401 426 18 20 
20 3074 0.65636888999999998262 0.03985639199999999743 19 431 0 1 7 475 474 428 427 429 19 431 
21 3075 0.59570312500000000000 0.16601562500000000000 0 0 1 0 11 22 436 45 434 432 30 435 41 32 42 47 
22 3076 0.61523437500000000000 0.16601562500000000000 0 0 1 0 11 303 453 304 21 435 42 436 45 44 46 306 
23 3077 0.54199218750000000000 0.10253906250000000000 0 0 1 0 8 59 57 65 443 441 24 442 25 
24 3078 0.53222656250000000000 0.09277343750000000000 0 0 1 0 8 25 23 27 444 440 445 443 26 
25 3079 0.54199218750000000000 0.09277343750000000000 0 0 1 0 8 65 59 67 24 443 26 23 27 
26 3080 0.53222656250000000000 0.08300781250000000000 0 0 1 0 11 27 25 93 445 444 449 24 89 450 90 95 
27 3081 0.54199218750000000000 0.08300781250000000000 0 0 1 0 11 67 65 107 26 24 90 25 93 92 94 109 
28 3082 0.56152343750000000000 0.14160156250000000000 0 0 1 0 8 31 29 37 448 446 33 447 34 
29 3083 0.57128906250000000000 0.15136718750000000000 0 0 1 0 8 30 434 32 447 433 28 21 31 
30 3084 0.58105468750000000000 0.15136718750000000000 0 0 1 0 8 41 21 43 29 434 31 433 32 
31 3085 0.57128906250000000000 0.14160156250000000000 0 0 1 0 8 32 30 38 28 447 34 29 37 
32 3086 0.58105468750000000000 0.14160156250000000000 0 0 1 0 8 43 41 49 31 29 37 30 38 
33 3087 0.55175781250000000000 0.13183593750000000000 0 0 1 0 8 34 28 36 438 437 439 448 35 
34 3088 0.56152343750000000000 0.13183593750000000000 0 0 1 0 8 37 31 39 33 448 35 28 36 
35 3089 0.55175781250000000000 0.12207031250000000000 0 0 1 0 8 36 34 58 439 438 442 33 57 
36 3090 0.56152343750000000000 0.12207031250000000000 0 0 1 0 8 39 37 61 35 33 57 34 58 
37 3091 0.57128906250000000000 0.13183593750000000000 0 0 1 0 8 38 32 40 34 28 36 31 39 
38 3092 0.58105468750000000000 0.13183593750000000000 0 0 1 0 8 49 43 51 37 31 39 32 40 
39 3093 0.57128906250000000000 0.12207031250000000000 0 0 1 0 8 40 38 62 36 34 58 37 61 
40 3094 0.58105468750000000000 0.12207031250000000000 0 0 1 0 8 51 49 73 39 37 61 38 62 
41 3095 0.59082031250000000000 0.15136718750000000000 0 0 1 0 8 42 21 44 30 434 32 22 43 
42 3096 0.60058593750000000000 0.15136718750000000000 0 0 1 0 8 45 22 47 41 21 43 434 44 
43 3097 0.59082031250000000000 0.14160156250000000000 0 0 1 0 8 44 42 50 32 30 38 41 49 
44 3098 0.60058593750000000000 0.14160156250000000000 0 0 1 0 8 47 45 53 43 41 49 42 50 
45 3099 0.61035156250000000000 0.15136718750000000000 0 0 1 0 8 46 22 48 42 21 44 303 47 
46 3100 0.62011718750000000000 0.15136718750000000000 0 0 1 0 8 304 303 306 45 22 47 21 48 
47 3101 0.61035156250000000000 0.14160156250000000000 0 0 1 0 8 48 46 54 44 42 50 45 53 
48 3102 0.62011718750000000000 0.14160156250000000000 0 0 1 0 8 306 304 310 47 45 53 46 54 
49 3103 0.59082031250000000000 0.13183593750000000000 0 0 1 0 8 50 44 52 38 32 40 43 51 
50 3104 0.60058593750000000000 0.13183593750000000000 0 0 1 0 8 53 47 55 49 43 51 44 52 
51 3105 0.59082031250000000000 0.12207031250000000000 0 0 1 0 8 52 50 74 40 38 62 49 73 
52 3106 0.60058593750000000000 0.12207031250000000000 0 0 1 0 8 55 53 77 51 49 73 50 74 
53 3107 0.61035156250000000000 0.13183593750000000000 0 0 1 0 8 54 48 56 50 44 52 47 55 
54 3108 0.62011718750000000000 0.13183593750000000000 0 0 1 0 8 310 306 312 53 47 55 48 56 
55 3109 0.61035156250000000000 0.12207031250000000000 0 0 1 0 8 56 54 78 52 50 74 53 77 
56 3110 0.62011718750000000000 0.12207031250000000000 0 0 1 0 8 312 310 319 55 53 77 54 78 
57 3111 0.55175781250000000000 0.11230468750000000000 0 0 1 0 8 58 36 60 442 439 23 35 59 
58 3112 0.56152343750000000000 0.11230468750000000000 0 0 1 0 8 61 39 63 57 35 59 36 60 
59 3113 0.55175781250000000000 0.10253906250000000000 0 0 1 0 8 60 58 66 23 442 25 57 65 
60 3114 0.56152343750000000000 0.10253906250000000000 0 0 1 0 8 63 61 69 59 57 65 58 66 
61 3115 0.57128906250000000000 0.11230468750000000000 0 0 1 0 8 62 40 64 58 36 60 39 63 
62 3116 0.58105468750000000000 0.11230468750000000000 0 0 1 0 8 73 51 75 61 39 63 40 64 
63 3117 0.57128906250000000000 0.10253906250000000000 0 0 1 0 8 64 62 70 60 58 66 61 69 
64 3118 0.58105468750000000000 0.10253906250000000000 0 0 1 0 8 75 73 81 63 61 69 62 70 
65 3119 0.55175781250000000000 0.09277343750000000000 0 0 1 0 8 66 60 68 25 23 27 59 67 
66 3120 0.56152343750000000000 0.09277343750000000000 0 0 1 0 8 69 63 71 65 59 67 60 68 
67 3121 0.55175781250000000000 0.08300781250000000000 0 0 1 0 11 68 66 111 27 25 94 65 107 96 108 113 
68 3122 0.56152343750000000000 0.08300781250000000000 0 0 1 0 11 71 69 123 67 65 108 66 111 110 112 125 
69 3123 0.57128906250000000000 0.09277343750000000000 0 0 1 0 8 70 64 72 66 60 68 63 71 
70 3124 0.58105468750000000000 0.09277343750000000000 0 0 1 0 8 81 75 83 69 63 71 64 72 
71 3125 0.57128906250000000000 0.08300781250000000000 0 0 1 0 11 72 70 127 68 66 112 69 123 114 124 129 
72 3126 0.58105468750000000000 0.08300781250000000000 0 0 1 0 11 83 81 203 71 69 124 70 127 126 128 205 
73 3127 0.59082031250000000000 0.11230468750000000000 0 0 1 0 8 74 52 76 62 40 64 51 75 
74 3128 0.60058593750000000000 0.11230468750000000000 0 0 1 0 8 77 55 79 73 51 75 52 76 
75 3129 0.59082031250000000000 0.10253906250000000000 0 0 1 0 8 76 74 82 64 62 70 73 81 
76 3130 0.60058593750000000000 0.10253906250000000000 0 0 1 0 8 79 77 85 75 73 81 74 82 
77 3131 0.61035156250000000000 0.11230468750000000000 0 0 1 0 8 78 56 80 74 52 76 55 79 
78 3132 0.62011718750000000000 0.11230468750000000000 0 0 1 0 8 319 312 321 77 55 79 56 80 
79 3133 0.61035156250000000000 0.10253906250000000000 0 0 1 0 8 80 78 86 76 74 82 77 85 
80 3134 0.62011718750000000000 0.10253906250000000000 0 0 1 0 8 321 319 327 79 77 85 78 86 
81 3135 0.59082031250000000000 0.09277343750000000000 0 0 1 0 8 82 76 84 70 64 72 75 83 
82 3136 0.60058593750000000000 0.09277343750000000000 0 0 1 0 8 85 79 87 81 75 83 76 84 
83 3137 0.59082031250000000000 0.08300781250000000000 0 0 1 0 11 84 82 207 72 70 128 81 203 130 204 209 
84 3138 0.60058593750000000000 0.08300781250000000000 0 0 1 0 11 87 85 219 83 81 204 82 207 206 208 221 
85 3139 0.61035156250000000000 0.09277343750000000000 0 0 1 0 8 86 80 88 82 76 84 79 87 
86 3140 0.62011718750000000000 0.09277343750000000000 0 0 1 0 8 327 321 329 85 79 87 80 88 
87 3141 0.61035156250000000000 0.08300781250000000000 0 0 1 0 11 88 86 223 84 82 208 85 219 210 220 225 
88 3142 0.62011718750000000000 0.08300781250000000000 0 0 1 0 11 329 327 336 87 85 220 86 223 222 224 338 
89 3143 0.52978515625000000000 0.07568359375000000000 0 0 1 0 8 90 26 92 449 445 450 27 91 
90 3144 0.53466796875000000000 0.07568359375000000000 0 0 1 0 8 93 27 95 89 26 91 445 92 
91 3145 0.52978515625000000000 0.07080078125000000000 0 0 1 0 8 92 90 98 450 449 451 89 97 
92 3146 0.53466796875000000000 0.07080078125000000000 0 0 1 0 8 95 93 101 91 89 97 90 98 
93 3147 0.53955078125000000000 0.07568359375000000000 0 0 1 0 8 94 27 96 90 26 92 67 95 
94 3148 0.54443359375000000000 0.07568359375000000000 0 0 1 0 8 107 67 109 93 27 95 26 96 
95 3149 0.53955078125000000000 0.07080078125000000000 0 0 1 0 8 96 94 102 92 90 98 93 101 
96 3150 0.54443359375000000000 0.07080078125000000000 0 0 1 0 8 109 107 115 95 93 101 94 102 
97 3151 0.52978515625000000000 0.06591796875000000000 0 0 1 0 8 98 92 100 451 450 452 91 99 
98 3152 0.53466796875000000000 0.06591796875000000000 0 0 1 0 8 101 95 103 97 91 99 92 100 
99 3153 0.52978515625000000000 0.06103515625000000000 0 0 1 0 7 100 98 1 452 451 430 97 
100 3154 0.53466796875000000000 0.06103515625000000000 0 0 1 0 8 103 101 105 99 97 1 98 430 
101 3155 0.53955078125000000000 0.06591796875000000000 0 0 1 0 8 102 96 104 98 92 100 95 103 
102 3156 0.54443359375000000000 0.06591796875000000000 0 0 1 0 8 115 109 117 101 95 103 96 104 
103 3157 0.53955078125000000000 0.06103515625000000000 0 0 1 0 8 104 102 106 100 98 1 101 105 
104 3158 0.54443359375000000000 0.06103515625000000000 0 0 1 0 9 117 115 139 103 101 105 102 106 141 
105 3159 0.53955078125000000000 0.05615234375000000000 0 0 1 0 7 106 104 3 1 103 100 2 
106 3160 0.54443359375000000000 0.05615234375000000000 0 0 1 0 10 139 117 141 147 105 103 2 104 3 149 
107 3161 0.54931640625000000000 0.07568359375000000000 0 0 1 0 8 108 67 110 94 27 96 68 109 
108 3162 0.55419921875000000000 0.07568359375000000000 0 0 1 0 8 111 68 113 107 67 109 27 110 
109 3163 0.54931640625000000000 0.07080078125000000000 0 0 1 0 8 110 108 116 96 94 102 107 115 
110 3164 0.55419921875000000000 0.07080078125000000000 0 0 1 0 8 113 111 119 109 107 115 108 116 
111 3165 0.55908203125000000000 0.07568359375000000000 0 0 1 0 8 112 68 114 108 67 110 71 113 
112 3166 0.56396484375000000000 0.07568359375000000000 0 0 1 0 8 123 71 125 111 68 113 67 114 
113 3167 0.55908203125000000000 0.07080078125000000000 0 0 1 0 8 114 112 120 110 108 116 111 119 
114 3168 0.56396484375000000000 0.07080078125000000000 0 0 1 0 8 125 123 131 113 111 119 112 120 
115 3169 0.54931640625000000000 0.06591796875000000000 0 0 1 0 8 116 110 118 102 96 104 109 117 
116 3170 0.55419921875000000000 0.06591796875000000000 0 0 1 0 8 119 113 121 115 109 117 110 118 
117 3171 0.54931640625000000000 0.06103515625000000000 0 0 1 0 10 118 116 143 104 102 106 115 139 140 145 
118 3172 0.55419921875000000000 0.06103515625000000000 0 0 1 0 11 121 119 155 117 115 140 116 143 142 144 157 
119 3173 0.55908203125000000000 0.06591796875000000000 0 0 1 0 8 120 114 122 116 110 118 113 121 
120 3174 0.56396484375000000000 0.06591796875000000000 0 0 1 0 8 131 125 133 119 113 121 114 122 
121 3175 0.55908203125000000000 0.06103515625000000000 0 0 1 0 11 122 120 159 118 116 144 119 155 146 156 161 
122 3176 0.56396484375000000000 0.06103515625000000000 0 0 1 0 11 133 131 171 121 119 156 120 159 158 160 173 
123 3177 0.56884765625000000000 0.07568359375000000000 0 0 1 0 8 124 71 126 112 68 114 72 125 
124 3178 0.57373046875000000000 0.07568359375000000000 0 0 1 0 8 127 72 129 123 71 125 68 126 
125 3179 0.56884765625000000000 0.07080078125000000000 0 0 1 0 8 126 124 132 114 112 120 123 131 
126 3180 0.57373046875000000000 0.07080078125000000000 0 0 1 0 8 129 127 135 125 123 131 124 132 
127 3181 0.57861328125000000000 0.07568359375000000000 0 0 1 0 8 128 72 130 124 71 126 83 129 
128 3182 0.58349609375000000000 0.07568359375000000000 0 0 1 0 8 203 83 205 127 72 129 71 130 
129 3183 0.57861328125000000000 0.07080078125000000000 0 0 1 0 8 130 128 136 126 124 132 127 135 
130 3184 0.58349609375000000000 0.07080078125000000000 0 0 1 0 8 205 203 211 129 127 135 128 136 
131 3185 0.56884765625000000000 0.06591796875000000000 0 0 1 0 8 132 126 134 120 114 122 125 133 
132 3186 0.57373046875000000000 0.06591796875000000000 0 0 1 0 8 135 129 137 131 125 133 126 134 
133 3187 0.56884765625000000000 0.06103515625000000000 0 0 1 0 11 134 132 175 122 120 160 131 171 162 172 177 
134 3188 0.57373046875000000000 0.06103515625000000000 0 0 1 0 11 137 135 187 133 131 172 132 175 174 176 189 
135 3189 0.57861328125000000000 0.06591796875000000000 0 0 1 0 8 136 130 138 132 126 134 129 137 
136 3190 0.58349609375000000000 0.06591796875000000000 0 0 1 0 8 211 205 213 135 129 137 130 138 
137 3191 0.57861328125000000000 0.06103515625000000000 0 0 1 0 11 138 136 191 134 132 176 135 187 178 188 193 
138 3192 0.58349609375000000000 0.06103515625000000000 0 0 1 0 11 213 211 235 137 135 188 136 191 190 192 237 
139 3193 0.54809570312500000000 0.05737304687500000000 0 0 1 0 8 140 117 142 106 104 3 118 141 
140 3194 0.55053710937500000000 0.05737304687500000000 0 0 1 0 8 143 118 145 139 117 141 104 142 
141 3195 0.54809570312500000000 0.05493164062500000000 0 0 1 0 8 142 140 148 106 104 3 139 147 
142 3196 0.55053710937500000000 0.05493164062500000000 0 0 1 0 8 145 143 151 141 139 147 140 148 
143 3197 0.55297851562500000000 0.05737304687500000000 0 0 1 0 8 144 118 146 140 117 142 121 145 
144 3198 0.55541992187500000000 0.05737304687500000000 0 0 1 0 8 155 121 157 143 118 145 117 146 
145 3199 0.55297851562500000000 0.05493164062500000000 0 0 1 0 8 146 144 152 142 140 148 143 151 
146 3200 0.55541992187500000000 0.05493164062500000000 0 0 1 0 8 157 155 163 145 143 151 144 152 
147 3201 0.54809570312500000000 0.05249023437500000000 0 0 1 0 7 148 142 150 3 106 141 149 
148 3202 0.55053710937500000000 0.05249023437500000000 0 0 1 0 8 151 145 153 147 141 149 142 150 
149 3203 0.54809570312500000000 0.05004882812500000000 0 0 1 0 7 150 148 5 3 106 147 4 
150 3204 0.55053710937500000000 0.05004882812500000000 0 0 1 0 8 153 151 6 149 147 4 148 5 
151 3205 0.55297851562500000000 0.05249023437500000000 0 0 1 0 8 152 146 154 148 142 150 145 153 
152 3206 0.55541992187500000000 0.05249023437500000000 0 0 1 0 8 163 157 165 151 145 153 146 154 
153 3207 0.55297851562500000000 0.05004882812500000000 0 0 1 0 9 154 148 151 7 5 152 150 6 4 
154 3208 0.55541992187500000000 0.05004882812500000000 0 0 1 0 7 165 163 7 153 151 6 152 
155 3209 0.55786132812500000000 0.05737304687500000000 0 0 1 0 8 156 121 158 144 118 146 122 157 
156 3210 0.56030273437500000000 0.05737304687500000000 0 0 1 0 8 159 122 161 155 121 157 118 158 
157 3211 0.55786132812500000000 0.05493164062500000000 0 0 1 0 8 158 156 164 146 144 152 155 163 
158 3212 0.56030273437500000000 0.05493164062500000000 0 0 1 0 8 161 159 167 157 155 163 156 164 
159 3213 0.56274414062500000000 0.05737304687500000000 0 0 1 0 8 160 122 162 156 121 158 133 161 
160 3214 0.56518554687500000000 0.05737304687500000000 0 0 1 0 8 171 133 173 159 122 161 121 162 
161 3215 0.56274414062500000000 0.05493164062500000000 0 0 1 0 8 162 160 168 158 156 164 159 167 
162 3216 0.56518554687500000000 0.05493164062500000000 0 0 1 0 8 173 171 179 161 159 167 160 168 
163 3217 0.55786132812500000000 0.05249023437500000000 0 0 1 0 8 164 158 166 152 146 154 157 165 
164 3218 0.56030273437500000000 0.05249023437500000000 0 0 1 0 8 167 161 169 163 157 165 158 166 
165 3219 0.55786132812500000000 0.05004882812500000000 0 0 1 0 7 166 164 7 154 152 6 163 
166 3220 0.56030273437500000000 0.05004882812500000000 0 0 1 0 7 169 167 165 163 7 164 6 
167 3221 0.56274414062500000000 0.05249023437500000000 0 0 1 0 8 168 162 170 164 158 166 161 169 
168 3222 0.56518554687500000000 0.05249023437500000000 0 0 1 0 8 179 173 181 167 161 169 162 170 
169 3223 0.56274414062500000000 0.05004882812500000000 0 0 1 0 7 170 168 166 164 7 167 8 
170 3224 0.56518554687500000000 0.05004882812500000000 0 0 1 0 7 181 179 8 169 167 168 7 
171 3225 0.56762695312500000000 0.05737304687500000000 0 0 1 0 8 172 133 174 160 122 162 134 173 
172 3226 0.57006835937500000000 0.05737304687500000000 0 0 1 0 8 175 134 177 171 133 173 122 174 
173 3227 0.56762695312500000000 0.05493164062500000000 0 0 1 0 8 174 172 180 162 160 168 171 179 
174 3228 0.57006835937500000000 0.05493164062500000000 0 0 1 0 8 177 175 183 173 171 179 172 180 
175 3229 0.57250976562500000000 0.05737304687500000000 0 0 1 0 8 176 134 178 172 133 174 137 177 
176 3230 0.57495117187500000000 0.05737304687500000000 0 0 1 0 8 187 137 189 175 134 177 133 178 
177 3231 0.57250976562500000000 0.05493164062500000000 0 0 1 0 8 178 176 184 174 172 180 175 183 
178 3232 0.57495117187500000000 0.05493164062500000000 0 0 1 0 8 189 187 195 177 175 183 176 184 
179 3233 0.56762695312500000000 0.05249023437500000000 0 0 1 0 8 180 174 182 168 162 170 173 181 
180 3234 0.57006835937500000000 0.05249023437500000000 0 0 1 0 8 183 177 185 179 173 181 174 182 
181 3235 0.56762695312500000000 0.05004882812500000000 0 0 1 0 6 182 180 8 170 168 179 
182 3236 0.57006835937500000000 0.05004882812500000000 0 0 1 0 6 185 183 181 179 8 180 
183 3237 0.57250976562500000000 0.05249023437500000000 0 0 1 0 8 184 178 186 180 174 182 177 185 
184 3238 0.57495117187500000000 0.05249023437500000000 0 0 1 0 8 195 189 197 183 177 185 178 186 
185 3239 0.57250976562500000000 0.05004882812500000000 0 0 1 0 7 186 184 182 180 8 183 9 
186 3240 0.57495117187500000000 0.05004882812500000000 0 0 1 0 7 197 195 9 185 183 184 8 
187 3241 0.57739257812500000000 0.05737304687500000000 0 0 1 0 8 188 137 190 176 134 178 138 189 
188 3242 0.57983398437500000000 0.05737304687500000000 0 0 1 0 8 191 138 193 187 137 189 134 190 
189 3243 0.57739257812500000000 0.05493164062500000000 0 0 1 0 8 190 188 196 178 176 184 187 195 
190 3244 0.57983398437500000000 0.05493164062500000000 0 0 1 0 8 193 191 199 189 187 195 188 196 
191 3245 0.58227539062500000000 0.05737304687500000000 0 0 1 0 8 192 138 194 188 137 190 213 193 
192 3246 0.58471679687500000000 0.05737304687500000000 0 0 1 0 8 235 213 237 191 138 193 137 194 
193 3247 0.58227539062500000000 0.05493164062500000000 0 0 1 0 8 194 192 200 190 188 196 191 199 
194 3248 0.58471679687500000000 0.05493164062500000000 0 0 1 0 8 237 235 243 193 191 199 192 200 
195 3249 0.57739257812500000000 0.05249023437500000000 0 0 1 0 8 196 190 198 184 178 186 189 197 
196 3250 0.57983398437500000000 0.05249023437500000000 0 0 1 0 8 199 193 201 195 189 197 190 198 
197 3251 0.57739257812500000000 0.05004882812500000000 0 0 1 0 8 10 195 186 9 184 196 198 8 
198 3252 0.57983398437500000000 0.05004882812500000000 0 0 1 0 7 201 199 10 197 195 9 196 
199 3253 0.58227539062500000000 0.05249023437500000000 0 0 1 0 8 200 194 202 196 190 198 193 201 
200 3254 0.58471679687500000000 0.05249023437500000000 0 0 1 0 8 243 237 245 199 193 201 194 202 
201 3255 0.58227539062500000000 0.05004882812500000000 0 0 1 0 8 202 200 10 198 196 9 199 11 
202 3256 0.58471679687500000000 0.05004882812500000000 0 0 1 0 8 245 243 11 201 199 10 200 9 
203 3257 0.58837890625000000000 0.07568359375000000000 0 0 1 0 8 204 83 206 128 72 130 84 205 
204 3258 0.59326171875000000000 0.07568359375000000000 0 0 1 0 8 207 84 209 203 83 205 72 206 
205 3259 0.58837890625000000000 0.07080078125000000000 0 0 1 0 8 206 204 212 130 128 136 203 211 
206 3260 0.59326171875000000000 0.07080078125000000000 0 0 1 0 8 209 207 215 205 203 211 204 212 
207 3261 0.59814453125000000000 0.07568359375000000000 0 0 1 0 8 208 84 210 204 83 206 87 209 
208 3262 0.60302734375000000000 0.07568359375000000000 0 0 1 0 8 219 87 221 207 84 209 83 210 
209 3263 0.59814453125000000000 0.07080078125000000000 0 0 1 0 8 210 208 216 206 204 212 207 215 
210 3264 0.60302734375000000000 0.07080078125000000000 0 0 1 0 8 221 219 227 209 207 215 208 216 
211 3265 0.58837890625000000000 0.06591796875000000000 0 0 1 0 8 212 206 214 136 130 138 205 213 
212 3266 0.59326171875000000000 0.06591796875000000000 0 0 1 0 8 215 209 217 211 205 213 206 214 
213 3267 0.58837890625000000000 0.06103515625000000000 0 0 1 0 11 214 212 239 138 136 192 211 235 194 236 241 
214 3268 0.59326171875000000000 0.06103515625000000000 0 0 1 0 11 217 215 251 213 211 236 212 239 238 240 253 
215 3269 0.59814453125000000000 0.06591796875000000000 0 0 1 0 8 216 210 218 212 206 214 209 217 
216 3270 0.60302734375000000000 0.06591796875000000000 0 0 1 0 8 227 221 229 215 209 217 210 218 
217 3271 0.59814453125000000000 0.06103515625000000000 0 0 1 0 11 218 216 255 214 212 240 215 251 242 252 257 
218 3272 0.60302734375000000000 0.06103515625000000000 0 0 1 0 11 229 227 268 217 215 252 216 255 254 256 270 
219 3273 0.60791015625000000000 0.07568359375000000000 0 0 1 0 8 220 87 222 208 84 210 88 221 
220 3274 0.61279296875000000000 0.07568359375000000000 0 0 1 0 8 223 88 225 219 87 221 84 222 
221 3275 0.60791015625000000000 0.07080078125000000000 0 0 1 0 8 222 220 228 210 208 216 219 227 
222 3276 0.61279296875000000000 0.07080078125000000000 0 0 1 0 8 225 223 231 221 219 227 220 228 
223 3277 0.61767578125000000000 0.07568359375000000000 0 0 1 0 8 224 88 226 220 87 222 329 225 
224 3278 0.62255859375000000000 0.07568359375000000000 0 0 1 0 8 336 329 338 223 88 225 87 226 
225 3279 0.61767578125000000000 0.07080078125000000000 0 0 1 0 8 226 224 232 222 220 228 223 231 
226 3280 0.62255859375000000000 0.07080078125000000000 0 0 1 0 8 338 336 344 225 223 231 224 232 
227 3281 0.60791015625000000000 0.06591796875000000000 0 0 1 0 8 228 222 230 216 210 218 221 229 
228 3282 0.61279296875000000000 0.06591796875000000000 0 0 1 0 8 231 225 233 227 221 229 222 230 
229 3283 0.60791015625000000000 0.06103515625000000000 0 0 1 0 11 230 228 272 218 216 256 227 268 258 269 274 
230 3284 0.61279296875000000000 0.06103515625000000000 0 0 1 0 11 233 231 284 229 227 269 228 272 271 273 286 
231 3285 0.61767578125000000000 0.06591796875000000000 0 0 1 0 8 232 226 234 228 222 230 225 233 
232 3286 0.62255859375000000000 0.06591796875000000000 0 0 1 0 8 344 338 346 231 225 233 226 234 
233 3287 0.61767578125000000000 0.06103515625000000000 0 0 1 0 11 234 232 288 230 228 273 231 284 275 285 290 
234 3288 0.62255859375000000000 0.06103515625000000000 0 0 1 0 11 346 344 366 233 231 285 232 288 287 289 368 
235 3289 0.58715820312500000000 0.05737304687500000000 0 0 1 0 8 236 213 238 192 138 194 214 237 
236 3290 0.58959960937500000000 0.05737304687500000000 0 0 1 0 8 239 214 241 235 213 237 138 238 
237 3291 0.58715820312500000000 0.05493164062500000000 0 0 1 0 8 238 236 244 194 192 200 235 243 
238 3292 0.58959960937500000000 0.05493164062500000000 0 0 1 0 8 241 239 247 237 235 243 236 244 
239 3293 0.59204101562500000000 0.05737304687500000000 0 0 1 0 8 240 214 242 236 213 238 217 241 
240 3294 0.59448242187500000000 0.05737304687500000000 0 0 1 0 8 251 217 253 239 214 241 213 242 
241 3295 0.59204101562500000000 0.05493164062500000000 0 0 1 0 8 242 240 248 238 236 244 239 247 
242 3296 0.59448242187500000000 0.05493164062500000000 0 0 1 0 8 253 251 259 241 239 247 240 248 
243 3297 0.58715820312500000000 0.05249023437500000000 0 0 1 0 8 244 238 246 200 194 202 237 245 
244 3298 0.58959960937500000000 0.05249023437500000000 0 0 1 0 8 247 241 249 243 237 245 238 246 
245 3299 0.58715820312500000000 0.05004882812500000000 0 0 1 0 8 246 244 11 202 200 10 243 12 
246 3300 0.58959960937500000000 0.05004882812500000000 0 0 1 0 8 249 247 12 245 243 11 244 10 
247 3301 0.59204101562500000000 0.05249023437500000000 0 0 1 0 8 248 242 250 244 238 246 241 249 
248 3302 0.59448242187500000000 0.05249023437500000000 0 0 1 0 8 259 253 261 247 241 249 242 250 
249 3303 0.59204101562500000000 0.05004882812500000000 0 0 1 0 8 250 248 12 246 244 11 247 13 
250 3304 0.59448242187500000000 0.05004882812500000000 0 0 1 0 8 261 259 13 249 247 12 248 11 
251 3305 0.59692382812500000000 0.05737304687500000000 0 0 1 0 8 252 217 254 240 214 242 218 253 
252 3306 0.59936523437500000000 0.05737304687500000000 0 0 1 0 8 255 218 257 251 217 253 214 254 
253 3307 0.59692382812500000000 0.05493164062500000000 0 0 1 0 8 254 252 260 242 240 248 251 259 
254 3308 0.59936523437500000000 0.05493164062500000000 0 0 1 0 8 257 255 263 253 251 259 252 260 
255 3309 0.60180664062500000000 0.05737304687500000000 0 0 1 0 8 256 218 258 252 217 254 229 257 
256 3310 0.60424804687500000000 0.05737304687500000000 0 0 1 0 8 268 229 270 255 218 257 217 258 
257 3311 0.60180664062500000000 0.05493164062500000000 0 0 1 0 8 258 256 264 254 252 260 255 263 
258 3312 0.60424804687500000000 0.05493164062500000000 0 0 1 0 8 270 268 276 257 255 263 256 264 
259 3313 0.59692382812500000000 0.05249023437500000000 0 0 1 0 8 260 254 262 248 242 250 253 261 
260 3314 0.59936523437500000000 0.05249023437500000000 0 0 1 0 8 263 257 265 259 253 261 254 262 
261 3315 0.59692382812500000000 0.05004882812500000000 0 0 1 0 8 262 260 13 250 248 12 259 267 
262 3316 0.59936523437500000000 0.05004882812500000000 0 0 1 0 8 265 263 267 261 259 13 260 12 
263 3317 0.60180664062500000000 0.05249023437500000000 0 0 1 0 8 264 258 266 260 254 262 257 265 
264 3318 0.60424804687500000000 0.05249023437500000000 0 0 1 0 8 276 270 278 263 257 265 258 266 
265 3319 0.60180664062500000000 0.05004882812500000000 0 0 1 0 8 266 264 267 262 260 13 263 14 
266 3320 0.60424804687500000000 0.05004882812500000000 0 0 1 0 8 278 276 14 265 263 267 264 13 
267 3321 0.60302734375000000000 0.04638671875000000000 0 0 1 0 6 14 278 13 262 266 265 
268 3322 0.60668945312500000000 0.05737304687500000000 0 0 1 0 8 269 229 271 256 218 258 230 270 
269 3323 0.60913085937500000000 0.05737304687500000000 0 0 1 0 8 272 230 274 268 229 270 218 271 
270 3324 0.60668945312500000000 0.05493164062500000000 0 0 1 0 8 271 269 277 258 256 264 268 276 
271 3325 0.60913085937500000000 0.05493164062500000000 0 0 1 0 8 274 272 280 270 268 276 269 277 
272 3326 0.61157226562500000000 0.05737304687500000000 0 0 1 0 8 273 230 275 269 229 271 233 274 
273 3327 0.61401367187500000000 0.05737304687500000000 0 0 1 0 8 284 233 286 272 230 274 229 275 
274 3328 0.61157226562500000000 0.05493164062500000000 0 0 1 0 8 275 273 281 271 269 277 272 280 
275 3329 0.61401367187500000000 0.05493164062500000000 0 0 1 0 8 286 284 292 274 272 280 273 281 
276 3330 0.60668945312500000000 0.05249023437500000000 0 0 1 0 8 277 271 279 264 258 266 270 278 
277 3331 0.60913085937500000000 0.05249023437500000000 0 0 1 0 8 280 274 282 276 270 278 271 279 
278 3332 0.60668945312500000000 0.05004882812500000000 0 0 1 0 8 279 277 14 266 264 267 276 300 
279 3333 0.60913085937500000000 0.05004882812500000000 0 0 1 0 8 282 280 300 278 276 14 277 267 
280 3334 0.61157226562500000000 0.05249023437500000000 0 0 1 0 8 281 275 283 277 271 279 274 282 
281 3335 0.61401367187500000000 0.05249023437500000000 0 0 1 0 8 292 286 294 280 274 282 275 283 
282 3336 0.61157226562500000000 0.05004882812500000000 0 0 1 0 8 283 281 300 279 277 14 280 301 
283 3337 0.61401367187500000000 0.05004882812500000000 0 0 1 0 8 294 292 301 282 280 300 281 14 
284 3338 0.61645507812500000000 0.05737304687500000000 0 0 1 0 8 285 233 287 273 230 275 234 286 
285 3339 0.61889648437500000000 0.05737304687500000000 0 0 1 0 8 288 234 290 284 233 286 230 287 
286 3340 0.61645507812500000000 0.05493164062500000000 0 0 1 0 8 287 285 293 275 273 281 284 292 
287 3341 0.61889648437500000000 0.05493164062500000000 0 0 1 0 8 290 288 296 286 284 292 285 293 
288 3342 0.62133789062500000000 0.05737304687500000000 0 0 1 0 8 289 234 291 285 233 287 346 290 
289 3343 0.62377929687500000000 0.05737304687500000000 0 0 1 0 8 366 346 368 288 234 290 233 291 
290 3344 0.62133789062500000000 0.05493164062500000000 0 0 1 0 8 291 289 297 287 285 293 288 296 
291 3345 0.62377929687500000000 0.05493164062500000000 0 0 1 0 8 368 366 374 290 288 296 289 297 
292 3346 0.61645507812500000000 0.05249023437500000000 0 0 1 0 8 293 287 295 281 275 283 286 294 
293 3347 0.61889648437500000000 0.05249023437500000000 0 0 1 0 8 296 290 298 292 286 294 287 295 
294 3348 0.61645507812500000000 0.05004882812500000000 0 0 1 0 8 295 293 301 283 281 300 292 302 
295 3349 0.61889648437500000000 0.05004882812500000000 0 0 1 0 8 298 296 302 294 292 301 293 300 
296 3350 0.62133789062500000000 0.05249023437500000000 0 0 1 0 8 297 291 299 293 287 295 290 298 
297 3351 0.62377929687500000000 0.05249023437500000000 0 0 1 0 8 374 368 376 296 290 298 291 299 
298 3352 0.62133789062500000000 0.05004882812500000000 0 0 1 0 8 299 297 302 295 293 301 296 398 
299 3353 0.62377929687500000000 0.05004882812500000000 0 0 1 0 8 376 374 398 298 296 302 297 301 
300 3354 0.61279296875000000000 0.04638671875000000000 0 0 1 0 7 301 294 15 14 279 283 282 
301 3355 0.61767578125000000000 0.04638671875000000000 0 0 1 0 7 302 298 300 283 295 294 15 
302 3356 0.62255859375000000000 0.04638671875000000000 0 0 1 0 8 398 376 16 301 295 15 299 298 
303 3357 0.63476562500000000000 0.16601562500000000000 0 0 1 0 11 455 454 308 22 436 46 453 304 48 305 309 
304 3358 0.62988281250000000000 0.15136718750000000000 0 0 1 0 8 305 303 307 46 22 48 455 306 
305 3359 0.63964843750000000000 0.15136718750000000000 0 0 1 0 8 308 455 309 304 303 306 22 307 
306 3360 0.62988281250000000000 0.14160156250000000000 0 0 1 0 8 307 305 311 48 46 54 304 310 
307 3361 0.63964843750000000000 0.14160156250000000000 0 0 1 0 8 309 308 314 306 304 310 305 311 
308 3362 0.64941406250000000000 0.15136718750000000000 0 0 1 0 8 457 455 458 305 303 307 456 309 
309 3363 0.64941406250000000000 0.14160156250000000000 0 0 1 0 8 458 457 315 307 305 311 308 314 
310 3364 0.62988281250000000000 0.13183593750000000000 0 0 1 0 8 311 307 313 54 48 56 306 312 
311 3365 0.63964843750000000000 0.13183593750000000000 0 0 1 0 8 314 309 316 310 306 312 307 313 
312 3366 0.62988281250000000000 0.12207031250000000000 0 0 1 0 8 313 311 320 56 54 78 310 319 
313 3367 0.63964843750000000000 0.12207031250000000000 0 0 1 0 8 316 314 323 312 310 319 311 320 
314 3368 0.64941406250000000000 0.13183593750000000000 0 0 1 0 8 315 458 317 311 307 313 309 316 
315 3369 0.65917968750000000000 0.13183593750000000000 0 0 1 0 8 460 459 318 314 309 316 458 317 
316 3370 0.64941406250000000000 0.12207031250000000000 0 0 1 0 8 317 315 324 313 311 320 314 323 
317 3371 0.65917968750000000000 0.12207031250000000000 0 0 1 0 8 318 460 335 316 314 323 315 324 
318 3372 0.66894531250000000000 0.12207031250000000000 0 0 1 0 8 462 461 463 317 315 324 460 335 
319 3373 0.62988281250000000000 0.11230468750000000000 0 0 1 0 8 320 313 322 78 56 80 312 321 
320 3374 0.63964843750000000000 0.11230468750000000000 0 0 1 0 8 323 316 325 319 312 321 313 322 
321 3375 0.62988281250000000000 0.10253906250000000000 0 0 1 0 8 322 320 328 80 78 86 319 327 
322 3376 0.63964843750000000000 0.10253906250000000000 0 0 1 0 8 325 323 331 321 319 327 320 328 
323 3377 0.64941406250000000000 0.11230468750000000000 0 0 1 0 8 324 317 326 320 313 322 316 325 
324 3378 0.65917968750000000000 0.11230468750000000000 0 0 1 0 8 335 318 464 323 316 325 317 326 
325 3379 0.64941406250000000000 0.10253906250000000000 0 0 1 0 8 326 324 332 322 320 328 323 331 
326 3380 0.65917968750000000000 0.10253906250000000000 0 0 1 0 8 464 335 466 325 323 331 324 332 
327 3381 0.62988281250000000000 0.09277343750000000000 0 0 1 0 8 328 322 330 86 80 88 321 329 
328 3382 0.63964843750000000000 0.09277343750000000000 0 0 1 0 8 331 325 333 327 321 329 322 330 
329 3383 0.62988281250000000000 0.08300781250000000000 0 0 1 0 11 330 328 340 88 86 224 327 336 226 337 342 
330 3384 0.63964843750000000000 0.08300781250000000000 0 0 1 0 11 333 331 352 329 327 337 328 340 339 341 354 
331 3385 0.64941406250000000000 0.09277343750000000000 0 0 1 0 8 332 326 334 328 322 330 325 333 
332 3386 0.65917968750000000000 0.09277343750000000000 0 0 1 0 8 466 464 467 331 325 333 326 334 
333 3387 0.64941406250000000000 0.08300781250000000000 0 0 1 0 11 334 332 356 330 328 341 331 352 343 353 358 
334 3388 0.65917968750000000000 0.08300781250000000000 0 0 1 0 11 467 466 476 333 331 353 332 356 355 357 477 
335 3389 0.66894531250000000000 0.11230468750000000000 0 0 1 0 8 463 462 465 324 317 326 318 464 
336 3390 0.62744140625000000000 0.07568359375000000000 0 0 1 0 8 337 329 339 224 88 226 330 338 
337 3391 0.63232421875000000000 0.07568359375000000000 0 0 1 0 8 340 330 342 336 329 338 88 339 
338 3392 0.62744140625000000000 0.07080078125000000000 0 0 1 0 8 339 337 345 226 224 232 336 344 
339 3393 0.63232421875000000000 0.07080078125000000000 0 0 1 0 8 342 340 348 338 336 344 337 345 
340 3394 0.63720703125000000000 0.07568359375000000000 0 0 1 0 8 341 330 343 337 329 339 333 342 
341 3395 0.64208984375000000000 0.07568359375000000000 0 0 1 0 8 352 333 354 340 330 342 329 343 
342 3396 0.63720703125000000000 0.07080078125000000000 0 0 1 0 8 343 341 349 339 337 345 340 348 
343 3397 0.64208984375000000000 0.07080078125000000000 0 0 1 0 8 354 352 360 342 340 348 341 349 
344 3398 0.62744140625000000000 0.06591796875000000000 0 0 1 0 8 345 339 347 232 226 234 338 346 
345 3399 0.63232421875000000000 0.06591796875000000000 0 0 1 0 8 348 342 350 344 338 346 339 347 
346 3400 0.62744140625000000000 0.06103515625000000000 0 0 1 0 11 347 345 370 234 232 289 344 366 291 367 372 
347 3401 0.63232421875000000000 0.06103515625000000000 0 0 1 0 11 350 348 382 346 344 367 345 370 369 371 384 
348 3402 0.63720703125000000000 0.06591796875000000000 0 0 1 0 8 349 343 351 345 339 347 342 350 
349 3403 0.64208984375000000000 0.06591796875000000000 0 0 1 0 8 360 354 362 348 342 350 343 351 
350 3404 0.63720703125000000000 0.06103515625000000000 0 0 1 0 11 351 349 386 347 345 371 348 382 373 383 388 
351 3405 0.64208984375000000000 0.06103515625000000000 0 0 1 0 11 362 360 402 350 348 383 349 386 385 387 404 
352 3406 0.64697265625000000000 0.07568359375000000000 0 0 1 0 8 353 333 355 341 330 343 334 354 
353 3407 0.65185546875000000000 0.07568359375000000000 0 0 1 0 8 356 334 358 352 333 354 330 355 
354 3408 0.64697265625000000000 0.07080078125000000000 0 0 1 0 8 355 353 361 343 341 349 352 360 
355 3409 0.65185546875000000000 0.07080078125000000000 0 0 1 0 8 358 356 364 354 352 360 353 361 
356 3410 0.65673828125000000000 0.07568359375000000000 0 0 1 0 8 357 334 359 353 333 355 467 358 
357 3411 0.66162109375000000000 0.07568359375000000000 0 0 1 0 8 476 467 477 356 334 358 333 359 
358 3412 0.65673828125000000000 0.07080078125000000000 0 0 1 0 8 359 357 468 355 353 361 356 364 
359 3413 0.66162109375000000000 0.07080078125000000000 0 0 1 0 8 477 476 478 358 356 364 357 468 
360 3414 0.64697265625000000000 0.06591796875000000000 0 0 1 0 8 361 355 363 349 343 351 354 362 
361 3415 0.65185546875000000000 0.06591796875000000000 0 0 1 0 8 364 358 365 360 354 362 355 363 
362 3416 0.64697265625000000000 0.06103515625000000000 0 0 1 0 11 363 361 406 351 349 387 360 402 389 403 408 
363 3417 0.65185546875000000000 0.06103515625000000000 0 0 1 0 11 365 364 418 362 360 403 361 406 405 407 420 
364 3418 0.65673828125000000000 0.06591796875000000000 0 0 1 0 8 468 359 469 361 355 363 358 365 
365 3419 0.65673828125000000000 0.06103515625000000000 0 0 1 0 11 469 468 470 363 361 407 364 418 409 419 471 
366 3420 0.62622070312500000000 0.05737304687500000000 0 0 1 0 8 367 346 369 289 234 291 347 368 
367 3421 0.62866210937500000000 0.05737304687500000000 0 0 1 0 8 370 347 372 366 346 368 234 369 
368 3422 0.62622070312500000000 0.05493164062500000000 0 0 1 0 8 369 367 375 291 289 297 366 374 
369 3423 0.62866210937500000000 0.05493164062500000000 0 0 1 0 8 372 370 378 368 366 374 367 375 
370 3424 0.63110351562500000000 0.05737304687500000000 0 0 1 0 8 371 347 373 367 346 369 350 372 
371 3425 0.63354492187500000000 0.05737304687500000000 0 0 1 0 8 382 350 384 370 347 372 346 373 
372 3426 0.63110351562500000000 0.05493164062500000000 0 0 1 0 8 373 371 379 369 367 375 370 378 
373 3427 0.63354492187500000000 0.05493164062500000000 0 0 1 0 8 384 382 390 372 370 378 371 379 
374 3428 0.62622070312500000000 0.05249023437500000000 0 0 1 0 8 375 369 377 297 291 299 368 376 
375 3429 0.62866210937500000000 0.05249023437500000000 0 0 1 0 8 378 372 380 374 368 376 369 377 
376 3430 0.62622070312500000000 0.05004882812500000000 0 0 1 0 8 377 375 398 299 297 302 374 399 
377 3431 0.62866210937500000000 0.05004882812500000000 0 0 1 0 8 380 378 399 376 374 398 375 302 
378 3432 0.63110351562500000000 0.05249023437500000000 0 0 1 0 8 379 373 381 375 369 377 372 380 
379 3433 0.63354492187500000000 0.05249023437500000000 0 0 1 0 8 390 384 392 378 372 380 373 381 
380 3434 0.63110351562500000000 0.05004882812500000000 0 0 1 0 8 381 379 399 377 375 398 378 400 
381 3435 0.63354492187500000000 0.05004882812500000000 0 0 1 0 8 392 390 400 380 378 399 379 398 
382 3436 0.63598632812500000000 0.05737304687500000000 0 0 1 0 8 383 350 385 371 347 373 351 384 
383 3437 0.63842773437500000000 0.05737304687500000000 0 0 1 0 8 386 351 388 382 350 384 347 385 
384 3438 0.63598632812500000000 0.05493164062500000000 0 0 1 0 8 385 383 391 373 371 379 382 390 
385 3439 0.63842773437500000000 0.05493164062500000000 0 0 1 0 8 388 386 394 384 382 390 383 391 
386 3440 0.64086914062500000000 0.05737304687500000000 0 0 1 0 8 387 351 389 383 350 385 362 388 
387 3441 0.64331054687500000000 0.05737304687500000000 0 0 1 0 8 402 362 404 386 351 388 350 389 
388 3442 0.64086914062500000000 0.05493164062500000000 0 0 1 0 8 389 387 395 385 383 391 386 394 
389 3443 0.64331054687500000000 0.05493164062500000000 0 0 1 0 8 404 402 410 388 386 394 387 395 
390 3444 0.63598632812500000000 0.05249023437500000000 0 0 1 0 8 391 385 393 379 373 381 384 392 
391 3445 0.63842773437500000000 0.05249023437500000000 0 0 1 0 8 394 388 396 390 384 392 385 393 
392 3446 0.63598632812500000000 0.05004882812500000000 0 0 1 0 8 393 391 400 381 379 399 390 401 
393 3447 0.63842773437500000000 0.05004882812500000000 0 0 1 0 8 396 394 401 392 390 400 391 399 
394 3448 0.64086914062500000000 0.05249023437500000000 0 0 1 0 8 395 389 397 391 385 393 388 396 
395 3449 0.64331054687500000000 0.05249023437500000000 0 0 1 0 8 410 404 412 394 388 396 389 397 
396 3450 0.64086914062500000000 0.05004882812500000000 0 0 1 0 8 397 395 401 393 391 400 394 426 
397 3451 0.64331054687500000000 0.05004882812500000000 0 0 1 0 8 412 410 426 396 394 401 395 400 
398 3452 0.62744140625000000000 0.04638671875000000000 0 0 1 0 7 399 380 302 299 377 376 16 
399 3453 0.63232421875000000000 0.04638671875000000000 0 0 1 0 8 400 392 17 398 377 16 381 380 
400 3454 0.63720703125000000000 0.04638671875000000000 0 0 1 0 8 401 396 18 399 381 393 392 17 
401 3455 0.64208984375000000000 0.04638671875000000000 0 0 1 0 9 426 412 19 400 393 17 397 396 18 
402 3456 0.64575195312500000000 0.05737304687500000000 0 0 1 0 8 403 362 405 387 351 389 363 404 
403 3457 0.64819335937500000000 0.05737304687500000000 0 0 1 0 8 406 363 408 402 362 404 351 405 
404 3458 0.64575195312500000000 0.05493164062500000000 0 0 1 0 8 405 403 411 389 387 395 402 410 
405 3459 0.64819335937500000000 0.05493164062500000000 0 0 1 0 8 408 406 414 404 402 410 403 411 
406 3460 0.65063476562500000000 0.05737304687500000000 0 0 1 0 8 407 363 409 403 362 405 365 408 
407 3461 0.65307617187500000000 0.05737304687500000000 0 0 1 0 8 418 365 420 406 363 408 362 409 
408 3462 0.65063476562500000000 0.05493164062500000000 0 0 1 0 8 409 407 415 405 403 411 406 414 
409 3463 0.65307617187500000000 0.05493164062500000000 0 0 1 0 8 420 418 422 408 406 414 407 415 
410 3464 0.64575195312500000000 0.05249023437500000000 0 0 1 0 8 411 405 413 395 389 397 404 412 
411 3465 0.64819335937500000000 0.05249023437500000000 0 0 1 0 8 414 408 416 410 404 412 405 413 
412 3466 0.64575195312500000000 0.05004882812500000000 0 0 1 0 8 413 411 426 397 395 401 410 427 
413 3467 0.64819335937500000000 0.05004882812500000000 0 0 1 0 8 416 414 427 412 410 426 411 401 
414 3468 0.65063476562500000000 0.05249023437500000000 0 0 1 0 8 415 409 417 411 405 413 408 416 
415 3469 0.65307617187500000000 0.05249023437500000000 0 0 1 0 8 422 420 424 414 408 416 409 417 
416 3470 0.65063476562500000000 0.05004882812500000000 0 0 1 0 8 417 415 427 413 411 426 414 429 
417 3471 0.65307617187500000000 0.05004882812500000000 0 0 1 0 8 424 422 429 416 414 427 415 426 
418 3472 0.65551757812500000000 0.05737304687500000000 0 0 1 0 8 419 365 421 407 363 409 469 420 
419 3473 0.65795898437500000000 0.05737304687500000000 0 0 1 0 8 470 469 471 418 365 420 363 421 
420 3474 0.65551757812500000000 0.05493164062500000000 0 0 1 0 8 421 419 423 409 407 415 418 422 
421 3475 0.65795898437500000000 0.05493164062500000000 0 0 1 0 8 471 470 472 420 418 422 419 423 
422 3476 0.65551757812500000000 0.05249023437500000000 0 0 1 0 8 423 421 425 415 409 417 420 424 
423 3477 0.65795898437500000000 0.05249023437500000000 0 0 1 0 8 472 471 473 422 420 424 421 425 
424 3478 0.65551757812500000000 0.05004882812500000000 0 0 1 0 8 425 423 429 417 415 427 422 474 
425 3479 0.65795898437500000000 0.05004882812500000000 0 0 1 0 8 473 472 474 424 422 429 423 427 
426 3480 0.64697265625000000000 0.04638671875000000000 0 0 1 0 9 427 416 428 401 397 18 413 412 19 
427 3481 0.65185546875000000000 0.04638671875000000000 0 0 1 0 9 429 424 20 426 413 19 417 416 428 
428 3482 0.65185546875000000000 0.04150390625000000000 0 0 1 0 5 20 429 19 426 427 
429 3483 0.65673828125000000000 0.04638671875000000000 0 0 1 0 9 474 473 475 427 417 428 425 424 20 
430 895 0.52201339000000002155 0.05072792400000000063 2 
431 3484 0.66563432000000000155 0.03899874999999999869 8 
432 1120 0.57617187500000000000 0.18554687500000000000 2 
433 1121 0.55664062500000000000 0.16601562500000000000 2 
434 1122 0.57617187500000000000 0.16601562500000000000 2 
435 1123 0.59570312500000000000 0.18554687500000000000 2 
436 3921 0.61523437500000000000 0.18554687500000000000 9 
437 1230 0.54199218750000000000 0.14160156250000000000 2 
438 1236 0.54199218750000000000 0.13183593750000000000 2 
439 1238 0.54199218750000000000 0.12207031250000000000 2 
440 1258 0.52246093750000000000 0.10253906250000000000 2 
441 1259 0.53222656250000000000 0.11230468750000000000 2 
442 1260 0.54199218750000000000 0.11230468750000000000 2 
443 1261 0.53222656250000000000 0.10253906250000000000 2 
444 1263 0.52246093750000000000 0.09277343750000000000 2 
445 1265 0.52246093750000000000 0.08300781250000000000 2 
446 1266 0.55175781250000000000 0.15136718750000000000 2 
447 1267 0.56152343750000000000 0.15136718750000000000 2 
448 1268 0.55175781250000000000 0.14160156250000000000 2 
449 1306 0.52490234375000000000 0.07568359375000000000 2 
450 1308 0.52490234375000000000 0.07080078125000000000 2 
451 1314 0.52490234375000000000 0.06591796875000000000 2 
452 1316 0.52490234375000000000 0.06103515625000000000 2 
453 3991 0.63476562500000000000 0.18554687500000000000 9 
454 3992 0.65429687500000000000 0.18554687500000000000 9 
455 3993 0.65429687500000000000 0.16601562500000000000 9 
456 3996 0.67382812500000000000 0.16601562500000000000 9 
457 4075 0.65917968750000000000 0.15136718750000000000 9 
458 4076 0.65917968750000000000 0.14160156250000000000 9 
459 4079 0.66894531250000000000 0.14160156250000000000 9 
460 4085 0.66894531250000000000 0.13183593750000000000 9 
461 4086 0.67871093750000000000 0.13183593750000000000 9 
462 4087 0.67871093750000000000 0.12207031250000000000 9 
463 3500 0.67871093750000000000 0.11230468750000000000 8 
464 3501 0.66894531250000000000 0.10253906250000000000 8 
465 3502 0.67871093750000000000 0.10253906250000000000 8 
466 3507 0.66894531250000000000 0.09277343750000000000 8 
467 3509 0.66894531250000000000 0.08300781250000000000 8 
468 3538 0.66162109375000000000 0.06591796875000000000 8 
469 3539 0.66162109375000000000 0.06103515625000000000 8 
470 3540 0.66040039062500000000 0.05737304687500000000 8 
471 3542 0.66040039062500000000 0.05493164062500000000 8 
472 3544 0.66040039062500000000 0.05249023437500000000 8 
473 3546 0.66040039062500000000 0.05004882812500000000 8 
474 3548 0.66162109375000000000 0.04638671875000000000 8 
475 3549 0.66162109375000000000 0.04150390625000000000 8 
476 3550 0.66650390625000000000 0.07568359375000000000 8 
477 3552 0.66650390625000000000 0.07080078125000000000 8 
478 3558 0.66650390625000000000 0.06591796875000000000 8 
