474 420 54
1 3484 0.66563432000000000155 0.03899874999999999869 421 2 0 1 6 145 66 142 141 421 2 
2 3485 0.67483629000000000531 0.03813454100000000097 1 3 0 1 8 144 146 1 3 155 157 158 161 
3 3486 0.68397127999999995929 0.03726452699999999868 2 4 0 1 8 205 206 209 2 4 159 160 162 
4 3487 0.69303577999999999015 0.03638946199999999742 3 5 0 1 8 206 209 210 3 5 219 221 225 
5 3488 0.69753116983018792485 0.03595118298758494951 4 6 0 1 8 210 4 6 221 222 223 225 355 
6 3489 0.70202633000000003172 0.03551009200000000005 5 7 0 1 7 355 269 222 226 225 5 7 
7 3490 0.71093947999999995702 0.03462715400000000027 6 8 0 1 8 269 270 271 273 274 6 8 355 
8 3491 0.71977181000000001188 0.03374138100000000084 7 9 0 1 8 270 273 274 283 7 285 9 289 
9 3492 0.72851995000000002722 0.03285349700000000234 8 10 0 1 6 289 274 286 285 8 10 
10 3493 0.73718052999999994501 0.03196422000000000152 9 11 0 1 6 333 286 290 289 9 11 
11 3494 0.74575024999999994790 0.03107426199999999833 10 12 0 1 7 356 337 290 334 333 10 12 
12 3495 0.75422580999999999651 0.03018432899999999933 11 13 0 1 7 333 337 11 13 356 357 358 
13 3496 0.76260397000000001988 0.02929512199999999983 12 14 0 1 8 367 369 370 373 12 14 358 361 
14 3497 0.76674285112692885935 0.02885236804640934141 13 15 0 1 7 368 369 370 373 374 13 15 
15 3498 0.77088153000000003701 0.02840733800000000073 14 16 0 1 7 373 374 383 384 385 14 16 
16 3499 0.77905530000000000612 0.02752167000000000155 15 422 0 1 6 417 386 390 389 15 422 
17 3500 0.67871093750000000000 0.11230468750000000000 0 0 1 0 8 20 425 22 431 423 18 424 19 
18 3501 0.66894531250000000000 0.10253906250000000000 0 0 1 0 8 19 17 25 428 427 429 431 24 
19 3502 0.67871093750000000000 0.10253906250000000000 0 0 1 0 8 22 20 28 18 431 24 17 25 
20 3503 0.68847656250000000000 0.11230468750000000000 0 0 1 0 8 21 426 23 17 424 19 425 22 
21 3504 0.69824218750000000000 0.11230468750000000000 0 0 1 0 8 32 432 34 20 425 22 426 23 
22 3505 0.68847656250000000000 0.10253906250000000000 0 0 1 0 8 23 21 29 19 17 25 20 28 
23 3506 0.69824218750000000000 0.10253906250000000000 0 0 1 0 8 34 32 38 22 20 28 21 29 
24 3507 0.66894531250000000000 0.09277343750000000000 0 0 1 0 8 25 19 27 429 428 430 18 26 
25 3508 0.67871093750000000000 0.09277343750000000000 0 0 1 0 8 28 22 30 24 18 26 19 27 
26 3509 0.66894531250000000000 0.08300781250000000000 0 0 1 0 11 27 25 71 430 429 443 24 67 445 68 73 
27 3510 0.67871093750000000000 0.08300781250000000000 0 0 1 0 11 30 28 83 26 24 68 25 71 70 72 85 
28 3511 0.68847656250000000000 0.09277343750000000000 0 0 1 0 8 29 23 31 25 19 27 22 30 
29 3512 0.69824218750000000000 0.09277343750000000000 0 0 1 0 8 38 34 40 28 22 30 23 31 
30 3513 0.68847656250000000000 0.08300781250000000000 0 0 1 0 11 31 29 87 27 25 72 28 83 74 84 89 
31 3514 0.69824218750000000000 0.08300781250000000000 0 0 1 0 11 40 38 227 30 28 84 29 87 86 88 229 
32 3515 0.70800781250000000000 0.11230468750000000000 0 0 1 0 8 33 433 35 21 426 23 432 34 
33 3516 0.71777343750000000000 0.11230468750000000000 0 0 1 0 8 435 434 36 32 432 34 433 35 
34 3517 0.70800781250000000000 0.10253906250000000000 0 0 1 0 8 35 33 39 23 21 29 32 38 
35 3518 0.71777343750000000000 0.10253906250000000000 0 0 1 0 8 36 435 42 34 32 38 33 39 
36 3519 0.72753906250000000000 0.10253906250000000000 0 0 1 0 8 37 436 43 35 33 39 435 42 
37 3520 0.73730468750000000000 0.10253906250000000000 0 0 1 0 8 46 437 48 36 435 42 436 43 
38 3521 0.70800781250000000000 0.09277343750000000000 0 0 1 0 8 39 35 41 29 23 31 34 40 
39 3522 0.71777343750000000000 0.09277343750000000000 0 0 1 0 8 42 36 44 38 34 40 35 41 
40 3523 0.70800781250000000000 0.08300781250000000000 0 0 1 0 11 41 39 231 31 29 88 38 227 90 228 233 
41 3524 0.71777343750000000000 0.08300781250000000000 0 0 1 0 11 44 42 243 40 38 228 39 231 230 232 245 
42 3525 0.72753906250000000000 0.09277343750000000000 0 0 1 0 8 43 37 45 39 35 41 36 44 
43 3526 0.73730468750000000000 0.09277343750000000000 0 0 1 0 8 48 46 50 42 36 44 37 45 
44 3527 0.72753906250000000000 0.08300781250000000000 0 0 1 0 11 45 43 247 41 39 232 42 243 234 244 249 
45 3528 0.73730468750000000000 0.08300781250000000000 0 0 1 0 11 50 48 291 44 42 244 43 247 246 248 293 
46 3529 0.74707031250000000000 0.10253906250000000000 0 0 1 0 8 47 438 49 37 436 43 437 48 
47 3530 0.75683593750000000000 0.10253906250000000000 0 0 1 0 8 440 439 52 46 437 48 438 49 
48 3531 0.74707031250000000000 0.09277343750000000000 0 0 1 0 8 49 47 51 43 37 45 46 50 
49 3532 0.75683593750000000000 0.09277343750000000000 0 0 1 0 8 52 440 53 48 46 50 47 51 
50 3533 0.74707031250000000000 0.08300781250000000000 0 0 1 0 11 51 49 295 45 43 248 48 291 250 292 297 
51 3534 0.75683593750000000000 0.08300781250000000000 0 0 1 0 11 53 52 307 50 48 292 49 295 294 296 309 
52 3535 0.76660156250000000000 0.09277343750000000000 0 0 1 0 8 442 441 54 49 47 51 440 53 
53 3536 0.76660156250000000000 0.08300781250000000000 0 0 1 0 11 54 442 311 51 49 296 52 307 298 308 313 
54 3537 0.77636718750000000000 0.08300781250000000000 0 0 1 0 11 454 453 391 53 52 308 442 311 310 312 392 
55 3538 0.66162109375000000000 0.06591796875000000000 0 0 1 0 8 75 69 77 446 444 447 445 56 
56 3539 0.66162109375000000000 0.06103515625000000000 0 0 1 0 11 77 75 99 447 446 448 55 57 449 58 101 
57 3540 0.66040039062500000000 0.05737304687500000000 0 0 1 0 8 58 56 60 448 447 449 77 59 
58 3541 0.66284179687500000000 0.05737304687500000000 0 0 1 0 8 99 77 101 57 56 59 447 60 
59 3542 0.66040039062500000000 0.05493164062500000000 0 0 1 0 8 60 58 62 449 448 450 57 61 
60 3543 0.66284179687500000000 0.05493164062500000000 0 0 1 0 8 101 99 107 59 57 61 58 62 
61 3544 0.66040039062500000000 0.05249023437500000000 0 0 1 0 8 62 60 64 450 449 451 59 63 
62 3545 0.66284179687500000000 0.05249023437500000000 0 0 1 0 8 107 101 109 61 59 63 60 64 
63 3546 0.66040039062500000000 0.05004882812500000000 0 0 1 0 7 64 62 65 451 450 452 61 
64 3547 0.66284179687500000000 0.05004882812500000000 0 0 1 0 8 109 107 131 63 61 65 62 452 
65 3548 0.66162109375000000000 0.04638671875000000000 0 0 1 0 11 131 109 133 139 452 451 421 64 63 66 141 
66 3549 0.66162109375000000000 0.04150390625000000000 0 0 1 0 7 139 133 141 1 421 452 65 
67 3550 0.66650390625000000000 0.07568359375000000000 0 0 1 0 8 68 26 70 443 430 445 27 69 
68 3551 0.67138671875000000000 0.07568359375000000000 0 0 1 0 8 71 27 73 67 26 69 430 70 
69 3552 0.66650390625000000000 0.07080078125000000000 0 0 1 0 8 70 68 76 445 443 55 67 75 
70 3553 0.67138671875000000000 0.07080078125000000000 0 0 1 0 8 73 71 79 69 67 75 68 76 
71 3554 0.67626953125000000000 0.07568359375000000000 0 0 1 0 8 72 27 74 68 26 70 30 73 
72 3555 0.68115234375000000000 0.07568359375000000000 0 0 1 0 8 83 30 85 71 27 73 26 74 
73 3556 0.67626953125000000000 0.07080078125000000000 0 0 1 0 8 74 72 80 70 68 76 71 79 
74 3557 0.68115234375000000000 0.07080078125000000000 0 0 1 0 8 85 83 91 73 71 79 72 80 
75 3558 0.66650390625000000000 0.06591796875000000000 0 0 1 0 8 76 70 78 55 445 56 69 77 
76 3559 0.67138671875000000000 0.06591796875000000000 0 0 1 0 8 79 73 81 75 69 77 70 78 
77 3560 0.66650390625000000000 0.06103515625000000000 0 0 1 0 11 78 76 103 56 55 58 75 99 60 100 105 
78 3561 0.67138671875000000000 0.06103515625000000000 0 0 1 0 11 81 79 115 77 75 100 76 103 102 104 117 
79 3562 0.67626953125000000000 0.06591796875000000000 0 0 1 0 8 80 74 82 76 70 78 73 81 
80 3563 0.68115234375000000000 0.06591796875000000000 0 0 1 0 8 91 85 93 79 73 81 74 82 
81 3564 0.67626953125000000000 0.06103515625000000000 0 0 1 0 11 82 80 119 78 76 104 79 115 106 116 121 
82 3565 0.68115234375000000000 0.06103515625000000000 0 0 1 0 11 93 91 163 81 79 116 80 119 118 120 165 
83 3566 0.68603515625000000000 0.07568359375000000000 0 0 1 0 8 84 30 86 72 27 74 31 85 
84 3567 0.69091796875000000000 0.07568359375000000000 0 0 1 0 8 87 31 89 83 30 85 27 86 
85 3568 0.68603515625000000000 0.07080078125000000000 0 0 1 0 8 86 84 92 74 72 80 83 91 
86 3569 0.69091796875000000000 0.07080078125000000000 0 0 1 0 8 89 87 95 85 83 91 84 92 
87 3570 0.69580078125000000000 0.07568359375000000000 0 0 1 0 8 88 31 90 84 30 86 40 89 
88 3571 0.70068359375000000000 0.07568359375000000000 0 0 1 0 8 227 40 229 87 31 89 30 90 
89 3572 0.69580078125000000000 0.07080078125000000000 0 0 1 0 8 90 88 96 86 84 92 87 95 
90 3573 0.70068359375000000000 0.07080078125000000000 0 0 1 0 8 229 227 235 89 87 95 88 96 
91 3574 0.68603515625000000000 0.06591796875000000000 0 0 1 0 8 92 86 94 80 74 82 85 93 
92 3575 0.69091796875000000000 0.06591796875000000000 0 0 1 0 8 95 89 97 91 85 93 86 94 
93 3576 0.68603515625000000000 0.06103515625000000000 0 0 1 0 11 94 92 167 82 80 120 91 163 122 164 169 
94 3577 0.69091796875000000000 0.06103515625000000000 0 0 1 0 11 97 95 179 93 91 164 92 167 166 168 181 
95 3578 0.69580078125000000000 0.06591796875000000000 0 0 1 0 8 96 90 98 92 86 94 89 97 
96 3579 0.70068359375000000000 0.06591796875000000000 0 0 1 0 8 235 229 237 95 89 97 90 98 
97 3580 0.69580078125000000000 0.06103515625000000000 0 0 1 0 11 98 96 183 94 92 168 95 179 170 180 185 
98 3581 0.70068359375000000000 0.06103515625000000000 0 0 1 0 10 237 235 259 97 95 180 96 183 182 184 
99 3582 0.66528320312500000000 0.05737304687500000000 0 0 1 0 8 100 77 102 58 56 60 78 101 
100 3583 0.66772460937500000000 0.05737304687500000000 0 0 1 0 8 103 78 105 99 77 101 56 102 
101 3584 0.66528320312500000000 0.05493164062500000000 0 0 1 0 8 102 100 108 60 58 62 99 107 
102 3585 0.66772460937500000000 0.05493164062500000000 0 0 1 0 8 105 103 111 101 99 107 100 108 
103 3586 0.67016601562500000000 0.05737304687500000000 0 0 1 0 8 104 78 106 100 77 102 81 105 
104 3587 0.67260742187500000000 0.05737304687500000000 0 0 1 0 8 115 81 117 103 78 105 77 106 
105 3588 0.67016601562500000000 0.05493164062500000000 0 0 1 0 8 106 104 112 102 100 108 103 111 
106 3589 0.67260742187500000000 0.05493164062500000000 0 0 1 0 8 117 115 123 105 103 111 104 112 
107 3590 0.66528320312500000000 0.05249023437500000000 0 0 1 0 8 108 102 110 62 60 64 101 109 
108 3591 0.66772460937500000000 0.05249023437500000000 0 0 1 0 8 111 105 113 107 101 109 102 110 
109 3592 0.66528320312500000000 0.05004882812500000000 0 0 1 0 8 110 108 132 64 62 65 107 131 
110 3593 0.66772460937500000000 0.05004882812500000000 0 0 1 0 8 113 111 135 109 107 131 108 132 
111 3594 0.67016601562500000000 0.05249023437500000000 0 0 1 0 8 112 106 114 108 102 110 105 113 
112 3595 0.67260742187500000000 0.05249023437500000000 0 0 1 0 8 123 117 125 111 105 113 106 114 
113 3596 0.67016601562500000000 0.05004882812500000000 0 0 1 0 8 114 112 136 110 108 132 111 135 
114 3597 0.67260742187500000000 0.05004882812500000000 0 0 1 0 8 125 123 147 113 111 135 112 136 
115 3598 0.67504882812500000000 0.05737304687500000000 0 0 1 0 8 116 81 118 104 78 106 82 117 
116 3599 0.67749023437500000000 0.05737304687500000000 0 0 1 0 8 119 82 121 115 81 117 78 118 
117 3600 0.67504882812500000000 0.05493164062500000000 0 0 1 0 8 118 116 124 106 104 112 115 123 
118 3601 0.67749023437500000000 0.05493164062500000000 0 0 1 0 8 121 119 127 117 115 123 116 124 
119 3602 0.67993164062500000000 0.05737304687500000000 0 0 1 0 8 120 82 122 116 81 118 93 121 
120 3603 0.68237304687500000000 0.05737304687500000000 0 0 1 0 8 163 93 165 119 82 121 81 122 
121 3604 0.67993164062500000000 0.05493164062500000000 0 0 1 0 8 122 120 128 118 116 124 119 127 
122 3605 0.68237304687500000000 0.05493164062500000000 0 0 1 0 8 165 163 171 121 119 127 120 128 
123 3606 0.67504882812500000000 0.05249023437500000000 0 0 1 0 8 124 118 126 112 106 114 117 125 
124 3607 0.67749023437500000000 0.05249023437500000000 0 0 1 0 8 127 121 129 123 117 125 118 126 
125 3608 0.67504882812500000000 0.05004882812500000000 0 0 1 0 8 126 124 148 114 112 136 123 147 
126 3609 0.67749023437500000000 0.05004882812500000000 0 0 1 0 8 129 127 151 125 123 147 124 148 
127 3610 0.67993164062500000000 0.05249023437500000000 0 0 1 0 8 128 122 130 124 118 126 121 129 
128 3611 0.68237304687500000000 0.05249023437500000000 0 0 1 0 8 171 165 173 127 121 129 122 130 
129 3612 0.67993164062500000000 0.05004882812500000000 0 0 1 0 8 130 128 152 126 124 148 127 151 
130 3613 0.68237304687500000000 0.05004882812500000000 0 0 1 0 8 173 171 195 129 127 151 128 152 
131 3614 0.66528320312500000000 0.04760742187500000000 0 0 1 0 8 132 110 134 65 66 109 64 133 
132 3615 0.66772460937500000000 0.04760742187500000000 0 0 1 0 8 135 113 137 131 109 133 110 134 
133 3616 0.66528320312500000000 0.04516601562500000000 0 0 1 0 7 134 132 140 65 66 131 139 
134 3617 0.66772460937500000000 0.04516601562500000000 0 0 1 0 8 137 135 143 133 131 139 132 140 
135 3618 0.67016601562500000000 0.04760742187500000000 0 0 1 0 8 136 114 138 132 110 134 113 137 
136 3619 0.67260742187500000000 0.04760742187500000000 0 0 1 0 8 147 125 149 135 113 137 114 138 
137 3620 0.67016601562500000000 0.04516601562500000000 0 0 1 0 8 138 136 144 134 132 140 135 143 
138 3621 0.67260742187500000000 0.04516601562500000000 0 0 1 0 8 149 147 155 137 135 143 136 144 
139 3622 0.66528320312500000000 0.04272460937500000000 0 0 1 0 7 140 134 142 66 65 133 141 
140 3623 0.66772460937500000000 0.04272460937500000000 0 0 1 0 8 143 137 145 139 133 141 134 142 
141 3624 0.66528320312500000000 0.04028320312500000000 0 0 1 0 6 142 140 1 66 65 139 
142 3625 0.66772460937500000000 0.04028320312500000000 0 0 1 0 6 145 143 141 139 1 140 
143 3626 0.67016601562500000000 0.04272460937500000000 0 0 1 0 8 144 138 146 140 134 142 137 145 
144 3627 0.67260742187500000000 0.04272460937500000000 0 0 1 0 8 155 149 157 143 137 145 138 146 
145 3628 0.67016601562500000000 0.04028320312500000000 0 0 1 0 7 146 144 142 140 1 143 2 
146 3629 0.67260742187500000000 0.04028320312500000000 0 0 1 0 7 157 155 2 145 143 144 1 
147 3630 0.67504882812500000000 0.04760742187500000000 0 0 1 0 8 148 126 150 136 114 138 125 149 
148 3631 0.67749023437500000000 0.04760742187500000000 0 0 1 0 8 151 129 153 147 125 149 126 150 
149 3632 0.67504882812500000000 0.04516601562500000000 0 0 1 0 8 150 148 156 138 136 144 147 155 
150 3633 0.67749023437500000000 0.04516601562500000000 0 0 1 0 8 153 151 159 149 147 155 148 156 
151 3634 0.67993164062500000000 0.04760742187500000000 0 0 1 0 8 152 130 154 148 126 150 129 153 
152 3635 0.68237304687500000000 0.04760742187500000000 0 0 1 0 8 195 173 197 151 129 153 130 154 
153 3636 0.67993164062500000000 0.04516601562500000000 0 0 1 0 8 154 152 160 150 148 156 151 159 
154 3637 0.68237304687500000000 0.04516601562500000000 0 0 1 0 8 197 195 203 153 151 159 152 160 
155 3638 0.67504882812500000000 0.04272460937500000000 0 0 1 0 8 156 150 158 144 138 146 149 157 
156 3639 0.67749023437500000000 0.04272460937500000000 0 0 1 0 8 159 153 161 155 149 157 150 158 
157 3640 0.67504882812500000000 0.04028320312500000000 0 0 1 0 6 158 156 2 146 144 155 
158 3641 0.67749023437500000000 0.04028320312500000000 0 0 1 0 6 161 159 157 155 2 156 
159 3642 0.67993164062500000000 0.04272460937500000000 0 0 1 0 8 160 154 162 156 150 158 153 161 
160 3643 0.68237304687500000000 0.04272460937500000000 0 0 1 0 8 203 197 205 159 153 161 154 162 
161 3644 0.67993164062500000000 0.04028320312500000000 0 0 1 0 7 162 160 158 156 2 159 3 
162 3645 0.68237304687500000000 0.04028320312500000000 0 0 1 0 7 205 203 3 161 159 160 2 
163 3646 0.68481445312500000000 0.05737304687500000000 0 0 1 0 8 164 93 166 120 82 122 94 165 
164 3647 0.68725585937500000000 0.05737304687500000000 0 0 1 0 8 167 94 169 163 93 165 82 166 
165 3648 0.68481445312500000000 0.05493164062500000000 0 0 1 0 8 166 164 172 122 120 128 163 171 
166 3649 0.68725585937500000000 0.05493164062500000000 0 0 1 0 8 169 167 175 165 163 171 164 172 
167 3650 0.68969726562500000000 0.05737304687500000000 0 0 1 0 8 168 94 170 164 93 166 97 169 
168 3651 0.69213867187500000000 0.05737304687500000000 0 0 1 0 8 179 97 181 167 94 169 93 170 
169 3652 0.68969726562500000000 0.05493164062500000000 0 0 1 0 8 170 168 176 166 164 172 167 175 
170 3653 0.69213867187500000000 0.05493164062500000000 0 0 1 0 8 181 179 187 169 167 175 168 176 
171 3654 0.68481445312500000000 0.05249023437500000000 0 0 1 0 8 172 166 174 128 122 130 165 173 
172 3655 0.68725585937500000000 0.05249023437500000000 0 0 1 0 8 175 169 177 171 165 173 166 174 
173 3656 0.68481445312500000000 0.05004882812500000000 0 0 1 0 8 174 172 196 130 128 152 171 195 
174 3657 0.68725585937500000000 0.05004882812500000000 0 0 1 0 8 177 175 199 173 171 195 172 196 
175 3658 0.68969726562500000000 0.05249023437500000000 0 0 1 0 8 176 170 178 172 166 174 169 177 
176 3659 0.69213867187500000000 0.05249023437500000000 0 0 1 0 8 187 181 189 175 169 177 170 178 
177 3660 0.68969726562500000000 0.05004882812500000000 0 0 1 0 8 178 176 200 174 172 196 175 199 
178 3661 0.69213867187500000000 0.05004882812500000000 0 0 1 0 8 189 187 211 177 175 199 176 200 
179 3662 0.69458007812500000000 0.05737304687500000000 0 0 1 0 8 180 97 182 168 94 170 98 181 
180 3663 0.69702148437500000000 0.05737304687500000000 0 0 1 0 8 183 98 185 179 97 181 94 182 
181 3664 0.69458007812500000000 0.05493164062500000000 0 0 1 0 8 182 180 188 170 168 176 179 187 
182 3665 0.69702148437500000000 0.05493164062500000000 0 0 1 0 8 185 183 191 181 179 187 180 188 
183 3666 0.69946289062500000000 0.05737304687500000000 0 0 1 0 8 184 98 186 180 97 182 237 185 
184 3667 0.70190429687500000000 0.05737304687500000000 0 0 1 0 8 259 237 261 183 98 185 97 186 
185 3668 0.69946289062500000000 0.05493164062500000000 0 0 1 0 8 186 184 192 182 180 188 183 191 
186 3669 0.70190429687500000000 0.05493164062500000000 0 0 1 0 8 259 237 261 185 183 191 184 192 
187 3670 0.69458007812500000000 0.05249023437500000000 0 0 1 0 8 188 182 190 176 170 178 181 189 
188 3671 0.69702148437500000000 0.05249023437500000000 0 0 1 0 8 191 185 193 187 181 189 182 190 
189 3672 0.69458007812500000000 0.05004882812500000000 0 0 1 0 8 190 188 212 178 176 200 187 211 
190 3673 0.69702148437500000000 0.05004882812500000000 0 0 1 0 8 193 191 215 189 187 211 188 212 
191 3674 0.69946289062500000000 0.05249023437500000000 0 0 1 0 8 192 186 194 188 182 190 185 193 
192 3675 0.70190429687500000000 0.05249023437500000000 0 0 1 0 8 261 259 267 191 185 193 186 194 
193 3676 0.69946289062500000000 0.05004882812500000000 0 0 1 0 8 194 192 216 190 188 212 191 215 
194 3677 0.70190429687500000000 0.05004882812500000000 0 0 1 0 8 261 259 267 193 191 215 192 216 
195 3678 0.68481445312500000000 0.04760742187500000000 0 0 1 0 8 196 174 198 152 130 154 173 197 
196 3679 0.68725585937500000000 0.04760742187500000000 0 0 1 0 8 199 177 201 195 173 197 174 198 
197 3680 0.68481445312500000000 0.04516601562500000000 0 0 1 0 8 198 196 204 154 152 160 195 203 
198 3681 0.68725585937500000000 0.04516601562500000000 0 0 1 0 8 201 199 207 197 195 203 196 204 
199 3682 0.68969726562500000000 0.04760742187500000000 0 0 1 0 8 200 178 202 196 174 198 177 201 
200 3683 0.69213867187500000000 0.04760742187500000000 0 0 1 0 8 211 189 213 199 177 201 178 202 
201 3684 0.68969726562500000000 0.04516601562500000000 0 0 1 0 8 202 200 208 198 196 204 199 207 
202 3685 0.69213867187500000000 0.04516601562500000000 0 0 1 0 8 213 211 219 201 199 207 200 208 
203 3686 0.68481445312500000000 0.04272460937500000000 0 0 1 0 8 204 198 206 160 154 162 197 205 
204 3687 0.68725585937500000000 0.04272460937500000000 0 0 1 0 8 207 201 209 203 197 205 198 206 
205 3688 0.68481445312500000000 0.04028320312500000000 0 0 1 0 7 206 204 3 162 160 203 4 
206 3689 0.68725585937500000000 0.04028320312500000000 0 0 1 0 7 209 207 4 205 203 3 204 
207 3690 0.68969726562500000000 0.04272460937500000000 0 0 1 0 8 208 202 210 204 198 206 201 209 
208 3691 0.69213867187500000000 0.04272460937500000000 0 0 1 0 8 219 213 221 207 201 209 202 210 
209 3692 0.68969726562500000000 0.04028320312500000000 0 0 1 0 8 210 208 4 206 204 3 207 5 
210 3693 0.69213867187500000000 0.04028320312500000000 0 0 1 0 8 221 219 5 209 207 4 208 3 
211 3694 0.69458007812500000000 0.04760742187500000000 0 0 1 0 8 212 190 214 200 178 202 189 213 
212 3695 0.69702148437500000000 0.04760742187500000000 0 0 1 0 8 215 193 217 211 189 213 190 214 
213 3696 0.69458007812500000000 0.04516601562500000000 0 0 1 0 8 214 212 220 202 200 208 211 219 
214 3697 0.69702148437500000000 0.04516601562500000000 0 0 1 0 8 217 215 223 213 211 219 212 220 
215 3698 0.69946289062500000000 0.04760742187500000000 0 0 1 0 8 216 194 218 212 190 214 193 217 
216 3699 0.70190429687500000000 0.04760742187500000000 0 0 1 0 8 267 261 269 215 193 217 194 218 
217 3700 0.69946289062500000000 0.04516601562500000000 0 0 1 0 8 218 216 224 214 212 220 215 223 
218 3701 0.70190429687500000000 0.04516601562500000000 0 0 1 0 8 267 261 269 217 215 223 216 224 
219 3702 0.69458007812500000000 0.04272460937500000000 0 0 1 0 8 220 214 222 208 202 210 213 221 
220 3703 0.69702148437500000000 0.04272460937500000000 0 0 1 0 8 223 217 225 219 213 221 214 222 
221 3704 0.69458007812500000000 0.04028320312500000000 0 0 1 0 8 222 220 5 210 208 4 219 6 
222 3705 0.69702148437500000000 0.04028320312500000000 0 0 1 0 8 225 223 6 221 219 5 220 4 
223 3706 0.69946289062500000000 0.04272460937500000000 0 0 1 0 8 224 218 226 220 214 222 217 225 
224 3707 0.70190429687500000000 0.04272460937500000000 0 0 1 0 8 269 267 355 223 217 225 218 226 
225 3708 0.69946289062500000000 0.04028320312500000000 0 0 1 0 8 226 224 6 222 220 5 223 355 
226 3709 0.70190429687500000000 0.04028320312500000000 0 0 1 0 8 269 267 355 225 223 6 224 5 
227 3710 0.70556640625000000000 0.07568359375000000000 0 0 1 0 8 228 40 230 88 31 90 41 229 
228 3711 0.71044921875000000000 0.07568359375000000000 0 0 1 0 8 231 41 233 227 40 229 31 230 
229 3712 0.70556640625000000000 0.07080078125000000000 0 0 1 0 8 230 228 236 90 88 96 227 235 
230 3713 0.71044921875000000000 0.07080078125000000000 0 0 1 0 8 233 231 239 229 227 235 228 236 
231 3714 0.71533203125000000000 0.07568359375000000000 0 0 1 0 8 232 41 234 228 40 230 44 233 
232 3715 0.72021484375000000000 0.07568359375000000000 0 0 1 0 8 243 44 245 231 41 233 40 234 
233 3716 0.71533203125000000000 0.07080078125000000000 0 0 1 0 8 234 232 240 230 228 236 231 239 
234 3717 0.72021484375000000000 0.07080078125000000000 0 0 1 0 8 245 243 251 233 231 239 232 240 
235 3718 0.70556640625000000000 0.06591796875000000000 0 0 1 0 8 236 230 238 96 90 98 229 237 
236 3719 0.71044921875000000000 0.06591796875000000000 0 0 1 0 8 239 233 241 235 229 237 230 238 
237 3720 0.70556640625000000000 0.06103515625000000000 0 0 1 0 9 238 236 260 98 96 184 235 259 186 
238 3721 0.71044921875000000000 0.06103515625000000000 0 0 1 0 8 241 239 263 237 235 259 236 260 
239 3722 0.71533203125000000000 0.06591796875000000000 0 0 1 0 8 240 234 242 236 230 238 233 241 
240 3723 0.72021484375000000000 0.06591796875000000000 0 0 1 0 8 251 245 253 239 233 241 234 242 
241 3724 0.71533203125000000000 0.06103515625000000000 0 0 1 0 8 242 240 264 238 236 260 239 263 
242 3725 0.72021484375000000000 0.06103515625000000000 0 0 1 0 8 253 251 275 241 239 263 240 264 
243 3726 0.72509765625000000000 0.07568359375000000000 0 0 1 0 8 244 44 246 232 41 234 45 245 
244 3727 0.72998046875000000000 0.07568359375000000000 0 0 1 0 8 247 45 249 243 44 245 41 246 
245 3728 0.72509765625000000000 0.07080078125000000000 0 0 1 0 8 246 244 252 234 232 240 243 251 
246 3729 0.72998046875000000000 0.07080078125000000000 0 0 1 0 8 249 247 255 245 243 251 244 252 
247 3730 0.73486328125000000000 0.07568359375000000000 0 0 1 0 8 248 45 250 244 44 246 50 249 
248 3731 0.73974609375000000000 0.07568359375000000000 0 0 1 0 8 291 50 293 247 45 249 44 250 
249 3732 0.73486328125000000000 0.07080078125000000000 0 0 1 0 8 250 248 256 246 244 252 247 255 
250 3733 0.73974609375000000000 0.07080078125000000000 0 0 1 0 8 293 291 299 249 247 255 248 256 
251 3734 0.72509765625000000000 0.06591796875000000000 0 0 1 0 8 252 246 254 240 234 242 245 253 
252 3735 0.72998046875000000000 0.06591796875000000000 0 0 1 0 8 255 249 257 251 245 253 246 254 
253 3736 0.72509765625000000000 0.06103515625000000000 0 0 1 0 8 254 252 276 242 240 264 251 275 
254 3737 0.72998046875000000000 0.06103515625000000000 0 0 1 0 8 257 255 279 253 251 275 252 276 
255 3738 0.73486328125000000000 0.06591796875000000000 0 0 1 0 8 256 250 258 252 246 254 249 257 
256 3739 0.73974609375000000000 0.06591796875000000000 0 0 1 0 8 299 293 301 255 249 257 250 258 
257 3740 0.73486328125000000000 0.06103515625000000000 0 0 1 0 8 258 256 280 254 252 276 255 279 
258 3741 0.73974609375000000000 0.06103515625000000000 0 0 1 0 8 301 299 323 257 255 279 256 280 
259 3742 0.70556640625000000000 0.05615234375000000000 0 0 1 0 10 260 238 262 184 98 186 192 237 261 194 
260 3743 0.71044921875000000000 0.05615234375000000000 0 0 1 0 8 263 241 265 259 237 261 238 262 
261 3744 0.70556640625000000000 0.05126953125000000000 0 0 1 0 10 262 260 268 192 186 194 216 259 267 218 
262 3745 0.71044921875000000000 0.05126953125000000000 0 0 1 0 8 265 263 271 261 259 267 260 268 
263 3746 0.71533203125000000000 0.05615234375000000000 0 0 1 0 8 264 242 266 260 238 262 241 265 
264 3747 0.72021484375000000000 0.05615234375000000000 0 0 1 0 8 275 253 277 263 241 265 242 266 
265 3748 0.71533203125000000000 0.05126953125000000000 0 0 1 0 8 266 264 272 262 260 268 263 271 
266 3749 0.72021484375000000000 0.05126953125000000000 0 0 1 0 8 277 275 283 265 263 271 264 272 
267 3750 0.70556640625000000000 0.04638671875000000000 0 0 1 0 10 268 262 270 216 194 218 224 261 269 226 
268 3751 0.71044921875000000000 0.04638671875000000000 0 0 1 0 8 271 265 273 267 261 269 262 270 
269 3752 0.70556640625000000000 0.04150390625000000000 0 0 1 0 9 270 268 7 224 218 226 6 267 355 
270 3753 0.71044921875000000000 0.04150390625000000000 0 0 1 0 8 273 271 8 269 267 355 268 7 
271 3754 0.71533203125000000000 0.04638671875000000000 0 0 1 0 8 272 266 274 268 262 270 265 273 
272 3755 0.72021484375000000000 0.04638671875000000000 0 0 1 0 8 283 277 285 271 265 273 266 274 
273 3756 0.71533203125000000000 0.04150390625000000000 0 0 1 0 8 274 272 8 270 268 7 271 9 
274 3757 0.72021484375000000000 0.04150390625000000000 0 0 1 0 7 285 283 9 273 271 8 272 
275 3758 0.72509765625000000000 0.05615234375000000000 0 0 1 0 8 276 254 278 264 242 266 253 277 
276 3759 0.72998046875000000000 0.05615234375000000000 0 0 1 0 8 279 257 281 275 253 277 254 278 
277 3760 0.72509765625000000000 0.05126953125000000000 0 0 1 0 8 278 276 284 266 264 272 275 283 
278 3761 0.72998046875000000000 0.05126953125000000000 0 0 1 0 8 281 279 287 277 275 283 276 284 
279 3762 0.73486328125000000000 0.05615234375000000000 0 0 1 0 8 280 258 282 276 254 278 257 281 
280 3763 0.73974609375000000000 0.05615234375000000000 0 0 1 0 8 323 301 325 279 257 281 258 282 
281 3764 0.73486328125000000000 0.05126953125000000000 0 0 1 0 8 282 280 288 278 276 284 279 287 
282 3765 0.73974609375000000000 0.05126953125000000000 0 0 1 0 8 325 323 331 281 279 287 280 288 
283 3766 0.72509765625000000000 0.04638671875000000000 0 0 1 0 8 284 278 286 272 266 274 277 285 
284 3767 0.72998046875000000000 0.04638671875000000000 0 0 1 0 8 287 281 289 283 277 285 278 286 
285 3768 0.72509765625000000000 0.04150390625000000000 0 0 1 0 8 286 284 9 274 272 8 283 10 
286 3769 0.72998046875000000000 0.04150390625000000000 0 0 1 0 8 289 287 10 285 283 9 284 8 
287 3770 0.73486328125000000000 0.04638671875000000000 0 0 1 0 8 288 282 290 284 278 286 281 289 
288 3771 0.73974609375000000000 0.04638671875000000000 0 0 1 0 8 331 325 333 287 281 289 282 290 
289 3772 0.73486328125000000000 0.04150390625000000000 0 0 1 0 8 290 288 10 286 284 9 287 11 
290 3773 0.73974609375000000000 0.04150390625000000000 0 0 1 0 8 333 331 11 289 287 10 288 9 
291 3774 0.74462890625000000000 0.07568359375000000000 0 0 1 0 8 292 50 294 248 45 250 51 293 
292 3775 0.74951171875000000000 0.07568359375000000000 0 0 1 0 8 295 51 297 291 50 293 45 294 
293 3776 0.74462890625000000000 0.07080078125000000000 0 0 1 0 8 294 292 300 250 248 256 291 299 
294 3777 0.74951171875000000000 0.07080078125000000000 0 0 1 0 8 297 295 303 293 291 299 292 300 
295 3778 0.75439453125000000000 0.07568359375000000000 0 0 1 0 8 296 51 298 292 50 294 53 297 
296 3779 0.75927734375000000000 0.07568359375000000000 0 0 1 0 8 307 53 309 295 51 297 50 298 
297 3780 0.75439453125000000000 0.07080078125000000000 0 0 1 0 8 298 296 304 294 292 300 295 303 
298 3781 0.75927734375000000000 0.07080078125000000000 0 0 1 0 8 309 307 315 297 295 303 296 304 
299 3782 0.74462890625000000000 0.06591796875000000000 0 0 1 0 8 300 294 302 256 250 258 293 301 
300 3783 0.74951171875000000000 0.06591796875000000000 0 0 1 0 8 303 297 305 299 293 301 294 302 
301 3784 0.74462890625000000000 0.06103515625000000000 0 0 1 0 8 302 300 324 258 256 280 299 323 
302 3785 0.74951171875000000000 0.06103515625000000000 0 0 1 0 8 305 303 327 301 299 323 300 324 
303 3786 0.75439453125000000000 0.06591796875000000000 0 0 1 0 8 304 298 306 300 294 302 297 305 
304 3787 0.75927734375000000000 0.06591796875000000000 0 0 1 0 8 315 309 317 303 297 305 298 306 
305 3788 0.75439453125000000000 0.06103515625000000000 0 0 1 0 8 306 304 328 302 300 324 303 327 
306 3789 0.75927734375000000000 0.06103515625000000000 0 0 1 0 8 317 315 339 305 303 327 304 328 
307 3790 0.76416015625000000000 0.07568359375000000000 0 0 1 0 8 308 53 310 296 51 298 54 309 
308 3791 0.76904296875000000000 0.07568359375000000000 0 0 1 0 8 311 54 313 307 53 309 51 310 
309 3792 0.76416015625000000000 0.07080078125000000000 0 0 1 0 8 310 308 316 298 296 304 307 315 
310 3793 0.76904296875000000000 0.07080078125000000000 0 0 1 0 8 313 311 319 309 307 315 308 316 
311 3794 0.77392578125000000000 0.07568359375000000000 0 0 1 0 8 312 54 314 308 53 310 454 313 
312 3795 0.77880859375000000000 0.07568359375000000000 0 0 1 0 8 391 454 392 311 54 313 53 314 
313 3796 0.77392578125000000000 0.07080078125000000000 0 0 1 0 8 314 312 320 310 308 316 311 319 
314 3797 0.77880859375000000000 0.07080078125000000000 0 0 1 0 8 392 391 394 313 311 319 312 320 
315 3798 0.76416015625000000000 0.06591796875000000000 0 0 1 0 8 316 310 318 304 298 306 309 317 
316 3799 0.76904296875000000000 0.06591796875000000000 0 0 1 0 8 319 313 321 315 309 317 310 318 
317 3800 0.76416015625000000000 0.06103515625000000000 0 0 1 0 8 318 316 340 306 304 328 315 339 
318 3801 0.76904296875000000000 0.06103515625000000000 0 0 1 0 8 321 319 343 317 315 339 316 340 
319 3802 0.77392578125000000000 0.06591796875000000000 0 0 1 0 8 320 314 322 316 310 318 313 321 
320 3803 0.77880859375000000000 0.06591796875000000000 0 0 1 0 8 394 392 396 319 313 321 314 322 
321 3804 0.77392578125000000000 0.06103515625000000000 0 0 1 0 8 322 320 344 318 316 340 319 343 
322 3805 0.77880859375000000000 0.06103515625000000000 0 0 1 0 8 396 394 398 321 319 343 320 344 
323 3806 0.74462890625000000000 0.05615234375000000000 0 0 1 0 8 324 302 326 280 258 282 301 325 
324 3807 0.74951171875000000000 0.05615234375000000000 0 0 1 0 8 327 305 329 323 301 325 302 326 
325 3808 0.74462890625000000000 0.05126953125000000000 0 0 1 0 8 326 324 332 282 280 288 323 331 
326 3809 0.74951171875000000000 0.05126953125000000000 0 0 1 0 8 329 327 335 325 323 331 324 332 
327 3810 0.75439453125000000000 0.05615234375000000000 0 0 1 0 8 328 306 330 324 302 326 305 329 
328 3811 0.75927734375000000000 0.05615234375000000000 0 0 1 0 8 339 317 341 327 305 329 306 330 
329 3812 0.75439453125000000000 0.05126953125000000000 0 0 1 0 8 330 328 336 326 324 332 327 335 
330 3813 0.75927734375000000000 0.05126953125000000000 0 0 1 0 8 341 339 347 329 327 335 328 336 
331 3814 0.74462890625000000000 0.04638671875000000000 0 0 1 0 8 332 326 334 288 282 290 325 333 
332 3815 0.74951171875000000000 0.04638671875000000000 0 0 1 0 8 335 329 337 331 325 333 326 334 
333 3816 0.74462890625000000000 0.04150390625000000000 0 0 1 0 7 334 332 11 290 288 10 331 
334 3817 0.74951171875000000000 0.04150390625000000000 0 0 1 0 8 337 335 356 333 331 11 332 10 
335 3818 0.75439453125000000000 0.04638671875000000000 0 0 1 0 8 336 330 338 332 326 334 329 337 
336 3819 0.75927734375000000000 0.04638671875000000000 0 0 1 0 8 347 341 349 335 329 337 330 338 
337 3820 0.75439453125000000000 0.04150390625000000000 0 0 1 0 8 338 336 357 334 332 11 335 356 
338 3821 0.75927734375000000000 0.04150390625000000000 0 0 1 0 9 349 347 359 337 335 356 336 357 361 
339 3822 0.76416015625000000000 0.05615234375000000000 0 0 1 0 8 340 318 342 328 306 330 317 341 
340 3823 0.76904296875000000000 0.05615234375000000000 0 0 1 0 8 343 321 345 339 317 341 318 342 
341 3824 0.76416015625000000000 0.05126953125000000000 0 0 1 0 8 342 340 348 330 328 336 339 347 
342 3825 0.76904296875000000000 0.05126953125000000000 0 0 1 0 8 345 343 351 341 339 347 340 348 
343 3826 0.77392578125000000000 0.05615234375000000000 0 0 1 0 8 344 322 346 340 318 342 321 345 
344 3827 0.77880859375000000000 0.05615234375000000000 0 0 1 0 8 398 396 400 343 321 345 322 346 
345 3828 0.77392578125000000000 0.05126953125000000000 0 0 1 0 8 346 344 352 342 340 348 343 351 
346 3829 0.77880859375000000000 0.05126953125000000000 0 0 1 0 8 400 398 402 345 343 351 344 352 
347 3830 0.76416015625000000000 0.04638671875000000000 0 0 1 0 8 348 342 350 336 330 338 341 349 
348 3831 0.76904296875000000000 0.04638671875000000000 0 0 1 0 8 351 345 353 347 341 349 342 350 
349 3832 0.76416015625000000000 0.04150390625000000000 0 0 1 0 10 350 348 363 338 336 357 347 359 360 365 
350 3833 0.76904296875000000000 0.04150390625000000000 0 0 1 0 11 353 351 375 349 347 360 348 363 362 364 377 
351 3834 0.77392578125000000000 0.04638671875000000000 0 0 1 0 8 352 346 354 348 342 350 345 353 
352 3835 0.77880859375000000000 0.04638671875000000000 0 0 1 0 8 402 400 404 351 345 353 346 354 
353 3836 0.77392578125000000000 0.04150390625000000000 0 0 1 0 11 354 352 379 350 348 364 351 375 366 376 381 
354 3837 0.77880859375000000000 0.04150390625000000000 0 0 1 0 11 404 402 407 353 351 376 352 379 378 380 409 
355 3838 0.70556640625000000000 0.03662109375000000000 0 0 1 0 5 7 270 6 226 269 
356 3839 0.75439453125000000000 0.03662109375000000000 0 0 1 0 7 357 338 358 11 337 334 12 
357 3840 0.75927734375000000000 0.03662109375000000000 0 0 1 0 10 359 349 361 367 356 337 12 338 358 369 
358 3841 0.75927734375000000000 0.03173828125000000000 0 0 1 0 7 367 361 369 13 12 356 357 
359 3842 0.76293945312500000000 0.03784179687500000000 0 0 1 0 8 360 349 362 357 338 358 350 361 
360 3843 0.76538085937500000000 0.03784179687500000000 0 0 1 0 8 363 350 365 359 349 361 338 362 
361 3844 0.76293945312500000000 0.03540039062500000000 0 0 1 0 8 362 360 368 357 338 358 359 367 
362 3845 0.76538085937500000000 0.03540039062500000000 0 0 1 0 8 365 363 371 361 359 367 360 368 
363 3846 0.76782226562500000000 0.03784179687500000000 0 0 1 0 8 364 350 366 360 349 362 353 365 
364 3847 0.77026367187500000000 0.03784179687500000000 0 0 1 0 8 375 353 377 363 350 365 349 366 
365 3848 0.76782226562500000000 0.03540039062500000000 0 0 1 0 8 366 364 372 362 360 368 363 371 
366 3849 0.77026367187500000000 0.03540039062500000000 0 0 1 0 8 377 375 383 365 363 371 364 372 
367 3850 0.76293945312500000000 0.03295898437500000000 0 0 1 0 7 368 362 370 358 357 361 369 
368 3851 0.76538085937500000000 0.03295898437500000000 0 0 1 0 8 371 365 373 367 361 369 362 370 
369 3852 0.76293945312500000000 0.03051757812500000000 0 0 1 0 6 370 368 13 358 357 367 
370 3853 0.76538085937500000000 0.03051757812500000000 0 0 1 0 7 373 371 14 369 367 13 368 
371 3854 0.76782226562500000000 0.03295898437500000000 0 0 1 0 8 372 366 374 368 362 370 365 373 
372 3855 0.77026367187500000000 0.03295898437500000000 0 0 1 0 8 383 377 385 371 365 373 366 374 
373 3856 0.76782226562500000000 0.03051757812500000000 0 0 1 0 8 374 372 15 370 368 13 371 14 
374 3857 0.77026367187500000000 0.03051757812500000000 0 0 1 0 7 385 383 373 371 14 372 15 
375 3858 0.77270507812500000000 0.03784179687500000000 0 0 1 0 8 376 353 378 364 350 366 354 377 
376 3859 0.77514648437500000000 0.03784179687500000000 0 0 1 0 8 379 354 381 375 353 377 350 378 
377 3860 0.77270507812500000000 0.03540039062500000000 0 0 1 0 8 378 376 384 366 364 372 375 383 
378 3861 0.77514648437500000000 0.03540039062500000000 0 0 1 0 8 381 379 387 377 375 383 376 384 
379 3862 0.77758789062500000000 0.03784179687500000000 0 0 1 0 8 380 354 382 376 353 378 404 381 
380 3863 0.78002929687500000000 0.03784179687500000000 0 0 1 0 8 407 404 409 379 354 381 353 382 
381 3864 0.77758789062500000000 0.03540039062500000000 0 0 1 0 8 382 380 388 378 376 384 379 387 
382 3865 0.78002929687500000000 0.03540039062500000000 0 0 1 0 8 409 407 415 381 379 387 380 388 
383 3866 0.77270507812500000000 0.03295898437500000000 0 0 1 0 8 384 378 386 372 366 374 377 385 
384 3867 0.77514648437500000000 0.03295898437500000000 0 0 1 0 8 387 381 389 383 377 385 378 386 
385 3868 0.77270507812500000000 0.03051757812500000000 0 0 1 0 7 386 384 374 372 15 383 16 
386 3869 0.77514648437500000000 0.03051757812500000000 0 0 1 0 6 389 387 16 385 383 384 
387 3870 0.77758789062500000000 0.03295898437500000000 0 0 1 0 8 388 382 390 384 378 386 381 389 
388 3871 0.78002929687500000000 0.03295898437500000000 0 0 1 0 8 415 409 417 387 381 389 382 390 
389 3872 0.77758789062500000000 0.03051757812500000000 0 0 1 0 6 390 388 16 386 384 387 
390 3873 0.78002929687500000000 0.03051757812500000000 0 0 1 0 6 417 415 389 387 16 388 
391 3874 0.78369140625000000000 0.07568359375000000000 0 0 1 0 8 456 454 393 312 54 314 455 392 
392 3875 0.78369140625000000000 0.07080078125000000000 0 0 1 0 8 393 456 395 314 312 320 391 394 
393 3876 0.78857421875000000000 0.07080078125000000000 0 0 1 0 8 458 457 459 392 391 394 456 395 
394 3877 0.78369140625000000000 0.06591796875000000000 0 0 1 0 8 395 393 397 320 314 322 392 396 
395 3878 0.78857421875000000000 0.06591796875000000000 0 0 1 0 8 459 458 460 394 392 396 393 397 
396 3879 0.78369140625000000000 0.06103515625000000000 0 0 1 0 8 397 395 399 322 320 344 394 398 
397 3880 0.78857421875000000000 0.06103515625000000000 0 0 1 0 8 460 459 461 396 394 398 395 399 
398 3881 0.78369140625000000000 0.05615234375000000000 0 0 1 0 8 399 397 401 344 322 346 396 400 
399 3882 0.78857421875000000000 0.05615234375000000000 0 0 1 0 8 461 460 462 398 396 400 397 401 
400 3883 0.78369140625000000000 0.05126953125000000000 0 0 1 0 8 401 399 403 346 344 352 398 402 
401 3884 0.78857421875000000000 0.05126953125000000000 0 0 1 0 8 462 461 463 400 398 402 399 403 
402 3885 0.78369140625000000000 0.04638671875000000000 0 0 1 0 8 403 401 405 352 346 354 400 404 
403 3886 0.78857421875000000000 0.04638671875000000000 0 0 1 0 8 463 462 406 402 400 404 401 405 
404 3887 0.78369140625000000000 0.04150390625000000000 0 0 1 0 11 405 403 411 354 352 380 402 407 382 408 413 
405 3888 0.78857421875000000000 0.04150390625000000000 0 0 1 0 11 406 463 420 404 402 408 403 411 410 412 470 
406 3889 0.79345703125000000000 0.04150390625000000000 0 0 1 0 11 465 464 472 405 403 412 463 420 414 469 473 
407 3890 0.78247070312500000000 0.03784179687500000000 0 0 1 0 8 408 404 410 380 354 382 405 409 
408 3891 0.78491210937500000000 0.03784179687500000000 0 0 1 0 8 411 405 413 407 404 409 354 410 
409 3892 0.78247070312500000000 0.03540039062500000000 0 0 1 0 8 410 408 416 382 380 388 407 415 
410 3893 0.78491210937500000000 0.03540039062500000000 0 0 1 0 8 413 411 419 409 407 415 408 416 
411 3894 0.78735351562500000000 0.03784179687500000000 0 0 1 0 8 412 405 414 408 404 410 406 413 
412 3895 0.78979492187500000000 0.03784179687500000000 0 0 1 0 8 420 406 470 411 405 413 404 414 
413 3896 0.78735351562500000000 0.03540039062500000000 0 0 1 0 8 414 412 466 410 408 416 411 419 
414 3897 0.78979492187500000000 0.03540039062500000000 0 0 1 0 8 470 420 474 413 411 419 412 466 
415 3898 0.78247070312500000000 0.03295898437500000000 0 0 1 0 8 416 410 418 388 382 390 409 417 
416 3899 0.78491210937500000000 0.03295898437500000000 0 0 1 0 8 419 413 467 415 409 417 410 418 
417 3900 0.78247070312500000000 0.03051757812500000000 0 0 1 0 7 418 416 390 388 16 415 422 
418 3901 0.78491210937500000000 0.03051757812500000000 0 0 1 0 7 467 419 422 417 415 416 16 
419 3902 0.78735351562500000000 0.03295898437500000000 0 0 1 0 8 466 414 468 416 410 418 413 467 
420 3903 0.79223632812500000000 0.03784179687500000000 0 0 1 0 8 469 406 471 412 405 414 465 470 
421 3074 0.65636888999999998262 0.03985639199999999743 7 
422 3904 0.78712216000000001515 0.02663880399999999857 9 
423 3372 0.66894531250000000000 0.12207031250000000000 7 
424 4087 0.67871093750000000000 0.12207031250000000000 9 
425 4090 0.68847656250000000000 0.12207031250000000000 9 
426 4091 0.69824218750000000000 0.12207031250000000000 9 
427 3378 0.65917968750000000000 0.11230468750000000000 7 
428 3380 0.65917968750000000000 0.10253906250000000000 7 
429 3386 0.65917968750000000000 0.09277343750000000000 7 
430 3388 0.65917968750000000000 0.08300781250000000000 7 
431 3389 0.66894531250000000000 0.11230468750000000000 7 
432 4102 0.70800781250000000000 0.12207031250000000000 9 
433 4103 0.71777343750000000000 0.12207031250000000000 9 
434 4106 0.72753906250000000000 0.12207031250000000000 9 
435 4124 0.72753906250000000000 0.11230468750000000000 9 
436 4125 0.73730468750000000000 0.11230468750000000000 9 
437 4126 0.74707031250000000000 0.11230468750000000000 9 
438 4127 0.75683593750000000000 0.11230468750000000000 9 
439 4128 0.76660156250000000000 0.11230468750000000000 9 
440 4130 0.76660156250000000000 0.10253906250000000000 9 
441 4131 0.77636718750000000000 0.10253906250000000000 9 
442 4132 0.77636718750000000000 0.09277343750000000000 9 
443 3411 0.66162109375000000000 0.07568359375000000000 7 
444 3412 0.65673828125000000000 0.07080078125000000000 7 
445 3413 0.66162109375000000000 0.07080078125000000000 7 
446 3418 0.65673828125000000000 0.06591796875000000000 7 
447 3419 0.65673828125000000000 0.06103515625000000000 7 
448 3473 0.65795898437500000000 0.05737304687500000000 7 
449 3475 0.65795898437500000000 0.05493164062500000000 7 
450 3477 0.65795898437500000000 0.05249023437500000000 7 
451 3479 0.65795898437500000000 0.05004882812500000000 7 
452 3483 0.65673828125000000000 0.04638671875000000000 7 
453 4172 0.78613281250000000000 0.09277343750000000000 9 
454 4174 0.78613281250000000000 0.08300781250000000000 9 
455 4175 0.79589843750000000000 0.08300781250000000000 9 
456 4186 0.78857421875000000000 0.07568359375000000000 9 
457 4187 0.79345703125000000000 0.07568359375000000000 9 
458 4189 0.79345703125000000000 0.07080078125000000000 9 
459 4191 0.79345703125000000000 0.06591796875000000000 9 
460 4193 0.79345703125000000000 0.06103515625000000000 9 
461 4207 0.79345703125000000000 0.05615234375000000000 9 
462 4209 0.79345703125000000000 0.05126953125000000000 9 
463 4211 0.79345703125000000000 0.04638671875000000000 9 
464 4212 0.79833984375000000000 0.04638671875000000000 9 
465 4213 0.79833984375000000000 0.04150390625000000000 9 
466 4227 0.78979492187500000000 0.03295898437500000000 9 
467 4228 0.78735351562500000000 0.03051757812500000000 9 
468 4229 0.78979492187500000000 0.03051757812500000000 9 
469 4230 0.79467773437500000000 0.03784179687500000000 9 
470 4231 0.79223632812500000000 0.03540039062500000000 9 
471 4232 0.79467773437500000000 0.03540039062500000000 9 
472 4233 0.79711914062500000000 0.03784179687500000000 9 
473 4235 0.79711914062500000000 0.03540039062500000000 9 
474 4237 0.79223632812500000000 0.03295898437500000000 9 
