505 424 81
1 16916 -8.75000000000000000000 8.75000000000000000000 6 2 2 0 5 2 4 7 6 9 
2 16917 -6.87500000000000000000 9.37500000000000000000 1 3 2 0 5 3 5 1 6 4 
3 16918 -5.62500000000000000000 9.37500000000000000000 2 11 2 0 5 11 13 2 4 5 
4 16919 -6.87500000000000000000 8.12500000000000000000 0 0 1 0 7 5 3 8 1 6 2 7 
5 16920 -5.62500000000000000000 8.12500000000000000000 0 0 1 0 9 13 11 19 4 2 7 3 8 21 
6 16921 -8.75000000000000000000 6.25000000000000000000 51 1 2 0 7 7 4 9 52 1 51 54 
7 16922 -6.87500000000000000000 6.87500000000000000000 0 0 1 0 8 8 5 10 6 1 51 4 9 
8 16923 -5.62500000000000000000 6.87500000000000000000 0 0 1 0 10 19 13 21 27 7 4 9 5 10 29 
9 16924 -6.87500000000000000000 5.62500000000000000000 0 0 1 0 8 10 8 53 6 1 51 7 52 
10 16925 -5.62500000000000000000 5.62500000000000000000 0 0 1 0 10 27 21 29 56 9 7 52 8 53 58 
11 16926 -4.37500000000000000000 9.37500000000000000000 3 12 2 0 5 12 14 3 5 13 
12 16927 -3.12500000000000000000 9.37500000000000000000 11 15 2 0 5 15 17 11 13 14 
13 16928 -4.37500000000000000000 8.12500000000000000000 0 0 1 0 10 14 12 23 5 3 8 11 19 20 25 
14 16929 -3.12500000000000000000 8.12500000000000000000 0 0 1 0 11 17 15 35 13 11 20 12 23 22 24 37 
15 16930 -1.87500000000000000000 9.37500000000000000000 12 16 2 0 5 16 18 12 14 17 
16 16931 -0.62500000000000000000 9.37500000000000000000 15 231 2 0 5 231 233 15 17 18 
17 16932 -1.87500000000000000000 8.12500000000000000000 0 0 1 0 11 18 16 39 14 12 24 15 35 26 36 41 
18 16933 -0.62500000000000000000 8.12500000000000000000 0 0 1 0 11 233 231 239 17 15 36 16 39 38 40 241 
19 16934 -4.68750000000000000000 7.18750000000000000000 0 0 1 0 8 20 13 22 8 5 10 14 21 
20 16935 -4.06250000000000000000 7.18750000000000000000 0 0 1 0 8 23 14 25 19 13 21 5 22 
21 16936 -4.68750000000000000000 6.56250000000000000000 0 0 1 0 8 22 20 28 8 5 10 19 27 
22 16937 -4.06250000000000000000 6.56250000000000000000 0 0 1 0 8 25 23 31 21 19 27 20 28 
23 16938 -3.43750000000000000000 7.18750000000000000000 0 0 1 0 8 24 14 26 20 13 22 17 25 
24 16939 -2.81250000000000000000 7.18750000000000000000 0 0 1 0 8 35 17 37 23 14 25 13 26 
25 16940 -3.43750000000000000000 6.56250000000000000000 0 0 1 0 8 26 24 32 22 20 28 23 31 
26 16941 -2.81250000000000000000 6.56250000000000000000 0 0 1 0 8 37 35 43 25 23 31 24 32 
27 16942 -4.68750000000000000000 5.93750000000000000000 0 0 1 0 8 28 22 30 10 8 53 21 29 
28 16943 -4.06250000000000000000 5.93750000000000000000 0 0 1 0 8 31 25 33 27 21 29 22 30 
29 16944 -4.68750000000000000000 5.31250000000000000000 0 0 1 0 8 30 28 57 10 8 53 27 56 
30 16945 -4.06250000000000000000 5.31250000000000000000 0 0 1 0 8 33 31 60 29 27 56 28 57 
31 16946 -3.43750000000000000000 5.93750000000000000000 0 0 1 0 8 32 26 34 28 22 30 25 33 
32 16947 -2.81250000000000000000 5.93750000000000000000 0 0 1 0 8 43 37 45 31 25 33 26 34 
33 16948 -3.43750000000000000000 5.31250000000000000000 0 0 1 0 8 34 32 61 30 28 57 31 60 
34 16949 -2.81250000000000000000 5.31250000000000000000 0 0 1 0 9 45 43 72 33 31 60 32 61 74 
35 16950 -2.18750000000000000000 7.18750000000000000000 0 0 1 0 8 36 17 38 24 14 26 18 37 
36 16951 -1.56250000000000000000 7.18750000000000000000 0 0 1 0 8 39 18 41 35 17 37 14 38 
37 16952 -2.18750000000000000000 6.56250000000000000000 0 0 1 0 8 38 36 44 26 24 32 35 43 
38 16953 -1.56250000000000000000 6.56250000000000000000 0 0 1 0 8 41 39 47 37 35 43 36 44 
39 16954 -0.93750000000000000000 7.18750000000000000000 0 0 1 0 8 40 18 42 36 17 38 233 41 
40 16955 -0.31250000000000000000 7.18750000000000000000 0 0 1 0 8 239 233 241 39 18 41 17 42 
41 16956 -0.93750000000000000000 6.56250000000000000000 0 0 1 0 8 42 40 48 38 36 44 39 47 
42 16957 -0.31250000000000000000 6.56250000000000000000 0 0 1 0 8 241 239 247 41 39 47 40 48 
43 16958 -2.18750000000000000000 5.93750000000000000000 0 0 1 0 8 44 38 46 32 26 34 37 45 
44 16959 -1.56250000000000000000 5.93750000000000000000 0 0 1 0 8 47 41 49 43 37 45 38 46 
45 16960 -2.18750000000000000000 5.31250000000000000000 0 0 1 0 10 46 44 76 34 32 61 43 72 73 78 
46 16961 -1.56250000000000000000 5.31250000000000000000 0 0 1 0 11 49 47 88 45 43 73 44 76 75 77 90 
47 16962 -0.93750000000000000000 5.93750000000000000000 0 0 1 0 8 48 42 50 44 38 46 41 49 
48 16963 -0.31250000000000000000 5.93750000000000000000 0 0 1 0 8 247 241 249 47 41 49 42 50 
49 16964 -0.93750000000000000000 5.31250000000000000000 0 0 1 0 11 50 48 92 46 44 77 47 88 79 89 94 
50 16965 -0.31250000000000000000 5.31250000000000000000 0 0 1 0 11 249 247 280 49 47 89 48 92 91 93 282 
51 16966 -8.75000000000000000000 3.75000000000000000000 425 6 2 0 7 52 9 54 426 6 425 428 
52 16967 -6.87500000000000000000 4.37500000000000000000 0 0 1 0 8 53 10 55 51 6 425 9 54 
53 16968 -5.62500000000000000000 4.37500000000000000000 0 0 1 0 10 56 29 58 64 52 9 54 10 55 66 
54 16969 -6.87500000000000000000 3.12500000000000000000 0 0 1 0 8 55 53 427 51 6 425 52 426 
55 16970 -5.62500000000000000000 3.12500000000000000000 0 0 1 0 10 64 58 66 136 54 52 426 53 427 430 
56 16971 -4.68750000000000000000 4.68750000000000000000 0 0 1 0 8 57 30 59 53 10 55 29 58 
57 16972 -4.06250000000000000000 4.68750000000000000000 0 0 1 0 8 60 33 62 56 29 58 30 59 
58 16973 -4.68750000000000000000 4.06250000000000000000 0 0 1 0 8 59 57 65 53 10 55 56 64 
59 16974 -4.06250000000000000000 4.06250000000000000000 0 0 1 0 8 62 60 68 58 56 64 57 65 
60 16975 -3.43750000000000000000 4.68750000000000000000 0 0 1 0 8 61 34 63 57 30 59 33 62 
61 16976 -2.81250000000000000000 4.68750000000000000000 0 0 1 0 10 72 45 74 80 60 33 62 34 63 82 
62 16977 -3.43750000000000000000 4.06250000000000000000 0 0 1 0 8 63 61 69 59 57 65 60 68 
63 16978 -2.81250000000000000000 4.06250000000000000000 0 0 1 0 10 80 74 82 104 62 60 68 61 69 106 
64 16979 -4.68750000000000000000 3.43750000000000000000 0 0 1 0 8 65 59 67 55 53 427 58 66 
65 16980 -4.06250000000000000000 3.43750000000000000000 0 0 1 0 8 68 62 70 64 58 66 59 67 
66 16981 -4.68750000000000000000 2.81250000000000000000 0 0 1 0 8 67 65 137 55 53 427 64 136 
67 16982 -4.06250000000000000000 2.81250000000000000000 0 0 1 0 8 70 68 138 66 64 136 65 137 
68 16983 -3.43750000000000000000 3.43750000000000000000 0 0 1 0 8 69 63 71 65 59 67 62 70 
69 16984 -2.81250000000000000000 3.43750000000000000000 0 0 1 0 10 104 82 106 112 68 62 70 63 71 114 
70 16985 -3.43750000000000000000 2.81250000000000000000 0 0 1 0 8 71 69 139 67 65 137 68 138 
71 16986 -2.81250000000000000000 2.81250000000000000000 0 0 1 0 10 112 106 114 140 70 68 138 69 139 142 
72 16987 -2.34375000000000000000 4.84375000000000000000 0 0 1 0 8 73 45 75 61 34 63 46 74 
73 16988 -2.03125000000000000000 4.84375000000000000000 0 0 1 0 8 76 46 78 72 45 74 34 75 
74 16989 -2.34375000000000000000 4.53125000000000000000 0 0 1 0 8 75 73 81 61 34 63 72 80 
75 16990 -2.03125000000000000000 4.53125000000000000000 0 0 1 0 8 78 76 84 74 72 80 73 81 
76 16991 -1.71875000000000000000 4.84375000000000000000 0 0 1 0 8 77 46 79 73 45 75 49 78 
77 16992 -1.40625000000000000000 4.84375000000000000000 0 0 1 0 8 88 49 90 76 46 78 45 79 
78 16993 -1.71875000000000000000 4.53125000000000000000 0 0 1 0 8 79 77 85 75 73 81 76 84 
79 16994 -1.40625000000000000000 4.53125000000000000000 0 0 1 0 8 90 88 96 78 76 84 77 85 
80 16995 -2.34375000000000000000 4.21875000000000000000 0 0 1 0 8 81 75 83 63 61 69 74 82 
81 16996 -2.03125000000000000000 4.21875000000000000000 0 0 1 0 8 84 78 86 80 74 82 75 83 
82 16997 -2.34375000000000000000 3.90625000000000000000 0 0 1 0 8 83 81 105 63 61 69 80 104 
83 16998 -2.03125000000000000000 3.90625000000000000000 0 0 1 0 8 86 84 108 82 80 104 81 105 
84 16999 -1.71875000000000000000 4.21875000000000000000 0 0 1 0 8 85 79 87 81 75 83 78 86 
85 17000 -1.40625000000000000000 4.21875000000000000000 0 0 1 0 8 96 90 98 84 78 86 79 87 
86 17001 -1.71875000000000000000 3.90625000000000000000 0 0 1 0 8 87 85 109 83 81 105 84 108 
87 17002 -1.40625000000000000000 3.90625000000000000000 0 0 1 0 8 98 96 120 86 84 108 85 109 
88 17003 -1.09375000000000000000 4.84375000000000000000 0 0 1 0 8 89 49 91 77 46 79 50 90 
89 17004 -0.78125000000000000000 4.84375000000000000000 0 0 1 0 8 92 50 94 88 49 90 46 91 
90 17005 -1.09375000000000000000 4.53125000000000000000 0 0 1 0 8 91 89 97 79 77 85 88 96 
91 17006 -0.78125000000000000000 4.53125000000000000000 0 0 1 0 8 94 92 100 90 88 96 89 97 
92 17007 -0.46875000000000000000 4.84375000000000000000 0 0 1 0 8 93 50 95 89 49 91 249 94 
93 17008 -0.15625000000000000000 4.84375000000000000000 0 0 1 0 8 280 249 282 92 50 94 49 95 
94 17009 -0.46875000000000000000 4.53125000000000000000 0 0 1 0 8 95 93 101 91 89 97 92 100 
95 17010 -0.15625000000000000000 4.53125000000000000000 0 0 1 0 8 282 280 288 94 92 100 93 101 
96 17011 -1.09375000000000000000 4.21875000000000000000 0 0 1 0 8 97 91 99 85 79 87 90 98 
97 17012 -0.78125000000000000000 4.21875000000000000000 0 0 1 0 8 100 94 102 96 90 98 91 99 
98 17013 -1.09375000000000000000 3.90625000000000000000 0 0 1 0 8 99 97 121 87 85 109 96 120 
99 17014 -0.78125000000000000000 3.90625000000000000000 0 0 1 0 8 102 100 124 98 96 120 97 121 
100 17015 -0.46875000000000000000 4.21875000000000000000 0 0 1 0 8 101 95 103 97 91 99 94 102 
101 17016 -0.15625000000000000000 4.21875000000000000000 0 0 1 0 8 288 282 290 100 94 102 95 103 
102 17017 -0.46875000000000000000 3.90625000000000000000 0 0 1 0 8 103 101 125 99 97 121 100 124 
103 17018 -0.15625000000000000000 3.90625000000000000000 0 0 1 0 8 290 288 312 102 100 124 101 125 
104 17019 -2.34375000000000000000 3.59375000000000000000 0 0 1 0 8 105 83 107 69 63 71 82 106 
105 17020 -2.03125000000000000000 3.59375000000000000000 0 0 1 0 8 108 86 110 104 82 106 83 107 
106 17021 -2.34375000000000000000 3.28125000000000000000 0 0 1 0 8 107 105 113 69 63 71 104 112 
107 17022 -2.03125000000000000000 3.28125000000000000000 0 0 1 0 8 110 108 116 106 104 112 105 113 
108 17023 -1.71875000000000000000 3.59375000000000000000 0 0 1 0 8 109 87 111 105 83 107 86 110 
109 17024 -1.40625000000000000000 3.59375000000000000000 0 0 1 0 8 120 98 122 108 86 110 87 111 
110 17025 -1.71875000000000000000 3.28125000000000000000 0 0 1 0 8 111 109 117 107 105 113 108 116 
111 17026 -1.40625000000000000000 3.28125000000000000000 0 0 1 0 8 122 120 128 110 108 116 109 117 
112 17027 -2.34375000000000000000 2.96875000000000000000 0 0 1 0 8 113 107 115 71 69 139 106 114 
113 17028 -2.03125000000000000000 2.96875000000000000000 0 0 1 0 8 116 110 118 112 106 114 107 115 
114 17029 -2.34375000000000000000 2.65625000000000000000 0 0 1 0 8 115 113 141 71 69 139 112 140 
115 17030 -2.03125000000000000000 2.65625000000000000000 0 0 1 0 8 118 116 144 114 112 140 113 141 
116 17031 -1.71875000000000000000 2.96875000000000000000 0 0 1 0 8 117 111 119 113 107 115 110 118 
117 17032 -1.40625000000000000000 2.96875000000000000000 0 0 1 0 8 128 122 130 116 110 118 111 119 
118 17033 -1.71875000000000000000 2.65625000000000000000 0 0 1 0 8 119 117 145 115 113 141 116 144 
119 17034 -1.40625000000000000000 2.65625000000000000000 0 0 1 0 9 130 128 156 118 116 144 117 145 158 
120 17035 -1.09375000000000000000 3.59375000000000000000 0 0 1 0 8 121 99 123 109 87 111 98 122 
121 17036 -0.78125000000000000000 3.59375000000000000000 0 0 1 0 8 124 102 126 120 98 122 99 123 
122 17037 -1.09375000000000000000 3.28125000000000000000 0 0 1 0 8 123 121 129 111 109 117 120 128 
123 17038 -0.78125000000000000000 3.28125000000000000000 0 0 1 0 8 126 124 132 122 120 128 121 129 
124 17039 -0.46875000000000000000 3.59375000000000000000 0 0 1 0 8 125 103 127 121 99 123 102 126 
125 17040 -0.15625000000000000000 3.59375000000000000000 0 0 1 0 8 312 290 314 124 102 126 103 127 
126 17041 -0.46875000000000000000 3.28125000000000000000 0 0 1 0 8 127 125 133 123 121 129 124 132 
127 17042 -0.15625000000000000000 3.28125000000000000000 0 0 1 0 8 314 312 320 126 124 132 125 133 
128 17043 -1.09375000000000000000 2.96875000000000000000 0 0 1 0 8 129 123 131 117 111 119 122 130 
129 17044 -0.78125000000000000000 2.96875000000000000000 0 0 1 0 8 132 126 134 128 122 130 123 131 
130 17045 -1.09375000000000000000 2.65625000000000000000 0 0 1 0 10 131 129 160 119 117 145 128 156 157 162 
131 17046 -0.78125000000000000000 2.65625000000000000000 0 0 1 0 11 134 132 172 130 128 157 129 160 159 161 174 
132 17047 -0.46875000000000000000 2.96875000000000000000 0 0 1 0 8 133 127 135 129 123 131 126 134 
133 17048 -0.15625000000000000000 2.96875000000000000000 0 0 1 0 8 320 314 322 132 126 134 127 135 
134 17049 -0.46875000000000000000 2.65625000000000000000 0 0 1 0 11 135 133 176 131 129 161 132 172 163 173 178 
135 17050 -0.15625000000000000000 2.65625000000000000000 0 0 1 0 11 322 320 383 134 132 173 133 176 175 177 385 
136 17051 -4.68750000000000000000 2.18750000000000000000 0 0 1 0 8 137 67 431 427 55 429 66 430 
137 17052 -4.06250000000000000000 2.18750000000000000000 0 0 1 0 8 138 70 432 136 66 430 67 431 
138 17053 -3.43750000000000000000 2.18750000000000000000 0 0 1 0 8 139 71 433 137 67 431 70 432 
139 17054 -2.81250000000000000000 2.18750000000000000000 0 0 1 0 10 140 114 142 148 138 70 432 71 433 150 
140 17055 -2.34375000000000000000 2.34375000000000000000 0 0 1 0 8 141 115 143 139 71 433 114 142 
141 17056 -2.03125000000000000000 2.34375000000000000000 0 0 1 0 8 144 118 146 140 114 142 115 143 
142 17057 -2.34375000000000000000 2.03125000000000000000 0 0 1 0 8 143 141 149 139 71 433 140 148 
143 17058 -2.03125000000000000000 2.03125000000000000000 0 0 1 0 8 146 144 152 142 140 148 141 149 
144 17059 -1.71875000000000000000 2.34375000000000000000 0 0 1 0 8 145 119 147 141 115 143 118 146 
145 17060 -1.40625000000000000000 2.34375000000000000000 0 0 1 0 10 156 130 158 164 144 118 146 119 147 166 
146 17061 -1.71875000000000000000 2.03125000000000000000 0 0 1 0 8 147 145 153 143 141 149 144 152 
147 17062 -1.40625000000000000000 2.03125000000000000000 0 0 1 0 10 164 158 166 188 146 144 152 145 153 190 
148 17063 -2.34375000000000000000 1.71875000000000000000 0 0 1 0 8 149 143 151 433 139 434 142 150 
149 17064 -2.03125000000000000000 1.71875000000000000000 0 0 1 0 8 152 146 154 148 142 150 143 151 
150 17065 -2.34375000000000000000 1.40625000000000000000 0 0 1 0 8 151 149 218 433 139 434 148 437 
151 17066 -2.03125000000000000000 1.40625000000000000000 0 0 1 0 8 154 152 219 150 148 437 149 218 
152 17067 -1.71875000000000000000 1.71875000000000000000 0 0 1 0 8 153 147 155 149 143 151 146 154 
153 17068 -1.40625000000000000000 1.71875000000000000000 0 0 1 0 10 188 166 190 196 152 146 154 147 155 198 
154 17069 -1.71875000000000000000 1.40625000000000000000 0 0 1 0 8 155 153 220 151 149 218 152 219 
155 17070 -1.40625000000000000000 1.40625000000000000000 0 0 1 0 10 196 190 198 222 154 152 219 153 220 444 
156 17071 -1.17187500000000000000 2.42187500000000000000 0 0 1 0 8 157 130 159 145 119 147 131 158 
157 17072 -1.01562500000000000000 2.42187500000000000000 0 0 1 0 8 160 131 162 156 130 158 119 159 
158 17073 -1.17187500000000000000 2.26562500000000000000 0 0 1 0 8 159 157 165 145 119 147 156 164 
159 17074 -1.01562500000000000000 2.26562500000000000000 0 0 1 0 8 162 160 168 158 156 164 157 165 
160 17075 -0.85937500000000000000 2.42187500000000000000 0 0 1 0 8 161 131 163 157 130 159 134 162 
161 17076 -0.70312500000000000000 2.42187500000000000000 0 0 1 0 8 172 134 174 160 131 162 130 163 
162 17077 -0.85937500000000000000 2.26562500000000000000 0 0 1 0 8 163 161 169 159 157 165 160 168 
163 17078 -0.70312500000000000000 2.26562500000000000000 0 0 1 0 8 174 172 180 162 160 168 161 169 
164 17079 -1.17187500000000000000 2.10937500000000000000 0 0 1 0 8 165 159 167 147 145 153 158 166 
165 17080 -1.01562500000000000000 2.10937500000000000000 0 0 1 0 8 168 162 170 164 158 166 159 167 
166 17081 -1.17187500000000000000 1.95312500000000000000 0 0 1 0 8 167 165 189 147 145 153 164 188 
167 17082 -1.01562500000000000000 1.95312500000000000000 0 0 1 0 8 170 168 192 166 164 188 165 189 
168 17083 -0.85937500000000000000 2.10937500000000000000 0 0 1 0 8 169 163 171 165 159 167 162 170 
169 17084 -0.70312500000000000000 2.10937500000000000000 0 0 1 0 8 180 174 182 168 162 170 163 171 
170 17085 -0.85937500000000000000 1.95312500000000000000 0 0 1 0 8 171 169 193 167 165 189 168 192 
171 17086 -0.70312500000000000000 1.95312500000000000000 0 0 1 0 8 182 180 204 170 168 192 169 193 
172 17087 -0.54687500000000000000 2.42187500000000000000 0 0 1 0 8 173 134 175 161 131 163 135 174 
173 17088 -0.39062500000000000000 2.42187500000000000000 0 0 1 0 8 176 135 178 172 134 174 131 175 
174 17089 -0.54687500000000000000 2.26562500000000000000 0 0 1 0 8 175 173 181 163 161 169 172 180 
175 17090 -0.39062500000000000000 2.26562500000000000000 0 0 1 0 8 178 176 184 174 172 180 173 181 
176 17091 -0.23437500000000000000 2.42187500000000000000 0 0 1 0 8 177 135 179 173 134 175 322 178 
177 17092 -0.07812500000000000000 2.42187500000000000000 0 0 1 0 8 383 322 385 176 135 178 134 179 
178 17093 -0.23437500000000000000 2.26562500000000000000 0 0 1 0 8 179 177 185 175 173 181 176 184 
179 17094 -0.07812500000000000000 2.26562500000000000000 0 0 1 0 8 385 383 391 178 176 184 177 185 
180 17095 -0.54687500000000000000 2.10937500000000000000 0 0 1 0 8 181 175 183 169 163 171 174 182 
181 17096 -0.39062500000000000000 2.10937500000000000000 0 0 1 0 8 184 178 186 180 174 182 175 183 
182 17097 -0.54687500000000000000 1.95312500000000000000 0 0 1 0 8 183 181 205 171 169 193 180 204 
183 17098 -0.39062500000000000000 1.95312500000000000000 0 0 1 0 8 186 184 208 182 180 204 181 205 
184 17099 -0.23437500000000000000 2.10937500000000000000 0 0 1 0 8 185 179 187 181 175 183 178 186 
185 17100 -0.07812500000000000000 2.10937500000000000000 0 0 1 0 8 391 385 393 184 178 186 179 187 
186 17101 -0.23437500000000000000 1.95312500000000000000 0 0 1 0 8 187 185 209 183 181 205 184 208 
187 17102 -0.07812500000000000000 1.95312500000000000000 0 0 1 0 8 393 391 412 186 184 208 185 209 
188 17103 -1.17187500000000000000 1.79687500000000000000 0 0 1 0 8 189 167 191 153 147 155 166 190 
189 17104 -1.01562500000000000000 1.79687500000000000000 0 0 1 0 8 192 170 194 188 166 190 167 191 
190 17105 -1.17187500000000000000 1.64062500000000000000 0 0 1 0 8 191 189 197 153 147 155 188 196 
191 17106 -1.01562500000000000000 1.64062500000000000000 0 0 1 0 8 194 192 200 190 188 196 189 197 
192 17107 -0.85937500000000000000 1.79687500000000000000 0 0 1 0 8 193 171 195 189 167 191 170 194 
193 17108 -0.70312500000000000000 1.79687500000000000000 0 0 1 0 8 204 182 206 192 170 194 171 195 
194 17109 -0.85937500000000000000 1.64062500000000000000 0 0 1 0 8 195 193 201 191 189 197 192 200 
195 17110 -0.70312500000000000000 1.64062500000000000000 0 0 1 0 8 206 204 212 194 192 200 193 201 
196 17111 -1.17187500000000000000 1.48437500000000000000 0 0 1 0 8 197 191 199 155 153 220 190 198 
197 17112 -1.01562500000000000000 1.48437500000000000000 0 0 1 0 8 200 194 202 196 190 198 191 199 
198 17113 -1.17187500000000000000 1.32812500000000000000 0 0 1 0 8 199 197 223 155 153 220 196 222 
199 17114 -1.01562500000000000000 1.32812500000000000000 0 0 1 0 8 202 200 224 198 196 222 197 223 
200 17115 -0.85937500000000000000 1.48437500000000000000 0 0 1 0 8 201 195 203 197 191 199 194 202 
201 17116 -0.70312500000000000000 1.48437500000000000000 0 0 1 0 8 212 206 214 200 194 202 195 203 
202 17117 -0.85937500000000000000 1.32812500000000000000 0 0 1 0 8 203 201 225 199 197 223 200 224 
203 17118 -0.70312500000000000000 1.32812500000000000000 0 0 1 0 9 214 212 226 202 200 224 201 225 228 
204 17119 -0.54687500000000000000 1.79687500000000000000 0 0 1 0 8 205 183 207 193 171 195 182 206 
205 17120 -0.39062500000000000000 1.79687500000000000000 0 0 1 0 8 208 186 210 204 182 206 183 207 
206 17121 -0.54687500000000000000 1.64062500000000000000 0 0 1 0 8 207 205 213 195 193 201 204 212 
207 17122 -0.39062500000000000000 1.64062500000000000000 0 0 1 0 8 210 208 216 206 204 212 205 213 
208 17123 -0.23437500000000000000 1.79687500000000000000 0 0 1 0 8 209 187 211 205 183 207 186 210 
209 17124 -0.07812500000000000000 1.79687500000000000000 0 0 1 0 8 412 393 414 208 186 210 187 211 
210 17125 -0.23437500000000000000 1.64062500000000000000 0 0 1 0 8 211 209 217 207 205 213 208 216 
211 17126 -0.07812500000000000000 1.64062500000000000000 0 0 1 0 8 414 412 420 210 208 216 209 217 
212 17127 -0.54687500000000000000 1.48437500000000000000 0 0 1 0 8 213 207 215 201 195 203 206 214 
213 17128 -0.39062500000000000000 1.48437500000000000000 0 0 1 0 8 216 210 435 212 206 214 207 215 
214 17129 -0.54687500000000000000 1.32812500000000000000 0 0 1 0 10 215 213 230 203 201 225 212 226 227 451 
215 17130 -0.39062500000000000000 1.32812500000000000000 0 0 1 0 11 435 216 457 214 212 227 213 230 229 450 458 
216 17131 -0.23437500000000000000 1.48437500000000000000 0 0 1 0 8 217 211 436 213 207 215 210 435 
217 17132 -0.07812500000000000000 1.48437500000000000000 0 0 1 0 8 420 414 484 216 210 435 211 436 
218 17133 -2.03125000000000000000 1.09375000000000000000 0 0 1 0 8 219 154 221 437 150 438 151 439 
219 17134 -1.71875000000000000000 1.09375000000000000000 0 0 1 0 8 220 155 440 218 151 439 154 221 
220 17135 -1.40625000000000000000 1.09375000000000000000 0 0 1 0 10 222 198 444 448 219 154 221 155 440 449 
221 17136 -1.71875000000000000000 0.78125000000000000000 0 0 1 0 8 440 220 443 439 218 441 219 442 
222 17137 -1.17187500000000000000 1.17187500000000000000 0 0 1 0 8 223 199 445 220 155 440 198 444 
223 17138 -1.01562500000000000000 1.17187500000000000000 0 0 1 0 8 224 202 446 222 198 444 199 445 
224 17139 -0.85937500000000000000 1.17187500000000000000 0 0 1 0 8 225 203 447 223 199 445 202 446 
225 17140 -0.70312500000000000000 1.17187500000000000000 0 0 1 0 10 226 214 228 453 224 202 446 203 447 455 
226 17141 -0.58593750000000000000 1.21093750000000000000 0 0 1 0 8 227 214 229 225 203 447 215 228 
227 17142 -0.50781250000000000000 1.21093750000000000000 0 0 1 0 8 230 215 451 226 214 228 203 229 
228 17143 -0.58593750000000000000 1.13281250000000000000 0 0 1 0 8 229 227 454 225 203 447 226 453 
229 17144 -0.50781250000000000000 1.13281250000000000000 0 0 1 0 8 451 230 456 228 226 453 227 454 
230 17145 -0.42968750000000000000 1.21093750000000000000 0 0 1 0 8 450 215 452 227 214 229 435 451 
231 17146 0.62500000000000000000 9.37500000000000000000 16 232 2 0 5 232 234 16 18 233 
232 17147 1.87500000000000000000 9.37500000000000000000 231 235 2 0 5 235 237 231 233 234 
233 17148 0.62500000000000000000 8.12500000000000000000 0 0 1 0 11 234 232 243 18 16 40 231 239 42 240 245 
234 17149 1.87500000000000000000 8.12500000000000000000 0 0 1 0 11 237 235 255 233 231 240 232 243 242 244 257 
235 17150 3.12500000000000000000 9.37500000000000000000 232 236 2 0 5 236 238 232 234 237 
236 17151 4.37500000000000000000 9.37500000000000000000 235 271 2 0 5 271 272 235 237 238 
237 17152 3.12500000000000000000 8.12500000000000000000 0 0 1 0 11 238 236 259 234 232 244 235 255 246 256 261 
238 17153 4.37500000000000000000 8.12500000000000000000 0 0 1 0 11 272 271 273 237 235 256 236 259 258 260 275 
239 17154 0.31250000000000000000 7.18750000000000000000 0 0 1 0 8 240 233 242 40 18 42 234 241 
240 17155 0.93750000000000000000 7.18750000000000000000 0 0 1 0 8 243 234 245 239 233 241 18 242 
241 17156 0.31250000000000000000 6.56250000000000000000 0 0 1 0 8 242 240 248 42 40 48 239 247 
242 17157 0.93750000000000000000 6.56250000000000000000 0 0 1 0 8 245 243 251 241 239 247 240 248 
243 17158 1.56250000000000000000 7.18750000000000000000 0 0 1 0 8 244 234 246 240 233 242 237 245 
244 17159 2.18750000000000000000 7.18750000000000000000 0 0 1 0 8 255 237 257 243 234 245 233 246 
245 17160 1.56250000000000000000 6.56250000000000000000 0 0 1 0 8 246 244 252 242 240 248 243 251 
246 17161 2.18750000000000000000 6.56250000000000000000 0 0 1 0 8 257 255 263 245 243 251 244 252 
247 17162 0.31250000000000000000 5.93750000000000000000 0 0 1 0 8 248 242 250 48 42 50 241 249 
248 17163 0.93750000000000000000 5.93750000000000000000 0 0 1 0 8 251 245 253 247 241 249 242 250 
249 17164 0.31250000000000000000 5.31250000000000000000 0 0 1 0 11 250 248 284 50 48 93 247 280 95 281 286 
250 17165 0.93750000000000000000 5.31250000000000000000 0 0 1 0 11 253 251 296 249 247 281 248 284 283 285 298 
251 17166 1.56250000000000000000 5.93750000000000000000 0 0 1 0 8 252 246 254 248 242 250 245 253 
252 17167 2.18750000000000000000 5.93750000000000000000 0 0 1 0 8 263 257 265 251 245 253 246 254 
253 17168 1.56250000000000000000 5.31250000000000000000 0 0 1 0 11 254 252 300 250 248 285 251 296 287 297 302 
254 17169 2.18750000000000000000 5.31250000000000000000 0 0 1 0 11 265 263 341 253 251 297 252 300 299 301 343 
255 17170 2.81250000000000000000 7.18750000000000000000 0 0 1 0 8 256 237 258 244 234 246 238 257 
256 17171 3.43750000000000000000 7.18750000000000000000 0 0 1 0 8 259 238 261 255 237 257 234 258 
257 17172 2.81250000000000000000 6.56250000000000000000 0 0 1 0 8 258 256 264 246 244 252 255 263 
258 17173 3.43750000000000000000 6.56250000000000000000 0 0 1 0 8 261 259 267 257 255 263 256 264 
259 17174 4.06250000000000000000 7.18750000000000000000 0 0 1 0 8 260 238 262 256 237 258 272 261 
260 17175 4.68750000000000000000 7.18750000000000000000 0 0 1 0 8 273 272 275 259 238 261 237 262 
261 17176 4.06250000000000000000 6.56250000000000000000 0 0 1 0 8 262 260 268 258 256 264 259 267 
262 17177 4.68750000000000000000 6.56250000000000000000 0 0 1 0 8 275 273 277 261 259 267 260 268 
263 17178 2.81250000000000000000 5.93750000000000000000 0 0 1 0 8 264 258 266 252 246 254 257 265 
264 17179 3.43750000000000000000 5.93750000000000000000 0 0 1 0 8 267 261 269 263 257 265 258 266 
265 17180 2.81250000000000000000 5.31250000000000000000 0 0 1 0 11 266 264 345 254 252 301 263 341 303 342 347 
266 17181 3.43750000000000000000 5.31250000000000000000 0 0 1 0 11 269 267 357 265 263 342 264 345 344 346 359 
267 17182 4.06250000000000000000 5.93750000000000000000 0 0 1 0 8 268 262 270 264 258 266 261 269 
268 17183 4.68750000000000000000 5.93750000000000000000 0 0 1 0 8 277 275 279 267 261 269 262 270 
269 17184 4.06250000000000000000 5.31250000000000000000 0 0 1 0 11 270 268 361 266 264 346 267 357 348 358 363 
270 17185 4.68750000000000000000 5.31250000000000000000 0 0 1 0 10 279 277 503 269 267 358 268 361 360 362 
271 17186 5.62500000000000000000 9.37500000000000000000 236 459 2 0 5 459 460 236 238 272 
272 17187 5.62500000000000000000 8.12500000000000000000 0 0 1 0 11 460 459 461 238 236 260 271 273 262 274 462 
273 17188 5.31250000000000000000 7.18750000000000000000 0 0 1 0 8 274 272 276 260 238 262 460 275 
274 17189 5.93750000000000000000 7.18750000000000000000 0 0 1 0 8 461 460 462 273 272 275 238 276 
275 17190 5.31250000000000000000 6.56250000000000000000 0 0 1 0 8 276 274 278 262 260 268 273 277 
276 17191 5.93750000000000000000 6.56250000000000000000 0 0 1 0 8 462 461 464 275 273 277 274 278 
277 17192 5.31250000000000000000 5.93750000000000000000 0 0 1 0 8 278 276 463 268 262 270 275 279 
278 17193 5.93750000000000000000 5.93750000000000000000 0 0 1 0 8 464 462 465 277 275 279 276 463 
279 17194 5.31250000000000000000 5.31250000000000000000 0 0 1 0 9 463 278 504 270 268 362 277 503 364 
280 17195 0.15625000000000000000 4.84375000000000000000 0 0 1 0 8 281 249 283 93 50 95 250 282 
281 17196 0.46875000000000000000 4.84375000000000000000 0 0 1 0 8 284 250 286 280 249 282 50 283 
282 17197 0.15625000000000000000 4.53125000000000000000 0 0 1 0 8 283 281 289 95 93 101 280 288 
283 17198 0.46875000000000000000 4.53125000000000000000 0 0 1 0 8 286 284 292 282 280 288 281 289 
284 17199 0.78125000000000000000 4.84375000000000000000 0 0 1 0 8 285 250 287 281 249 283 253 286 
285 17200 1.09375000000000000000 4.84375000000000000000 0 0 1 0 8 296 253 298 284 250 286 249 287 
286 17201 0.78125000000000000000 4.53125000000000000000 0 0 1 0 8 287 285 293 283 281 289 284 292 
287 17202 1.09375000000000000000 4.53125000000000000000 0 0 1 0 8 298 296 304 286 284 292 285 293 
288 17203 0.15625000000000000000 4.21875000000000000000 0 0 1 0 8 289 283 291 101 95 103 282 290 
289 17204 0.46875000000000000000 4.21875000000000000000 0 0 1 0 8 292 286 294 288 282 290 283 291 
290 17205 0.15625000000000000000 3.90625000000000000000 0 0 1 0 8 291 289 313 103 101 125 288 312 
291 17206 0.46875000000000000000 3.90625000000000000000 0 0 1 0 8 294 292 316 290 288 312 289 313 
292 17207 0.78125000000000000000 4.21875000000000000000 0 0 1 0 8 293 287 295 289 283 291 286 294 
293 17208 1.09375000000000000000 4.21875000000000000000 0 0 1 0 8 304 298 306 292 286 294 287 295 
294 17209 0.78125000000000000000 3.90625000000000000000 0 0 1 0 8 295 293 317 291 289 313 292 316 
295 17210 1.09375000000000000000 3.90625000000000000000 0 0 1 0 8 306 304 328 294 292 316 293 317 
296 17211 1.40625000000000000000 4.84375000000000000000 0 0 1 0 8 297 253 299 285 250 287 254 298 
297 17212 1.71875000000000000000 4.84375000000000000000 0 0 1 0 8 300 254 302 296 253 298 250 299 
298 17213 1.40625000000000000000 4.53125000000000000000 0 0 1 0 8 299 297 305 287 285 293 296 304 
299 17214 1.71875000000000000000 4.53125000000000000000 0 0 1 0 8 302 300 308 298 296 304 297 305 
300 17215 2.03125000000000000000 4.84375000000000000000 0 0 1 0 8 301 254 303 297 253 299 265 302 
301 17216 2.34375000000000000000 4.84375000000000000000 0 0 1 0 8 341 265 343 300 254 302 253 303 
302 17217 2.03125000000000000000 4.53125000000000000000 0 0 1 0 8 303 301 309 299 297 305 300 308 
303 17218 2.34375000000000000000 4.53125000000000000000 0 0 1 0 8 343 341 349 302 300 308 301 309 
304 17219 1.40625000000000000000 4.21875000000000000000 0 0 1 0 8 305 299 307 293 287 295 298 306 
305 17220 1.71875000000000000000 4.21875000000000000000 0 0 1 0 8 308 302 310 304 298 306 299 307 
306 17221 1.40625000000000000000 3.90625000000000000000 0 0 1 0 8 307 305 329 295 293 317 304 328 
307 17222 1.71875000000000000000 3.90625000000000000000 0 0 1 0 8 310 308 332 306 304 328 305 329 
308 17223 2.03125000000000000000 4.21875000000000000000 0 0 1 0 8 309 303 311 305 299 307 302 310 
309 17224 2.34375000000000000000 4.21875000000000000000 0 0 1 0 8 349 343 351 308 302 310 303 311 
310 17225 2.03125000000000000000 3.90625000000000000000 0 0 1 0 8 311 309 333 307 305 329 308 332 
311 17226 2.34375000000000000000 3.90625000000000000000 0 0 1 0 8 351 349 370 310 308 332 309 333 
312 17227 0.15625000000000000000 3.59375000000000000000 0 0 1 0 8 313 291 315 125 103 127 290 314 
313 17228 0.46875000000000000000 3.59375000000000000000 0 0 1 0 8 316 294 318 312 290 314 291 315 
314 17229 0.15625000000000000000 3.28125000000000000000 0 0 1 0 8 315 313 321 127 125 133 312 320 
315 17230 0.46875000000000000000 3.28125000000000000000 0 0 1 0 8 318 316 324 314 312 320 313 321 
316 17231 0.78125000000000000000 3.59375000000000000000 0 0 1 0 8 317 295 319 313 291 315 294 318 
317 17232 1.09375000000000000000 3.59375000000000000000 0 0 1 0 8 328 306 330 316 294 318 295 319 
318 17233 0.78125000000000000000 3.28125000000000000000 0 0 1 0 8 319 317 325 315 313 321 316 324 
319 17234 1.09375000000000000000 3.28125000000000000000 0 0 1 0 8 330 328 336 318 316 324 317 325 
320 17235 0.15625000000000000000 2.96875000000000000000 0 0 1 0 8 321 315 323 133 127 135 314 322 
321 17236 0.46875000000000000000 2.96875000000000000000 0 0 1 0 8 324 318 326 320 314 322 315 323 
322 17237 0.15625000000000000000 2.65625000000000000000 0 0 1 0 11 323 321 387 135 133 177 320 383 179 384 389 
323 17238 0.46875000000000000000 2.65625000000000000000 0 0 1 0 11 326 324 399 322 320 384 321 387 386 388 401 
324 17239 0.78125000000000000000 2.96875000000000000000 0 0 1 0 8 325 319 327 321 315 323 318 326 
325 17240 1.09375000000000000000 2.96875000000000000000 0 0 1 0 8 336 330 338 324 318 326 319 327 
326 17241 0.78125000000000000000 2.65625000000000000000 0 0 1 0 11 327 325 403 323 321 388 324 399 390 400 405 
327 17242 1.09375000000000000000 2.65625000000000000000 0 0 1 0 11 338 336 424 326 324 400 325 403 402 404 495 
328 17243 1.40625000000000000000 3.59375000000000000000 0 0 1 0 8 329 307 331 317 295 319 306 330 
329 17244 1.71875000000000000000 3.59375000000000000000 0 0 1 0 8 332 310 334 328 306 330 307 331 
330 17245 1.40625000000000000000 3.28125000000000000000 0 0 1 0 8 331 329 337 319 317 325 328 336 
331 17246 1.71875000000000000000 3.28125000000000000000 0 0 1 0 8 334 332 339 330 328 336 329 337 
332 17247 2.03125000000000000000 3.59375000000000000000 0 0 1 0 8 333 311 335 329 307 331 310 334 
333 17248 2.34375000000000000000 3.59375000000000000000 0 0 1 0 8 370 351 372 332 310 334 311 335 
334 17249 2.03125000000000000000 3.28125000000000000000 0 0 1 0 8 335 333 340 331 329 337 332 339 
335 17250 2.34375000000000000000 3.28125000000000000000 0 0 1 0 8 372 370 378 334 332 339 333 340 
336 17251 1.40625000000000000000 2.96875000000000000000 0 0 1 0 8 337 331 466 325 319 327 330 338 
337 17252 1.71875000000000000000 2.96875000000000000000 0 0 1 0 8 339 334 467 336 330 338 331 466 
338 17253 1.40625000000000000000 2.65625000000000000000 0 0 1 0 11 466 337 497 327 325 404 336 424 406 494 498 
339 17254 2.03125000000000000000 2.96875000000000000000 0 0 1 0 8 340 335 468 337 331 466 334 467 
340 17255 2.34375000000000000000 2.96875000000000000000 0 0 1 0 8 378 372 472 339 334 467 335 468 
341 17256 2.65625000000000000000 4.84375000000000000000 0 0 1 0 8 342 265 344 301 254 303 266 343 
342 17257 2.96875000000000000000 4.84375000000000000000 0 0 1 0 8 345 266 347 341 265 343 254 344 
343 17258 2.65625000000000000000 4.53125000000000000000 0 0 1 0 8 344 342 350 303 301 309 341 349 
344 17259 2.96875000000000000000 4.53125000000000000000 0 0 1 0 8 347 345 353 343 341 349 342 350 
345 17260 3.28125000000000000000 4.84375000000000000000 0 0 1 0 8 346 266 348 342 265 344 269 347 
346 17261 3.59375000000000000000 4.84375000000000000000 0 0 1 0 8 357 269 359 345 266 347 265 348 
347 17262 3.28125000000000000000 4.53125000000000000000 0 0 1 0 8 348 346 354 344 342 350 345 353 
348 17263 3.59375000000000000000 4.53125000000000000000 0 0 1 0 8 359 357 365 347 345 353 346 354 
349 17264 2.65625000000000000000 4.21875000000000000000 0 0 1 0 8 350 344 352 309 303 311 343 351 
350 17265 2.96875000000000000000 4.21875000000000000000 0 0 1 0 8 353 347 355 349 343 351 344 352 
351 17266 2.65625000000000000000 3.90625000000000000000 0 0 1 0 8 352 350 371 311 309 333 349 370 
352 17267 2.96875000000000000000 3.90625000000000000000 0 0 1 0 8 355 353 374 351 349 370 350 371 
353 17268 3.28125000000000000000 4.21875000000000000000 0 0 1 0 8 354 348 356 350 344 352 347 355 
354 17269 3.59375000000000000000 4.21875000000000000000 0 0 1 0 8 365 359 367 353 347 355 348 356 
355 17270 3.28125000000000000000 3.90625000000000000000 0 0 1 0 8 356 354 375 352 350 371 353 374 
356 17271 3.59375000000000000000 3.90625000000000000000 0 0 1 0 8 367 365 382 355 353 374 354 375 
357 17272 3.90625000000000000000 4.84375000000000000000 0 0 1 0 8 358 269 360 346 266 348 270 359 
358 17273 4.21875000000000000000 4.84375000000000000000 0 0 1 0 8 361 270 363 357 269 359 266 360 
359 17274 3.90625000000000000000 4.53125000000000000000 0 0 1 0 8 360 358 366 348 346 354 357 365 
360 17275 4.21875000000000000000 4.53125000000000000000 0 0 1 0 8 363 361 369 359 357 365 358 366 
361 17276 4.53125000000000000000 4.84375000000000000000 0 0 1 0 8 362 270 364 358 269 360 279 363 
362 17277 4.84375000000000000000 4.84375000000000000000 0 0 1 0 8 503 279 505 361 270 363 269 364 
363 17278 4.53125000000000000000 4.53125000000000000000 0 0 1 0 8 364 362 469 360 358 366 361 369 
364 17279 4.84375000000000000000 4.53125000000000000000 0 0 1 0 8 503 279 505 363 361 369 362 469 
365 17280 3.90625000000000000000 4.21875000000000000000 0 0 1 0 8 366 360 368 354 348 356 359 367 
366 17281 4.21875000000000000000 4.21875000000000000000 0 0 1 0 8 369 363 470 365 359 367 360 368 
367 17282 3.90625000000000000000 3.90625000000000000000 0 0 1 0 8 368 366 476 356 354 375 365 382 
368 17283 4.21875000000000000000 3.90625000000000000000 0 0 1 0 8 470 369 479 367 365 382 366 476 
369 17284 4.53125000000000000000 4.21875000000000000000 0 0 1 0 8 469 364 471 366 360 368 363 470 
370 17285 2.65625000000000000000 3.59375000000000000000 0 0 1 0 8 371 352 373 333 311 335 351 372 
371 17286 2.96875000000000000000 3.59375000000000000000 0 0 1 0 8 374 355 376 370 351 372 352 373 
372 17287 2.65625000000000000000 3.28125000000000000000 0 0 1 0 8 373 371 379 335 333 340 370 378 
373 17288 2.96875000000000000000 3.28125000000000000000 0 0 1 0 8 376 374 381 372 370 378 371 379 
374 17289 3.28125000000000000000 3.59375000000000000000 0 0 1 0 8 375 356 377 371 352 373 355 376 
375 17290 3.59375000000000000000 3.59375000000000000000 0 0 1 0 8 382 367 477 374 355 376 356 377 
376 17291 3.28125000000000000000 3.28125000000000000000 0 0 1 0 8 377 375 473 373 371 379 374 381 
377 17292 3.59375000000000000000 3.28125000000000000000 0 0 1 0 8 477 382 480 376 374 381 375 473 
378 17293 2.65625000000000000000 2.96875000000000000000 0 0 1 0 8 379 373 380 340 335 468 372 472 
379 17294 2.96875000000000000000 2.96875000000000000000 0 0 1 0 8 381 376 474 378 372 472 373 380 
380 17295 2.96875000000000000000 2.65625000000000000000 0 0 1 0 8 474 381 502 472 378 500 379 501 
381 17296 3.28125000000000000000 2.96875000000000000000 0 0 1 0 8 473 377 475 379 373 380 376 474 
382 17297 3.90625000000000000000 3.59375000000000000000 0 0 1 0 8 476 368 478 375 356 377 367 477 
383 17298 0.07812500000000000000 2.42187500000000000000 0 0 1 0 8 384 322 386 177 135 179 323 385 
384 17299 0.23437500000000000000 2.42187500000000000000 0 0 1 0 8 387 323 389 383 322 385 135 386 
385 17300 0.07812500000000000000 2.26562500000000000000 0 0 1 0 8 386 384 392 179 177 185 383 391 
386 17301 0.23437500000000000000 2.26562500000000000000 0 0 1 0 8 389 387 395 385 383 391 384 392 
387 17302 0.39062500000000000000 2.42187500000000000000 0 0 1 0 8 388 323 390 384 322 386 326 389 
388 17303 0.54687500000000000000 2.42187500000000000000 0 0 1 0 8 399 326 401 387 323 389 322 390 
389 17304 0.39062500000000000000 2.26562500000000000000 0 0 1 0 8 390 388 396 386 384 392 387 395 
390 17305 0.54687500000000000000 2.26562500000000000000 0 0 1 0 8 401 399 407 389 387 395 388 396 
391 17306 0.07812500000000000000 2.10937500000000000000 0 0 1 0 8 392 386 394 185 179 187 385 393 
392 17307 0.23437500000000000000 2.10937500000000000000 0 0 1 0 8 395 389 397 391 385 393 386 394 
393 17308 0.07812500000000000000 1.95312500000000000000 0 0 1 0 8 394 392 413 187 185 209 391 412 
394 17309 0.23437500000000000000 1.95312500000000000000 0 0 1 0 8 397 395 416 393 391 412 392 413 
395 17310 0.39062500000000000000 2.10937500000000000000 0 0 1 0 8 396 390 398 392 386 394 389 397 
396 17311 0.54687500000000000000 2.10937500000000000000 0 0 1 0 8 407 401 409 395 389 397 390 398 
397 17312 0.39062500000000000000 1.95312500000000000000 0 0 1 0 8 398 396 417 394 392 413 395 416 
398 17313 0.54687500000000000000 1.95312500000000000000 0 0 1 0 8 409 407 423 397 395 416 396 417 
399 17314 0.70312500000000000000 2.42187500000000000000 0 0 1 0 8 400 326 402 388 323 390 327 401 
400 17315 0.85937500000000000000 2.42187500000000000000 0 0 1 0 8 403 327 405 399 326 401 323 402 
401 17316 0.70312500000000000000 2.26562500000000000000 0 0 1 0 8 402 400 408 390 388 396 399 407 
402 17317 0.85937500000000000000 2.26562500000000000000 0 0 1 0 8 405 403 411 401 399 407 400 408 
403 17318 1.01562500000000000000 2.42187500000000000000 0 0 1 0 8 404 327 406 400 326 402 338 405 
404 17319 1.17187500000000000000 2.42187500000000000000 0 0 1 0 8 424 338 495 403 327 405 326 406 
405 17320 1.01562500000000000000 2.26562500000000000000 0 0 1 0 8 406 404 481 402 400 408 403 411 
406 17321 1.17187500000000000000 2.26562500000000000000 0 0 1 0 8 495 424 499 405 403 411 404 481 
407 17322 0.70312500000000000000 2.10937500000000000000 0 0 1 0 8 408 402 410 396 390 398 401 409 
408 17323 0.85937500000000000000 2.10937500000000000000 0 0 1 0 8 411 405 482 407 401 409 402 410 
409 17324 0.70312500000000000000 1.95312500000000000000 0 0 1 0 8 410 408 489 398 396 417 407 423 
410 17325 0.85937500000000000000 1.95312500000000000000 0 0 1 0 8 482 411 492 409 407 423 408 489 
411 17326 1.01562500000000000000 2.10937500000000000000 0 0 1 0 8 481 406 483 408 402 410 405 482 
412 17327 0.07812500000000000000 1.79687500000000000000 0 0 1 0 8 413 394 415 209 187 211 393 414 
413 17328 0.23437500000000000000 1.79687500000000000000 0 0 1 0 8 416 397 418 412 393 414 394 415 
414 17329 0.07812500000000000000 1.64062500000000000000 0 0 1 0 8 415 413 421 211 209 217 412 420 
415 17330 0.23437500000000000000 1.64062500000000000000 0 0 1 0 8 418 416 422 414 412 420 413 421 
416 17331 0.39062500000000000000 1.79687500000000000000 0 0 1 0 8 417 398 419 413 394 415 397 418 
417 17332 0.54687500000000000000 1.79687500000000000000 0 0 1 0 8 423 409 490 416 397 418 398 419 
418 17333 0.39062500000000000000 1.64062500000000000000 0 0 1 0 8 419 417 486 415 413 421 416 422 
419 17334 0.54687500000000000000 1.64062500000000000000 0 0 1 0 8 490 423 493 418 416 422 417 486 
420 17335 0.07812500000000000000 1.48437500000000000000 0 0 1 0 8 421 415 485 217 211 436 414 484 
421 17336 0.23437500000000000000 1.48437500000000000000 0 0 1 0 8 422 418 487 420 414 484 415 485 
422 17337 0.39062500000000000000 1.48437500000000000000 0 0 1 0 8 486 419 488 421 415 485 418 487 
423 17338 0.70312500000000000000 1.79687500000000000000 0 0 1 0 8 489 410 491 417 398 419 409 490 
424 17339 1.32812500000000000000 2.42187500000000000000 0 0 1 0 8 494 338 496 404 327 406 466 495 
425 15161 -8.75000000000000000000 1.25000000000000000000 35 
426 15162 -6.87500000000000000000 1.87500000000000000000 35 
427 15163 -5.62500000000000000000 1.87500000000000000000 35 
428 15164 -6.87500000000000000000 0.62500000000000000000 35 
429 15165 -5.62500000000000000000 0.62500000000000000000 35 
430 15166 -4.68750000000000000000 1.56250000000000000000 35 
431 15167 -4.06250000000000000000 1.56250000000000000000 35 
432 15168 -3.43750000000000000000 1.56250000000000000000 35 
433 15169 -2.81250000000000000000 1.56250000000000000000 35 
434 15175 -2.81250000000000000000 0.93750000000000000000 35 
435 16476 -0.23437500000000000000 1.32812500000000000000 38 
436 16477 -0.07812500000000000000 1.32812500000000000000 38 
437 15178 -2.34375000000000000000 1.09375000000000000000 35 
438 15179 -2.34375000000000000000 0.78125000000000000000 35 
439 15180 -2.03125000000000000000 0.78125000000000000000 35 
440 16478 -1.40625000000000000000 0.78125000000000000000 38 
441 15182 -2.03125000000000000000 0.46875000000000000000 35 
442 15185 -1.71875000000000000000 0.46875000000000000000 35 
443 16479 -1.40625000000000000000 0.46875000000000000000 38 
444 16480 -1.17187500000000000000 1.01562500000000000000 38 
445 16481 -1.01562500000000000000 1.01562500000000000000 38 
446 16482 -0.85937500000000000000 1.01562500000000000000 38 
447 16483 -0.70312500000000000000 1.01562500000000000000 38 
448 16484 -1.17187500000000000000 0.85937500000000000000 38 
449 16486 -1.17187500000000000000 0.70312500000000000000 38 
450 16492 -0.35156250000000000000 1.21093750000000000000 38 
451 16493 -0.42968750000000000000 1.13281250000000000000 38 
452 16494 -0.35156250000000000000 1.13281250000000000000 38 
453 16495 -0.58593750000000000000 1.05468750000000000000 38 
454 16496 -0.50781250000000000000 1.05468750000000000000 38 
455 16497 -0.58593750000000000000 0.97656250000000000000 38 
456 16499 -0.42968750000000000000 1.05468750000000000000 38 
457 16503 -0.27343750000000000000 1.21093750000000000000 38 
458 16505 -0.27343750000000000000 1.13281250000000000000 38 
459 15593 6.87500000000000000000 9.37500000000000000000 36 
460 15594 6.87500000000000000000 8.12500000000000000000 36 
461 15599 6.56250000000000000000 7.18750000000000000000 36 
462 15601 6.56250000000000000000 6.56250000000000000000 36 
463 15603 5.93750000000000000000 5.31250000000000000000 36 
464 15604 6.56250000000000000000 5.93750000000000000000 36 
465 15606 6.56250000000000000000 5.31250000000000000000 36 
466 16035 1.71875000000000000000 2.65625000000000000000 37 
467 16036 2.03125000000000000000 2.65625000000000000000 37 
468 16037 2.34375000000000000000 2.65625000000000000000 37 
469 15612 4.84375000000000000000 4.21875000000000000000 36 
470 15613 4.53125000000000000000 3.90625000000000000000 36 
471 15614 4.84375000000000000000 3.90625000000000000000 36 
472 16038 2.65625000000000000000 2.65625000000000000000 37 
473 15615 3.59375000000000000000 2.96875000000000000000 36 
474 15616 3.28125000000000000000 2.65625000000000000000 36 
475 15617 3.59375000000000000000 2.65625000000000000000 36 
476 15618 4.21875000000000000000 3.59375000000000000000 36 
477 15619 3.90625000000000000000 3.28125000000000000000 36 
478 15620 4.21875000000000000000 3.28125000000000000000 36 
479 15621 4.53125000000000000000 3.59375000000000000000 36 
480 15625 3.90625000000000000000 2.96875000000000000000 36 
481 16039 1.17187500000000000000 2.10937500000000000000 37 
482 16040 1.01562500000000000000 1.95312500000000000000 37 
483 16041 1.17187500000000000000 1.95312500000000000000 37 
484 16739 0.07812500000000000000 1.32812500000000000000 38 
485 16740 0.23437500000000000000 1.32812500000000000000 38 
486 16042 0.54687500000000000000 1.48437500000000000000 37 
487 16043 0.39062500000000000000 1.32812500000000000000 37 
488 16044 0.54687500000000000000 1.32812500000000000000 37 
489 16045 0.85937500000000000000 1.79687500000000000000 37 
490 16046 0.70312500000000000000 1.64062500000000000000 37 
491 16047 0.85937500000000000000 1.64062500000000000000 37 
492 16048 1.01562500000000000000 1.79687500000000000000 37 
493 16052 0.70312500000000000000 1.48437500000000000000 37 
494 16060 1.48437500000000000000 2.42187500000000000000 37 
495 16061 1.32812500000000000000 2.26562500000000000000 37 
496 16062 1.48437500000000000000 2.26562500000000000000 37 
497 16063 1.64062500000000000000 2.42187500000000000000 37 
498 16065 1.64062500000000000000 2.26562500000000000000 37 
499 16067 1.32812500000000000000 2.10937500000000000000 37 
500 16467 2.65625000000000000000 2.34375000000000000000 37 
501 15633 2.96875000000000000000 2.34375000000000000000 36 
502 15635 3.28125000000000000000 2.34375000000000000000 36 
503 15690 5.31250000000000000000 4.68750000000000000000 36 
504 15691 5.93750000000000000000 4.68750000000000000000 36 
505 15692 5.31250000000000000000 4.06250000000000000000 36 
