479 422 57
1 6096 0.92158614000000005362 -0.01060452800000000022 423 2 0 1 7 423 2 220 221 435 440 227 
2 6097 0.91891505040700238727 -0.01094837621802070490 1 3 0 1 7 1 3 187 220 221 435 223 
3 6098 0.91624384999999997081 -0.01129115099999999927 2 4 0 1 7 208 210 2 4 186 187 220 
4 6099 0.91074209999999999887 -0.01199374299999999942 3 5 0 1 7 3 184 5 186 185 189 194 
5 6100 0.90508297999999998140 -0.01271168200000000019 4 6 0 1 9 151 172 157 168 159 169 174 4 6 
6 6101 0.90217588824185823704 -0.01307862906152978087 5 7 0 1 8 168 153 156 155 157 170 5 7 
7 6102 0.89926866999999999219 -0.01344433800000000012 6 8 0 1 7 156 20 152 153 158 6 8 
8 6103 0.89330138999999997296 -0.01419107600000000038 7 9 0 1 6 19 15 16 21 7 9 
9 6104 0.88718341999999994485 -0.01495125599999999957 8 10 0 1 10 15 17 103 88 91 90 92 105 8 10 
10 6105 0.88091711999999999794 -0.01572423300000000065 9 11 0 1 8 91 44 87 46 88 93 9 11 
11 6106 0.87450488000000003996 -0.01650936100000000017 10 12 0 1 8 87 40 43 42 44 89 10 12 
12 6107 0.87122709511917906244 -0.01690842853790493205 11 13 0 1 8 43 28 39 30 40 45 11 13 
13 6108 0.86794915999999999734 -0.01730598599999999890 12 14 0 1 8 39 24 27 26 28 41 12 14 
14 6109 0.86125247000000004771 -0.01811345500000000053 13 424 0 1 8 27 425 23 426 24 29 13 424 
15 6110 0.88989257812500000000 -0.01586914062500000000 0 0 1 0 5 16 8 18 9 17 
16 6111 0.89233398437500000000 -0.01586914062500000000 0 0 1 0 6 19 21 15 8 17 18 
17 6112 0.88989257812500000000 -0.01831054687500000000 0 0 1 0 7 18 16 104 9 15 103 92 
18 6113 0.89233398437500000000 -0.01831054687500000000 0 0 1 0 8 21 19 107 17 15 103 16 104 
19 6114 0.89477539062500000000 -0.01586914062500000000 0 0 1 0 6 20 22 16 8 18 21 
20 6115 0.89721679687500000000 -0.01586914062500000000 0 0 1 0 8 152 7 154 160 19 21 22 162 
21 6116 0.89477539062500000000 -0.01831054687500000000 0 0 1 0 8 22 20 108 18 16 104 19 107 
22 6117 0.89721679687500000000 -0.01831054687500000000 0 0 1 0 9 160 154 162 238 21 19 107 20 108 
23 6118 0.86059570312500000000 -0.02075195312500000000 0 0 1 0 7 24 14 26 425 426 13 25 
24 6119 0.86303710937500000000 -0.02075195312500000000 0 0 1 0 7 27 13 29 23 14 25 26 
25 6120 0.86059570312500000000 -0.02319335937500000000 0 0 1 0 8 26 24 32 426 425 427 23 31 
26 6121 0.86303710937500000000 -0.02319335937500000000 0 0 1 0 8 29 27 35 25 23 31 24 32 
27 6122 0.86547851562500000000 -0.02075195312500000000 0 0 1 0 8 28 13 30 24 14 26 12 29 
28 6123 0.86791992187500000000 -0.02075195312500000000 0 0 1 0 8 39 12 41 27 13 29 14 30 
29 6124 0.86547851562500000000 -0.02319335937500000000 0 0 1 0 8 30 28 36 26 24 32 27 35 
30 6125 0.86791992187500000000 -0.02319335937500000000 0 0 1 0 8 41 39 47 29 27 35 28 36 
31 6126 0.86059570312500000000 -0.02563476562500000000 0 0 1 0 8 32 26 34 427 426 428 25 33 
32 6127 0.86303710937500000000 -0.02563476562500000000 0 0 1 0 8 35 29 37 31 25 33 26 34 
33 6128 0.86059570312500000000 -0.02807617187500000000 0 0 1 0 8 34 32 56 428 427 429 31 55 
34 6129 0.86303710937500000000 -0.02807617187500000000 0 0 1 0 8 37 35 59 33 31 55 32 56 
35 6130 0.86547851562500000000 -0.02563476562500000000 0 0 1 0 8 36 30 38 32 26 34 29 37 
36 6131 0.86791992187500000000 -0.02563476562500000000 0 0 1 0 8 47 41 49 35 29 37 30 38 
37 6132 0.86547851562500000000 -0.02807617187500000000 0 0 1 0 8 38 36 60 34 32 56 35 59 
38 6133 0.86791992187500000000 -0.02807617187500000000 0 0 1 0 8 49 47 71 37 35 59 36 60 
39 6134 0.87036132812500000000 -0.02075195312500000000 0 0 1 0 8 40 12 42 28 13 30 11 41 
40 6135 0.87280273437500000000 -0.02075195312500000000 0 0 1 0 8 43 11 45 39 12 41 13 42 
41 6136 0.87036132812500000000 -0.02319335937500000000 0 0 1 0 8 42 40 48 30 28 36 39 47 
42 6137 0.87280273437500000000 -0.02319335937500000000 0 0 1 0 8 45 43 51 41 39 47 40 48 
43 6138 0.87524414062500000000 -0.02075195312500000000 0 0 1 0 8 44 11 46 40 12 42 10 45 
44 6139 0.87768554687500000000 -0.02075195312500000000 0 0 1 0 8 87 10 89 43 11 45 12 46 
45 6140 0.87524414062500000000 -0.02319335937500000000 0 0 1 0 8 46 44 52 42 40 48 43 51 
46 6141 0.87768554687500000000 -0.02319335937500000000 0 0 1 0 8 89 87 95 45 43 51 44 52 
47 6142 0.87036132812500000000 -0.02563476562500000000 0 0 1 0 8 48 42 50 36 30 38 41 49 
48 6143 0.87280273437500000000 -0.02563476562500000000 0 0 1 0 8 51 45 53 47 41 49 42 50 
49 6144 0.87036132812500000000 -0.02807617187500000000 0 0 1 0 8 50 48 72 38 36 60 47 71 
50 6145 0.87280273437500000000 -0.02807617187500000000 0 0 1 0 8 53 51 75 49 47 71 48 72 
51 6146 0.87524414062500000000 -0.02563476562500000000 0 0 1 0 8 52 46 54 48 42 50 45 53 
52 6147 0.87768554687500000000 -0.02563476562500000000 0 0 1 0 8 95 89 97 51 45 53 46 54 
53 6148 0.87524414062500000000 -0.02807617187500000000 0 0 1 0 8 54 52 76 50 48 72 51 75 
54 6149 0.87768554687500000000 -0.02807617187500000000 0 0 1 0 8 97 95 119 53 51 75 52 76 
55 6150 0.86059570312500000000 -0.03051757812500000000 0 0 1 0 8 56 34 58 429 428 430 33 57 
56 6151 0.86303710937500000000 -0.03051757812500000000 0 0 1 0 8 59 37 61 55 33 57 34 58 
57 6152 0.86059570312500000000 -0.03295898437500000000 0 0 1 0 8 58 56 64 430 429 431 55 63 
58 6153 0.86303710937500000000 -0.03295898437500000000 0 0 1 0 8 61 59 67 57 55 63 56 64 
59 6154 0.86547851562500000000 -0.03051757812500000000 0 0 1 0 8 60 38 62 56 34 58 37 61 
60 6155 0.86791992187500000000 -0.03051757812500000000 0 0 1 0 8 71 49 73 59 37 61 38 62 
61 6156 0.86547851562500000000 -0.03295898437500000000 0 0 1 0 8 62 60 68 58 56 64 59 67 
62 6157 0.86791992187500000000 -0.03295898437500000000 0 0 1 0 8 73 71 79 61 59 67 60 68 
63 6158 0.86059570312500000000 -0.03540039062500000000 0 0 1 0 8 64 58 66 431 430 432 57 65 
64 6159 0.86303710937500000000 -0.03540039062500000000 0 0 1 0 8 67 61 69 63 57 65 58 66 
65 6160 0.86059570312500000000 -0.03784179687500000000 0 0 1 0 8 66 64 328 432 431 433 63 329 
66 6161 0.86303710937500000000 -0.03784179687500000000 0 0 1 0 8 69 67 329 65 63 328 64 433 
67 6162 0.86547851562500000000 -0.03540039062500000000 0 0 1 0 8 68 62 70 64 58 66 61 69 
68 6163 0.86791992187500000000 -0.03540039062500000000 0 0 1 0 8 79 73 81 67 61 69 62 70 
69 6164 0.86547851562500000000 -0.03784179687500000000 0 0 1 0 8 70 68 329 66 64 328 67 331 
70 6165 0.86791992187500000000 -0.03784179687500000000 0 0 1 0 8 81 79 331 69 67 329 68 328 
71 6166 0.87036132812500000000 -0.03051757812500000000 0 0 1 0 8 72 50 74 60 38 62 49 73 
72 6167 0.87280273437500000000 -0.03051757812500000000 0 0 1 0 8 75 53 77 71 49 73 50 74 
73 6168 0.87036132812500000000 -0.03295898437500000000 0 0 1 0 8 74 72 80 62 60 68 71 79 
74 6169 0.87280273437500000000 -0.03295898437500000000 0 0 1 0 8 77 75 83 73 71 79 72 80 
75 6170 0.87524414062500000000 -0.03051757812500000000 0 0 1 0 8 76 54 78 72 50 74 53 77 
76 6171 0.87768554687500000000 -0.03051757812500000000 0 0 1 0 8 119 97 121 75 53 77 54 78 
77 6172 0.87524414062500000000 -0.03295898437500000000 0 0 1 0 8 78 76 84 74 72 80 75 83 
78 6173 0.87768554687500000000 -0.03295898437500000000 0 0 1 0 8 121 119 127 77 75 83 76 84 
79 6174 0.87036132812500000000 -0.03540039062500000000 0 0 1 0 8 80 74 82 68 62 70 73 81 
80 6175 0.87280273437500000000 -0.03540039062500000000 0 0 1 0 8 83 77 85 79 73 81 74 82 
81 6176 0.87036132812500000000 -0.03784179687500000000 0 0 1 0 8 82 80 331 70 68 329 79 332 
82 6177 0.87280273437500000000 -0.03784179687500000000 0 0 1 0 8 85 83 332 81 79 331 80 329 
83 6178 0.87524414062500000000 -0.03540039062500000000 0 0 1 0 8 84 78 86 80 74 82 77 85 
84 6179 0.87768554687500000000 -0.03540039062500000000 0 0 1 0 8 127 121 129 83 77 85 78 86 
85 6180 0.87524414062500000000 -0.03784179687500000000 0 0 1 0 8 86 84 332 82 80 331 83 341 
86 6181 0.87768554687500000000 -0.03784179687500000000 0 0 1 0 8 129 127 341 85 83 332 84 331 
87 6182 0.88012695312500000000 -0.02075195312500000000 0 0 1 0 8 88 10 90 44 11 46 9 89 
88 6183 0.88256835937500000000 -0.02075195312500000000 0 0 1 0 8 91 9 93 87 10 89 11 90 
89 6184 0.88012695312500000000 -0.02319335937500000000 0 0 1 0 8 90 88 96 46 44 52 87 95 
90 6185 0.88256835937500000000 -0.02319335937500000000 0 0 1 0 8 93 91 99 89 87 95 88 96 
91 6186 0.88500976562500000000 -0.02075195312500000000 0 0 1 0 7 92 9 94 88 10 90 93 
92 6187 0.88745117187500000000 -0.02075195312500000000 0 0 1 0 8 103 17 105 91 9 93 10 94 
93 6188 0.88500976562500000000 -0.02319335937500000000 0 0 1 0 8 94 92 100 90 88 96 91 99 
94 6189 0.88745117187500000000 -0.02319335937500000000 0 0 1 0 8 105 103 111 93 91 99 92 100 
95 6190 0.88012695312500000000 -0.02563476562500000000 0 0 1 0 8 96 90 98 52 46 54 89 97 
96 6191 0.88256835937500000000 -0.02563476562500000000 0 0 1 0 8 99 93 101 95 89 97 90 98 
97 6192 0.88012695312500000000 -0.02807617187500000000 0 0 1 0 8 98 96 120 54 52 76 95 119 
98 6193 0.88256835937500000000 -0.02807617187500000000 0 0 1 0 8 101 99 123 97 95 119 96 120 
99 6194 0.88500976562500000000 -0.02563476562500000000 0 0 1 0 8 100 94 102 96 90 98 93 101 
100 6195 0.88745117187500000000 -0.02563476562500000000 0 0 1 0 8 111 105 113 99 93 101 94 102 
101 6196 0.88500976562500000000 -0.02807617187500000000 0 0 1 0 8 102 100 124 98 96 120 99 123 
102 6197 0.88745117187500000000 -0.02807617187500000000 0 0 1 0 8 113 111 135 101 99 123 100 124 
103 6198 0.88989257812500000000 -0.02075195312500000000 0 0 1 0 8 104 18 106 92 9 94 17 105 
104 6199 0.89233398437500000000 -0.02075195312500000000 0 0 1 0 8 107 21 109 103 17 105 18 106 
105 6200 0.88989257812500000000 -0.02319335937500000000 0 0 1 0 8 106 104 112 94 92 100 103 111 
106 6201 0.89233398437500000000 -0.02319335937500000000 0 0 1 0 8 109 107 115 105 103 111 104 112 
107 6202 0.89477539062500000000 -0.02075195312500000000 0 0 1 0 8 108 22 110 104 18 106 21 109 
108 6203 0.89721679687500000000 -0.02075195312500000000 0 0 1 0 8 238 162 240 107 21 109 22 110 
109 6204 0.89477539062500000000 -0.02319335937500000000 0 0 1 0 8 110 108 116 106 104 112 107 115 
110 6205 0.89721679687500000000 -0.02319335937500000000 0 0 1 0 8 240 238 246 109 107 115 108 116 
111 6206 0.88989257812500000000 -0.02563476562500000000 0 0 1 0 8 112 106 114 100 94 102 105 113 
112 6207 0.89233398437500000000 -0.02563476562500000000 0 0 1 0 8 115 109 117 111 105 113 106 114 
113 6208 0.88989257812500000000 -0.02807617187500000000 0 0 1 0 8 114 112 136 102 100 124 111 135 
114 6209 0.89233398437500000000 -0.02807617187500000000 0 0 1 0 8 117 115 139 113 111 135 112 136 
115 6210 0.89477539062500000000 -0.02563476562500000000 0 0 1 0 8 116 110 118 112 106 114 109 117 
116 6211 0.89721679687500000000 -0.02563476562500000000 0 0 1 0 8 246 240 248 115 109 117 110 118 
117 6212 0.89477539062500000000 -0.02807617187500000000 0 0 1 0 8 118 116 140 114 112 136 115 139 
118 6213 0.89721679687500000000 -0.02807617187500000000 0 0 1 0 8 248 246 270 117 115 139 116 140 
119 6214 0.88012695312500000000 -0.03051757812500000000 0 0 1 0 8 120 98 122 76 54 78 97 121 
120 6215 0.88256835937500000000 -0.03051757812500000000 0 0 1 0 8 123 101 125 119 97 121 98 122 
121 6216 0.88012695312500000000 -0.03295898437500000000 0 0 1 0 8 122 120 128 78 76 84 119 127 
122 6217 0.88256835937500000000 -0.03295898437500000000 0 0 1 0 8 125 123 131 121 119 127 120 128 
123 6218 0.88500976562500000000 -0.03051757812500000000 0 0 1 0 8 124 102 126 120 98 122 101 125 
124 6219 0.88745117187500000000 -0.03051757812500000000 0 0 1 0 8 135 113 137 123 101 125 102 126 
125 6220 0.88500976562500000000 -0.03295898437500000000 0 0 1 0 8 126 124 132 122 120 128 123 131 
126 6221 0.88745117187500000000 -0.03295898437500000000 0 0 1 0 8 137 135 143 125 123 131 124 132 
127 6222 0.88012695312500000000 -0.03540039062500000000 0 0 1 0 8 128 122 130 84 78 86 121 129 
128 6223 0.88256835937500000000 -0.03540039062500000000 0 0 1 0 8 131 125 133 127 121 129 122 130 
129 6224 0.88012695312500000000 -0.03784179687500000000 0 0 1 0 8 130 128 341 86 84 332 127 342 
130 6225 0.88256835937500000000 -0.03784179687500000000 0 0 1 0 8 133 131 342 129 127 341 128 332 
131 6226 0.88500976562500000000 -0.03540039062500000000 0 0 1 0 8 132 126 134 128 122 130 125 133 
132 6227 0.88745117187500000000 -0.03540039062500000000 0 0 1 0 8 143 137 145 131 125 133 126 134 
133 6228 0.88500976562500000000 -0.03784179687500000000 0 0 1 0 8 134 132 342 130 128 341 131 345 
134 6229 0.88745117187500000000 -0.03784179687500000000 0 0 1 0 8 145 143 345 133 131 342 132 341 
135 6230 0.88989257812500000000 -0.03051757812500000000 0 0 1 0 8 136 114 138 124 102 126 113 137 
136 6231 0.89233398437500000000 -0.03051757812500000000 0 0 1 0 8 139 117 141 135 113 137 114 138 
137 6232 0.88989257812500000000 -0.03295898437500000000 0 0 1 0 8 138 136 144 126 124 132 135 143 
138 6233 0.89233398437500000000 -0.03295898437500000000 0 0 1 0 8 141 139 147 137 135 143 136 144 
139 6234 0.89477539062500000000 -0.03051757812500000000 0 0 1 0 8 140 118 142 136 114 138 117 141 
140 6235 0.89721679687500000000 -0.03051757812500000000 0 0 1 0 8 270 248 272 139 117 141 118 142 
141 6236 0.89477539062500000000 -0.03295898437500000000 0 0 1 0 8 142 140 148 138 136 144 139 147 
142 6237 0.89721679687500000000 -0.03295898437500000000 0 0 1 0 8 272 270 278 141 139 147 140 148 
143 6238 0.88989257812500000000 -0.03540039062500000000 0 0 1 0 8 144 138 146 132 126 134 137 145 
144 6239 0.89233398437500000000 -0.03540039062500000000 0 0 1 0 8 147 141 149 143 137 145 138 146 
145 6240 0.88989257812500000000 -0.03784179687500000000 0 0 1 0 8 146 144 345 134 132 342 143 346 
146 6241 0.89233398437500000000 -0.03784179687500000000 0 0 1 0 8 149 147 346 145 143 345 144 342 
147 6242 0.89477539062500000000 -0.03540039062500000000 0 0 1 0 8 148 142 150 144 138 146 141 149 
148 6243 0.89721679687500000000 -0.03540039062500000000 0 0 1 0 8 278 272 280 147 141 149 142 150 
149 6244 0.89477539062500000000 -0.03784179687500000000 0 0 1 0 8 150 148 346 146 144 345 147 379 
150 6245 0.89721679687500000000 -0.03784179687500000000 0 0 1 0 8 280 278 379 149 147 346 148 345 
151 6246 0.90698242187500000000 -0.01342773437500000000 0 0 1 0 9 169 172 173 190 4 5 188 171 184 
152 6247 0.89904785156250000000 -0.01525878906250000000 0 0 1 0 7 153 7 155 20 22 6 154 
153 6248 0.90026855468750000000 -0.01525878906250000000 0 0 1 0 7 156 6 158 152 7 154 155 
154 6249 0.89904785156250000000 -0.01647949218750000000 0 0 1 0 7 155 153 161 20 22 152 160 
155 6250 0.90026855468750000000 -0.01647949218750000000 0 0 1 0 8 158 156 164 154 152 160 153 161 
156 6251 0.90148925781250000000 -0.01525878906250000000 0 0 1 0 8 157 6 159 153 7 155 5 158 
157 6252 0.90270996093750000000 -0.01525878906250000000 0 0 1 0 8 168 5 170 156 6 158 7 159 
158 6253 0.90148925781250000000 -0.01647949218750000000 0 0 1 0 8 159 157 165 155 153 161 156 164 
159 6254 0.90270996093750000000 -0.01647949218750000000 0 0 1 0 8 170 168 176 158 156 164 157 165 
160 6255 0.89904785156250000000 -0.01770019531250000000 0 0 1 0 8 161 155 163 22 20 108 154 162 
161 6256 0.90026855468750000000 -0.01770019531250000000 0 0 1 0 8 164 158 166 160 154 162 155 163 
162 6257 0.89904785156250000000 -0.01892089843750000000 0 0 1 0 8 163 161 238 22 20 108 160 239 
163 6258 0.90026855468750000000 -0.01892089843750000000 0 0 1 0 8 166 164 239 162 160 238 161 108 
164 6259 0.90148925781250000000 -0.01770019531250000000 0 0 1 0 8 165 159 167 161 155 163 158 166 
165 6260 0.90270996093750000000 -0.01770019531250000000 0 0 1 0 8 176 170 178 164 158 166 159 167 
166 6261 0.90148925781250000000 -0.01892089843750000000 0 0 1 0 8 167 165 239 163 161 238 164 242 
167 6262 0.90270996093750000000 -0.01892089843750000000 0 0 1 0 8 178 176 242 166 164 239 165 238 
168 6263 0.90393066406250000000 -0.01525878906250000000 0 0 1 0 8 169 5 171 157 6 159 151 170 
169 6264 0.90515136718750000000 -0.01525878906250000000 0 0 1 0 8 172 151 174 168 5 170 6 171 
170 6265 0.90393066406250000000 -0.01647949218750000000 0 0 1 0 8 171 169 177 159 157 165 168 176 
171 6266 0.90515136718750000000 -0.01647949218750000000 0 0 1 0 8 174 172 180 170 168 176 169 177 
172 6267 0.90637207031250000000 -0.01525878906250000000 0 0 1 0 8 173 151 175 169 5 171 184 174 
173 6268 0.90759277343750000000 -0.01525878906250000000 0 0 1 0 8 188 184 190 172 151 174 5 175 
174 6269 0.90637207031250000000 -0.01647949218750000000 0 0 1 0 8 175 173 181 171 169 177 172 180 
175 6270 0.90759277343750000000 -0.01647949218750000000 0 0 1 0 8 190 188 196 174 172 180 173 181 
176 6271 0.90393066406250000000 -0.01770019531250000000 0 0 1 0 8 177 171 179 165 159 167 170 178 
177 6272 0.90515136718750000000 -0.01770019531250000000 0 0 1 0 8 180 174 182 176 170 178 171 179 
178 6273 0.90393066406250000000 -0.01892089843750000000 0 0 1 0 8 179 177 242 167 165 239 176 243 
179 6274 0.90515136718750000000 -0.01892089843750000000 0 0 1 0 8 182 180 243 178 176 242 177 239 
180 6275 0.90637207031250000000 -0.01770019531250000000 0 0 1 0 8 181 175 183 177 171 179 174 182 
181 6276 0.90759277343750000000 -0.01770019531250000000 0 0 1 0 8 196 190 198 180 174 182 175 183 
182 6277 0.90637207031250000000 -0.01892089843750000000 0 0 1 0 8 183 181 243 179 177 242 180 254 
183 6278 0.90759277343750000000 -0.01892089843750000000 0 0 1 0 8 198 196 254 182 180 243 181 242 
184 6279 0.90942382812500000000 -0.01342773437500000000 0 0 1 0 9 185 4 192 151 173 188 175 189 194 
185 6280 0.91186523437500000000 -0.01342773437500000000 0 0 1 0 9 186 204 184 189 4 192 191 193 206 
186 6281 0.91430664062500000000 -0.01342773437500000000 0 0 1 0 10 187 3 208 185 4 193 204 195 205 210 
187 6282 0.91674804687500000000 -0.01342773437500000000 0 0 1 0 10 220 2 222 186 205 3 208 207 209 224 
188 6283 0.90881347656250000000 -0.01525878906250000000 0 0 1 0 8 189 184 191 173 151 175 185 190 
189 6284 0.91003417968750000000 -0.01525878906250000000 0 0 1 0 8 192 185 194 188 184 190 151 191 
190 6285 0.90881347656250000000 -0.01647949218750000000 0 0 1 0 8 191 189 197 175 173 181 188 196 
191 6286 0.91003417968750000000 -0.01647949218750000000 0 0 1 0 8 194 192 200 190 188 196 189 197 
192 6287 0.91125488281250000000 -0.01525878906250000000 0 0 1 0 8 193 185 195 189 184 191 186 194 
193 6288 0.91247558593750000000 -0.01525878906250000000 0 0 1 0 8 204 186 206 192 185 194 184 195 
194 6289 0.91125488281250000000 -0.01647949218750000000 0 0 1 0 8 195 193 201 191 189 197 192 200 
195 6290 0.91247558593750000000 -0.01647949218750000000 0 0 1 0 8 206 204 212 194 192 200 193 201 
196 6291 0.90881347656250000000 -0.01770019531250000000 0 0 1 0 8 197 191 199 181 175 183 190 198 
197 6292 0.91003417968750000000 -0.01770019531250000000 0 0 1 0 8 200 194 202 196 190 198 191 199 
198 6293 0.90881347656250000000 -0.01892089843750000000 0 0 1 0 8 199 197 254 183 181 243 196 255 
199 6294 0.91003417968750000000 -0.01892089843750000000 0 0 1 0 8 202 200 255 198 196 254 197 243 
200 6295 0.91125488281250000000 -0.01770019531250000000 0 0 1 0 8 201 195 203 197 191 199 194 202 
201 6296 0.91247558593750000000 -0.01770019531250000000 0 0 1 0 8 212 206 214 200 194 202 195 203 
202 6297 0.91125488281250000000 -0.01892089843750000000 0 0 1 0 8 203 201 255 199 197 254 200 258 
203 6298 0.91247558593750000000 -0.01892089843750000000 0 0 1 0 8 214 212 258 202 200 255 201 254 
204 6299 0.91369628906250000000 -0.01525878906250000000 0 0 1 0 8 205 186 207 193 185 195 187 206 
205 6300 0.91491699218750000000 -0.01525878906250000000 0 0 1 0 8 208 187 210 204 186 206 185 207 
206 6301 0.91369628906250000000 -0.01647949218750000000 0 0 1 0 8 207 205 213 195 193 201 204 212 
207 6302 0.91491699218750000000 -0.01647949218750000000 0 0 1 0 8 210 208 216 206 204 212 205 213 
208 6303 0.91613769531250000000 -0.01525878906250000000 0 0 1 0 8 209 187 211 205 186 207 220 210 
209 6304 0.91735839843750000000 -0.01525878906250000000 0 0 1 0 8 222 220 224 208 187 210 186 211 
210 6305 0.91613769531250000000 -0.01647949218750000000 0 0 1 0 8 211 209 217 207 205 213 208 216 
211 6306 0.91735839843750000000 -0.01647949218750000000 0 0 1 0 8 224 222 230 210 208 216 209 217 
212 6307 0.91369628906250000000 -0.01770019531250000000 0 0 1 0 8 213 207 215 201 195 203 206 214 
213 6308 0.91491699218750000000 -0.01770019531250000000 0 0 1 0 8 216 210 218 212 206 214 207 215 
214 6309 0.91369628906250000000 -0.01892089843750000000 0 0 1 0 8 215 213 258 203 201 255 212 259 
215 6310 0.91491699218750000000 -0.01892089843750000000 0 0 1 0 8 218 216 259 214 212 258 213 255 
216 6311 0.91613769531250000000 -0.01770019531250000000 0 0 1 0 8 217 211 219 213 207 215 210 218 
217 6312 0.91735839843750000000 -0.01770019531250000000 0 0 1 0 8 230 224 232 216 210 218 211 219 
218 6313 0.91613769531250000000 -0.01892089843750000000 0 0 1 0 8 219 217 259 215 213 258 216 302 
219 6314 0.91735839843750000000 -0.01892089843750000000 0 0 1 0 8 232 230 302 218 216 259 217 258 
220 6315 0.91918945312500000000 -0.01342773437500000000 0 0 1 0 11 221 1 226 187 3 209 2 222 211 223 228 
221 6316 0.92163085937500000000 -0.01342773437500000000 0 0 1 0 11 435 423 436 220 2 223 1 226 225 227 437 
222 6317 0.91857910156250000000 -0.01525878906250000000 0 0 1 0 8 223 220 225 209 187 211 221 224 
223 6318 0.91979980468750000000 -0.01525878906250000000 0 0 1 0 8 226 221 228 222 220 224 187 225 
224 6319 0.91857910156250000000 -0.01647949218750000000 0 0 1 0 8 225 223 231 211 209 217 222 230 
225 6320 0.91979980468750000000 -0.01647949218750000000 0 0 1 0 8 228 226 234 224 222 230 223 231 
226 6321 0.92102050781250000000 -0.01525878906250000000 0 0 1 0 8 227 221 229 223 220 225 435 228 
227 6322 0.92224121093750000000 -0.01525878906250000000 0 0 1 0 8 436 435 437 226 221 228 220 229 
228 6323 0.92102050781250000000 -0.01647949218750000000 0 0 1 0 8 229 227 235 225 223 231 226 234 
229 6324 0.92224121093750000000 -0.01647949218750000000 0 0 1 0 8 437 436 438 228 226 234 227 235 
230 6325 0.91857910156250000000 -0.01770019531250000000 0 0 1 0 8 231 225 233 217 211 219 224 232 
231 6326 0.91979980468750000000 -0.01770019531250000000 0 0 1 0 8 234 228 236 230 224 232 225 233 
232 6327 0.91857910156250000000 -0.01892089843750000000 0 0 1 0 8 233 231 302 219 217 259 230 303 
233 6328 0.91979980468750000000 -0.01892089843750000000 0 0 1 0 8 236 234 303 232 230 302 231 259 
234 6329 0.92102050781250000000 -0.01770019531250000000 0 0 1 0 8 235 229 237 231 225 233 228 236 
235 6330 0.92224121093750000000 -0.01770019531250000000 0 0 1 0 8 438 437 439 234 228 236 229 237 
236 6331 0.92102050781250000000 -0.01892089843750000000 0 0 1 0 8 237 235 303 233 231 302 234 441 
237 6332 0.92224121093750000000 -0.01892089843750000000 0 0 1 0 8 439 438 441 236 234 303 235 302 
238 6333 0.89965820312500000000 -0.02075195312500000000 0 0 1 0 9 239 166 241 108 22 110 163 162 240 
239 6334 0.90209960937500000000 -0.02075195312500000000 0 0 1 0 9 242 178 244 238 163 240 167 166 241 
240 6335 0.89965820312500000000 -0.02319335937500000000 0 0 1 0 8 241 239 247 110 108 116 238 246 
241 6336 0.90209960937500000000 -0.02319335937500000000 0 0 1 0 8 244 242 250 240 238 246 239 247 
242 6337 0.90454101562500000000 -0.02075195312500000000 0 0 1 0 9 243 182 245 239 167 241 179 178 244 
243 6338 0.90698242187500000000 -0.02075195312500000000 0 0 1 0 9 254 198 256 242 179 244 183 182 245 
244 6339 0.90454101562500000000 -0.02319335937500000000 0 0 1 0 8 245 243 251 241 239 247 242 250 
245 6340 0.90698242187500000000 -0.02319335937500000000 0 0 1 0 8 256 254 262 244 242 250 243 251 
246 6341 0.89965820312500000000 -0.02563476562500000000 0 0 1 0 8 247 241 249 116 110 118 240 248 
247 6342 0.90209960937500000000 -0.02563476562500000000 0 0 1 0 8 250 244 252 246 240 248 241 249 
248 6343 0.89965820312500000000 -0.02807617187500000000 0 0 1 0 8 249 247 271 118 116 140 246 270 
249 6344 0.90209960937500000000 -0.02807617187500000000 0 0 1 0 8 252 250 274 248 246 270 247 271 
250 6345 0.90454101562500000000 -0.02563476562500000000 0 0 1 0 8 251 245 253 247 241 249 244 252 
251 6346 0.90698242187500000000 -0.02563476562500000000 0 0 1 0 8 262 256 264 250 244 252 245 253 
252 6347 0.90454101562500000000 -0.02807617187500000000 0 0 1 0 8 253 251 275 249 247 271 250 274 
253 6348 0.90698242187500000000 -0.02807617187500000000 0 0 1 0 8 264 262 286 252 250 274 251 275 
254 6349 0.90942382812500000000 -0.02075195312500000000 0 0 1 0 9 255 202 257 243 183 245 199 198 256 
255 6350 0.91186523437500000000 -0.02075195312500000000 0 0 1 0 9 258 214 260 254 199 256 203 202 257 
256 6351 0.90942382812500000000 -0.02319335937500000000 0 0 1 0 8 257 255 263 245 243 251 254 262 
257 6352 0.91186523437500000000 -0.02319335937500000000 0 0 1 0 8 260 258 266 256 254 262 255 263 
258 6353 0.91430664062500000000 -0.02075195312500000000 0 0 1 0 9 259 218 261 255 203 257 215 214 260 
259 6354 0.91674804687500000000 -0.02075195312500000000 0 0 1 0 9 302 232 304 258 215 260 219 218 261 
260 6355 0.91430664062500000000 -0.02319335937500000000 0 0 1 0 8 261 259 267 257 255 263 258 266 
261 6356 0.91674804687500000000 -0.02319335937500000000 0 0 1 0 8 304 302 307 260 258 266 259 267 
262 6357 0.90942382812500000000 -0.02563476562500000000 0 0 1 0 8 263 257 265 251 245 253 256 264 
263 6358 0.91186523437500000000 -0.02563476562500000000 0 0 1 0 8 266 260 268 262 256 264 257 265 
264 6359 0.90942382812500000000 -0.02807617187500000000 0 0 1 0 8 265 263 287 253 251 275 262 286 
265 6360 0.91186523437500000000 -0.02807617187500000000 0 0 1 0 8 268 266 290 264 262 286 263 287 
266 6361 0.91430664062500000000 -0.02563476562500000000 0 0 1 0 8 267 261 269 263 257 265 260 268 
267 6362 0.91674804687500000000 -0.02563476562500000000 0 0 1 0 8 307 304 309 266 260 268 261 269 
268 6363 0.91430664062500000000 -0.02807617187500000000 0 0 1 0 8 269 267 291 265 263 287 266 290 
269 6364 0.91674804687500000000 -0.02807617187500000000 0 0 1 0 8 309 307 313 268 266 290 267 291 
270 6365 0.89965820312500000000 -0.03051757812500000000 0 0 1 0 8 271 249 273 140 118 142 248 272 
271 6366 0.90209960937500000000 -0.03051757812500000000 0 0 1 0 8 274 252 276 270 248 272 249 273 
272 6367 0.89965820312500000000 -0.03295898437500000000 0 0 1 0 8 273 271 279 142 140 148 270 278 
273 6368 0.90209960937500000000 -0.03295898437500000000 0 0 1 0 8 276 274 282 272 270 278 271 279 
274 6369 0.90454101562500000000 -0.03051757812500000000 0 0 1 0 8 275 253 277 271 249 273 252 276 
275 6370 0.90698242187500000000 -0.03051757812500000000 0 0 1 0 8 286 264 288 274 252 276 253 277 
276 6371 0.90454101562500000000 -0.03295898437500000000 0 0 1 0 8 277 275 283 273 271 279 274 282 
277 6372 0.90698242187500000000 -0.03295898437500000000 0 0 1 0 8 288 286 294 276 274 282 275 283 
278 6373 0.89965820312500000000 -0.03540039062500000000 0 0 1 0 8 279 273 281 148 142 150 272 280 
279 6374 0.90209960937500000000 -0.03540039062500000000 0 0 1 0 8 282 276 284 278 272 280 273 281 
280 6375 0.89965820312500000000 -0.03784179687500000000 0 0 1 0 8 281 279 379 150 148 346 278 380 
281 6376 0.90209960937500000000 -0.03784179687500000000 0 0 1 0 8 284 282 380 280 278 379 279 346 
282 6377 0.90454101562500000000 -0.03540039062500000000 0 0 1 0 8 283 277 285 279 273 281 276 284 
283 6378 0.90698242187500000000 -0.03540039062500000000 0 0 1 0 8 294 288 296 282 276 284 277 285 
284 6379 0.90454101562500000000 -0.03784179687500000000 0 0 1 0 8 285 283 380 281 279 379 282 383 
285 6380 0.90698242187500000000 -0.03784179687500000000 0 0 1 0 8 296 294 383 284 282 380 283 379 
286 6381 0.90942382812500000000 -0.03051757812500000000 0 0 1 0 8 287 265 289 275 253 277 264 288 
287 6382 0.91186523437500000000 -0.03051757812500000000 0 0 1 0 8 290 268 292 286 264 288 265 289 
288 6383 0.90942382812500000000 -0.03295898437500000000 0 0 1 0 8 289 287 295 277 275 283 286 294 
289 6384 0.91186523437500000000 -0.03295898437500000000 0 0 1 0 8 292 290 298 288 286 294 287 295 
290 6385 0.91430664062500000000 -0.03051757812500000000 0 0 1 0 8 291 269 293 287 265 289 268 292 
291 6386 0.91674804687500000000 -0.03051757812500000000 0 0 1 0 8 313 309 315 290 268 292 269 293 
292 6387 0.91430664062500000000 -0.03295898437500000000 0 0 1 0 8 293 291 299 289 287 295 290 298 
293 6388 0.91674804687500000000 -0.03295898437500000000 0 0 1 0 8 315 313 320 292 290 298 291 299 
294 6389 0.90942382812500000000 -0.03540039062500000000 0 0 1 0 8 295 289 297 283 277 285 288 296 
295 6390 0.91186523437500000000 -0.03540039062500000000 0 0 1 0 8 298 292 300 294 288 296 289 297 
296 6391 0.90942382812500000000 -0.03784179687500000000 0 0 1 0 8 297 295 383 285 283 380 294 384 
297 6392 0.91186523437500000000 -0.03784179687500000000 0 0 1 0 8 300 298 384 296 294 383 295 380 
298 6393 0.91430664062500000000 -0.03540039062500000000 0 0 1 0 8 299 293 301 295 289 297 292 300 
299 6394 0.91674804687500000000 -0.03540039062500000000 0 0 1 0 8 320 315 322 298 292 300 293 301 
300 6395 0.91430664062500000000 -0.03784179687500000000 0 0 1 0 8 301 299 384 297 295 383 298 395 
301 6396 0.91674804687500000000 -0.03784179687500000000 0 0 1 0 8 322 320 395 300 298 384 299 383 
302 6397 0.91918945312500000000 -0.02075195312500000000 0 0 1 0 9 303 236 305 259 219 261 233 232 304 
303 6398 0.92163085937500000000 -0.02075195312500000000 0 0 1 0 9 441 439 306 302 233 304 237 236 305 
304 6399 0.91918945312500000000 -0.02319335937500000000 0 0 1 0 8 305 303 308 261 259 267 302 307 
305 6400 0.92163085937500000000 -0.02319335937500000000 0 0 1 0 8 306 441 311 304 302 307 303 308 
306 6401 0.92407226562500000000 -0.02319335937500000000 0 0 1 0 8 443 442 444 305 303 308 441 311 
307 6402 0.91918945312500000000 -0.02563476562500000000 0 0 1 0 8 308 305 310 267 261 269 304 309 
308 6403 0.92163085937500000000 -0.02563476562500000000 0 0 1 0 8 311 306 312 307 304 309 305 310 
309 6404 0.91918945312500000000 -0.02807617187500000000 0 0 1 0 8 310 308 314 269 267 291 307 313 
310 6405 0.92163085937500000000 -0.02807617187500000000 0 0 1 0 8 312 311 317 309 307 313 308 314 
311 6406 0.92407226562500000000 -0.02563476562500000000 0 0 1 0 8 444 443 445 308 305 310 306 312 
312 6407 0.92407226562500000000 -0.02807617187500000000 0 0 1 0 8 445 444 446 310 308 314 311 317 
313 6408 0.91918945312500000000 -0.03051757812500000000 0 0 1 0 8 314 310 316 291 269 293 309 315 
314 6409 0.92163085937500000000 -0.03051757812500000000 0 0 1 0 8 317 312 318 313 309 315 310 316 
315 6410 0.91918945312500000000 -0.03295898437500000000 0 0 1 0 8 316 314 321 293 291 299 313 320 
316 6411 0.92163085937500000000 -0.03295898437500000000 0 0 1 0 8 318 317 324 315 313 320 314 321 
317 6412 0.92407226562500000000 -0.03051757812500000000 0 0 1 0 8 446 445 319 314 310 316 312 318 
318 6413 0.92407226562500000000 -0.03295898437500000000 0 0 1 0 8 319 446 325 316 314 321 317 324 
319 6414 0.92651367187500000000 -0.03295898437500000000 0 0 1 0 8 448 447 449 318 317 324 446 325 
320 6415 0.91918945312500000000 -0.03540039062500000000 0 0 1 0 8 321 316 323 299 293 301 315 322 
321 6416 0.92163085937500000000 -0.03540039062500000000 0 0 1 0 8 324 318 326 320 315 322 316 323 
322 6417 0.91918945312500000000 -0.03784179687500000000 0 0 1 0 8 323 321 395 301 299 384 320 396 
323 6418 0.92163085937500000000 -0.03784179687500000000 0 0 1 0 8 326 324 396 322 320 395 321 384 
324 6419 0.92407226562500000000 -0.03540039062500000000 0 0 1 0 8 325 319 327 321 316 323 318 326 
325 6420 0.92651367187500000000 -0.03540039062500000000 0 0 1 0 8 449 448 450 324 318 326 319 327 
326 6421 0.92407226562500000000 -0.03784179687500000000 0 0 1 0 8 327 325 396 323 321 395 324 461 
327 6422 0.92651367187500000000 -0.03784179687500000000 0 0 1 0 8 450 449 461 326 324 396 325 395 
328 6423 0.86181640625000000000 -0.04150390625000000000 0 0 1 0 9 329 69 330 433 432 434 66 65 451 
329 6424 0.86669921875000000000 -0.04150390625000000000 0 0 1 0 9 331 81 333 328 66 451 70 69 330 
330 6425 0.86669921875000000000 -0.04638671875000000000 0 0 1 0 8 333 331 337 451 328 452 329 335 
331 6426 0.87158203125000000000 -0.04150390625000000000 0 0 1 0 9 332 85 334 329 70 330 82 81 333 
332 6427 0.87646484375000000000 -0.04150390625000000000 0 0 1 0 9 341 129 343 331 82 333 86 85 334 
333 6428 0.87158203125000000000 -0.04638671875000000000 0 0 1 0 8 334 332 338 330 329 335 331 337 
334 6429 0.87646484375000000000 -0.04638671875000000000 0 0 1 0 8 343 341 349 333 331 337 332 338 
335 6430 0.86669921875000000000 -0.05126953125000000000 0 0 1 0 8 337 333 339 452 451 453 330 336 
336 6431 0.86669921875000000000 -0.05615234375000000000 0 0 1 0 8 339 337 358 453 452 454 335 357 
337 6432 0.87158203125000000000 -0.05126953125000000000 0 0 1 0 8 338 334 340 335 330 336 333 339 
338 6433 0.87646484375000000000 -0.05126953125000000000 0 0 1 0 8 349 343 351 337 333 339 334 340 
339 6434 0.87158203125000000000 -0.05615234375000000000 0 0 1 0 8 340 338 359 336 335 357 337 358 
340 6435 0.87646484375000000000 -0.05615234375000000000 0 0 1 0 8 351 349 363 339 337 358 338 359 
341 6436 0.88134765625000000000 -0.04150390625000000000 0 0 1 0 9 342 133 344 332 86 334 130 129 343 
342 6437 0.88623046875000000000 -0.04150390625000000000 0 0 1 0 9 345 145 347 341 130 343 134 133 344 
343 6438 0.88134765625000000000 -0.04638671875000000000 0 0 1 0 8 344 342 350 334 332 338 341 349 
344 6439 0.88623046875000000000 -0.04638671875000000000 0 0 1 0 8 347 345 353 343 341 349 342 350 
345 6440 0.89111328125000000000 -0.04150390625000000000 0 0 1 0 9 346 149 348 342 134 344 146 145 347 
346 6441 0.89599609375000000000 -0.04150390625000000000 0 0 1 0 9 379 280 381 345 146 347 150 149 348 
347 6442 0.89111328125000000000 -0.04638671875000000000 0 0 1 0 8 348 346 354 344 342 350 345 353 
348 6443 0.89599609375000000000 -0.04638671875000000000 0 0 1 0 8 381 379 387 347 345 353 346 354 
349 6444 0.88134765625000000000 -0.05126953125000000000 0 0 1 0 8 350 344 352 338 334 340 343 351 
350 6445 0.88623046875000000000 -0.05126953125000000000 0 0 1 0 8 353 347 355 349 343 351 344 352 
351 6446 0.88134765625000000000 -0.05615234375000000000 0 0 1 0 8 352 350 364 340 338 359 349 363 
352 6447 0.88623046875000000000 -0.05615234375000000000 0 0 1 0 8 355 353 367 351 349 363 350 364 
353 6448 0.89111328125000000000 -0.05126953125000000000 0 0 1 0 8 354 348 356 350 344 352 347 355 
354 6449 0.89599609375000000000 -0.05126953125000000000 0 0 1 0 8 387 381 389 353 347 355 348 356 
355 6450 0.89111328125000000000 -0.05615234375000000000 0 0 1 0 8 356 354 368 352 350 364 353 367 
356 6451 0.89599609375000000000 -0.05615234375000000000 0 0 1 0 8 389 387 403 355 353 367 354 368 
357 6452 0.86669921875000000000 -0.06103515625000000000 0 0 1 0 8 358 339 360 454 453 455 336 456 
358 6453 0.87158203125000000000 -0.06103515625000000000 0 0 1 0 8 359 340 361 357 336 456 339 360 
359 6454 0.87646484375000000000 -0.06103515625000000000 0 0 1 0 8 363 351 365 358 339 360 340 361 
360 6455 0.87158203125000000000 -0.06591796875000000000 0 0 1 0 8 361 359 362 456 357 457 358 458 
361 6456 0.87646484375000000000 -0.06591796875000000000 0 0 1 0 8 365 363 371 360 358 458 359 362 
362 6457 0.87646484375000000000 -0.07080078125000000000 0 0 1 0 8 371 365 373 458 360 459 361 460 
363 6458 0.88134765625000000000 -0.06103515625000000000 0 0 1 0 8 364 352 366 359 340 361 351 365 
364 6459 0.88623046875000000000 -0.06103515625000000000 0 0 1 0 8 367 355 369 363 351 365 352 366 
365 6460 0.88134765625000000000 -0.06591796875000000000 0 0 1 0 8 366 364 372 361 359 362 363 371 
366 6461 0.88623046875000000000 -0.06591796875000000000 0 0 1 0 8 369 367 375 365 363 371 364 372 
367 6462 0.89111328125000000000 -0.06103515625000000000 0 0 1 0 8 368 356 370 364 352 366 355 369 
368 6463 0.89599609375000000000 -0.06103515625000000000 0 0 1 0 8 403 389 405 367 355 369 356 370 
369 6464 0.89111328125000000000 -0.06591796875000000000 0 0 1 0 8 370 368 376 366 364 372 367 375 
370 6465 0.89599609375000000000 -0.06591796875000000000 0 0 1 0 8 405 403 411 369 367 375 368 376 
371 6466 0.88134765625000000000 -0.07080078125000000000 0 0 1 0 8 372 366 374 362 361 460 365 373 
372 6467 0.88623046875000000000 -0.07080078125000000000 0 0 1 0 8 375 369 377 371 365 373 366 374 
373 6468 0.88134765625000000000 -0.07568359375000000000 0 0 1 0 8 374 372 473 460 362 472 371 421 
374 6469 0.88623046875000000000 -0.07568359375000000000 0 0 1 0 8 377 375 421 373 371 473 372 472 
375 6470 0.89111328125000000000 -0.07080078125000000000 0 0 1 0 8 376 370 378 372 366 374 369 377 
376 6471 0.89599609375000000000 -0.07080078125000000000 0 0 1 0 8 411 405 413 375 369 377 370 378 
377 6472 0.89111328125000000000 -0.07568359375000000000 0 0 1 0 8 378 376 421 374 372 473 375 422 
378 6473 0.89599609375000000000 -0.07568359375000000000 0 0 1 0 8 413 411 422 377 375 421 376 473 
379 6474 0.90087890625000000000 -0.04150390625000000000 0 0 1 0 9 380 284 382 346 150 348 281 280 381 
380 6475 0.90576171875000000000 -0.04150390625000000000 0 0 1 0 9 383 296 385 379 281 381 285 284 382 
381 6476 0.90087890625000000000 -0.04638671875000000000 0 0 1 0 8 382 380 388 348 346 354 379 387 
382 6477 0.90576171875000000000 -0.04638671875000000000 0 0 1 0 8 385 383 391 381 379 387 380 388 
383 6478 0.91064453125000000000 -0.04150390625000000000 0 0 1 0 9 384 300 386 380 285 382 297 296 385 
384 6479 0.91552734375000000000 -0.04150390625000000000 0 0 1 0 9 395 322 397 383 297 385 301 300 386 
385 6480 0.91064453125000000000 -0.04638671875000000000 0 0 1 0 8 386 384 392 382 380 388 383 391 
386 6481 0.91552734375000000000 -0.04638671875000000000 0 0 1 0 8 397 395 399 385 383 391 384 392 
387 6482 0.90087890625000000000 -0.05126953125000000000 0 0 1 0 8 388 382 390 354 348 356 381 389 
388 6483 0.90576171875000000000 -0.05126953125000000000 0 0 1 0 8 391 385 393 387 381 389 382 390 
389 6484 0.90087890625000000000 -0.05615234375000000000 0 0 1 0 8 390 388 404 356 354 368 387 403 
390 6485 0.90576171875000000000 -0.05615234375000000000 0 0 1 0 8 393 391 407 389 387 403 388 404 
391 6486 0.91064453125000000000 -0.05126953125000000000 0 0 1 0 8 392 386 394 388 382 390 385 393 
392 6487 0.91552734375000000000 -0.05126953125000000000 0 0 1 0 8 399 397 401 391 385 393 386 394 
393 6488 0.91064453125000000000 -0.05615234375000000000 0 0 1 0 8 394 392 408 390 388 404 391 407 
394 6489 0.91552734375000000000 -0.05615234375000000000 0 0 1 0 8 401 399 418 393 391 407 392 408 
395 6490 0.92041015625000000000 -0.04150390625000000000 0 0 1 0 9 396 326 398 384 301 386 323 322 397 
396 6491 0.92529296875000000000 -0.04150390625000000000 0 0 1 0 9 461 450 462 395 323 397 327 326 398 
397 6492 0.92041015625000000000 -0.04638671875000000000 0 0 1 0 8 398 396 400 386 384 392 395 399 
398 6493 0.92529296875000000000 -0.04638671875000000000 0 0 1 0 8 462 461 463 397 395 399 396 400 
399 6494 0.92041015625000000000 -0.05126953125000000000 0 0 1 0 8 400 398 402 392 386 394 397 401 
400 6495 0.92529296875000000000 -0.05126953125000000000 0 0 1 0 8 463 462 464 399 397 401 398 402 
401 6496 0.92041015625000000000 -0.05615234375000000000 0 0 1 0 8 402 400 419 394 392 408 399 418 
402 6497 0.92529296875000000000 -0.05615234375000000000 0 0 1 0 8 464 463 467 401 399 418 400 419 
403 6498 0.90087890625000000000 -0.06103515625000000000 0 0 1 0 8 404 390 406 368 356 370 389 405 
404 6499 0.90576171875000000000 -0.06103515625000000000 0 0 1 0 8 407 393 409 403 389 405 390 406 
405 6500 0.90087890625000000000 -0.06591796875000000000 0 0 1 0 8 406 404 412 370 368 376 403 411 
406 6501 0.90576171875000000000 -0.06591796875000000000 0 0 1 0 8 409 407 415 405 403 411 404 412 
407 6502 0.91064453125000000000 -0.06103515625000000000 0 0 1 0 8 408 394 410 404 390 406 393 409 
408 6503 0.91552734375000000000 -0.06103515625000000000 0 0 1 0 8 418 401 420 407 393 409 394 410 
409 6504 0.91064453125000000000 -0.06591796875000000000 0 0 1 0 8 410 408 416 406 404 412 407 415 
410 6505 0.91552734375000000000 -0.06591796875000000000 0 0 1 0 8 420 418 469 409 407 415 408 416 
411 6506 0.90087890625000000000 -0.07080078125000000000 0 0 1 0 8 412 406 414 376 370 378 405 413 
412 6507 0.90576171875000000000 -0.07080078125000000000 0 0 1 0 8 415 409 417 411 405 413 406 414 
413 6508 0.90087890625000000000 -0.07568359375000000000 0 0 1 0 8 414 412 422 378 376 421 411 476 
414 6509 0.90576171875000000000 -0.07568359375000000000 0 0 1 0 8 417 415 476 413 411 422 412 421 
415 6510 0.91064453125000000000 -0.07080078125000000000 0 0 1 0 8 416 410 465 412 406 414 409 417 
416 6511 0.91552734375000000000 -0.07080078125000000000 0 0 1 0 8 469 420 471 415 409 417 410 465 
417 6512 0.91064453125000000000 -0.07568359375000000000 0 0 1 0 8 465 416 476 414 412 422 415 479 
418 6513 0.92041015625000000000 -0.06103515625000000000 0 0 1 0 8 419 402 466 408 394 410 401 420 
419 6514 0.92529296875000000000 -0.06103515625000000000 0 0 1 0 8 467 464 468 418 401 420 402 466 
420 6515 0.92041015625000000000 -0.06591796875000000000 0 0 1 0 8 466 419 470 410 408 416 418 469 
421 6516 0.89355468750000000000 -0.08300781250000000000 0 0 1 0 9 422 413 477 473 374 474 378 377 475 
422 6517 0.90332031250000000000 -0.08300781250000000000 0 0 1 0 9 476 417 478 421 378 475 414 413 477 
423 5655 0.92417657269863207059 -0.01027001878134094562 13 
424 4338 0.85441738000000000408 -0.01893111000000000099 10 
425 4563 0.85815429687500000000 -0.02075195312500000000 10 
426 4565 0.85815429687500000000 -0.02319335937500000000 10 
427 4571 0.85815429687500000000 -0.02563476562500000000 10 
428 4573 0.85815429687500000000 -0.02807617187500000000 10 
429 4595 0.85815429687500000000 -0.03051757812500000000 10 
430 4597 0.85815429687500000000 -0.03295898437500000000 10 
431 4603 0.85815429687500000000 -0.03540039062500000000 10 
432 4605 0.85815429687500000000 -0.03784179687500000000 10 
433 4690 0.85693359375000000000 -0.04150390625000000000 10 
434 4692 0.85693359375000000000 -0.04638671875000000000 10 
435 5656 0.92407226562500000000 -0.01342773437500000000 13 
436 5658 0.92346191406250000000 -0.01525878906250000000 13 
437 5660 0.92346191406250000000 -0.01647949218750000000 13 
438 5666 0.92346191406250000000 -0.01770019531250000000 13 
439 5668 0.92346191406250000000 -0.01892089843750000000 13 
440 5674 0.92895507812500000000 -0.01098632812500000000 13 
441 5690 0.92407226562500000000 -0.02075195312500000000 13 
442 5691 0.92651367187500000000 -0.02075195312500000000 13 
443 5692 0.92651367187500000000 -0.02319335937500000000 13 
444 5693 0.92651367187500000000 -0.02563476562500000000 13 
445 5694 0.92651367187500000000 -0.02807617187500000000 13 
446 5711 0.92651367187500000000 -0.03051757812500000000 13 
447 5712 0.92895507812500000000 -0.03051757812500000000 13 
448 5714 0.92895507812500000000 -0.03295898437500000000 13 
449 5720 0.92895507812500000000 -0.03540039062500000000 13 
450 5722 0.92895507812500000000 -0.03784179687500000000 13 
451 4733 0.86181640625000000000 -0.04638671875000000000 10 
452 4734 0.86181640625000000000 -0.05126953125000000000 10 
453 4735 0.86181640625000000000 -0.05615234375000000000 10 
454 4736 0.86181640625000000000 -0.06103515625000000000 10 
455 4737 0.86181640625000000000 -0.06591796875000000000 10 
456 4738 0.86669921875000000000 -0.06591796875000000000 10 
457 4740 0.86669921875000000000 -0.07080078125000000000 10 
458 4743 0.87158203125000000000 -0.07080078125000000000 10 
459 4744 0.87158203125000000000 -0.07568359375000000000 10 
460 4745 0.87646484375000000000 -0.07568359375000000000 10 
461 5728 0.93017578125000000000 -0.04150390625000000000 13 
462 5730 0.93017578125000000000 -0.04638671875000000000 13 
463 5732 0.93017578125000000000 -0.05126953125000000000 13 
464 5734 0.93017578125000000000 -0.05615234375000000000 13 
465 5736 0.91552734375000000000 -0.07568359375000000000 13 
466 5737 0.92529296875000000000 -0.06591796875000000000 13 
467 5738 0.93017578125000000000 -0.06103515625000000000 13 
468 5740 0.93017578125000000000 -0.06591796875000000000 13 
469 5742 0.92041015625000000000 -0.07080078125000000000 13 
470 5743 0.92529296875000000000 -0.07080078125000000000 13 
471 5744 0.92041015625000000000 -0.07568359375000000000 13 
472 4772 0.87402343750000000000 -0.08300781250000000000 10 
473 4775 0.88378906250000000000 -0.08300781250000000000 10 
474 4776 0.88378906250000000000 -0.09277343750000000000 10 
475 5756 0.89355468750000000000 -0.09277343750000000000 13 
476 5762 0.91308593750000000000 -0.08300781250000000000 13 
477 5763 0.90332031250000000000 -0.09277343750000000000 13 
478 5764 0.91308593750000000000 -0.09277343750000000000 13 
479 5765 0.92285156250000000000 -0.08300781250000000000 13 
