545 431 114
1 14730 0.54199218750000000000 -0.15136718750000000000 0 0 1 0 8 8 6 42 437 435 32 436 459 
2 14731 0.55175781250000000000 -0.13183593750000000000 0 0 1 0 8 3 440 7 433 432 436 439 6 
3 14732 0.56152343750000000000 -0.13183593750000000000 0 0 1 0 8 4 441 10 2 439 6 440 7 
4 14733 0.57128906250000000000 -0.13183593750000000000 0 0 1 0 8 5 442 11 3 440 7 441 10 
5 14734 0.58105468750000000000 -0.13183593750000000000 0 0 1 0 8 14 443 18 4 441 10 442 11 
6 14735 0.55175781250000000000 -0.14160156250000000000 0 0 1 0 8 7 3 9 436 433 1 2 8 
7 14736 0.56152343750000000000 -0.14160156250000000000 0 0 1 0 8 10 4 12 6 2 8 3 9 
8 14737 0.55175781250000000000 -0.15136718750000000000 0 0 1 0 8 9 7 42 1 436 32 6 43 
9 14738 0.56152343750000000000 -0.15136718750000000000 0 0 1 0 8 12 10 43 8 6 42 7 32 
10 14739 0.57128906250000000000 -0.14160156250000000000 0 0 1 0 8 11 5 13 7 3 9 4 12 
11 14740 0.58105468750000000000 -0.14160156250000000000 0 0 1 0 8 18 14 20 10 4 12 5 13 
12 14741 0.57128906250000000000 -0.15136718750000000000 0 0 1 0 8 13 11 43 9 7 42 10 46 
13 14742 0.58105468750000000000 -0.15136718750000000000 0 0 1 0 8 20 18 46 12 10 43 11 42 
14 14743 0.59082031250000000000 -0.13183593750000000000 0 0 1 0 8 15 444 19 5 442 11 443 18 
15 14744 0.60058593750000000000 -0.13183593750000000000 0 0 1 0 8 16 445 22 14 443 18 444 19 
16 14745 0.61035156250000000000 -0.13183593750000000000 0 0 1 0 8 17 446 23 15 444 19 445 22 
17 14746 0.62011718750000000000 -0.13183593750000000000 0 0 1 0 8 128 126 134 16 445 22 446 23 
18 14747 0.59082031250000000000 -0.14160156250000000000 0 0 1 0 8 19 15 21 11 5 13 14 20 
19 14748 0.60058593750000000000 -0.14160156250000000000 0 0 1 0 8 22 16 24 18 14 20 15 21 
20 14749 0.59082031250000000000 -0.15136718750000000000 0 0 1 0 8 21 19 46 13 11 43 18 47 
21 14750 0.60058593750000000000 -0.15136718750000000000 0 0 1 0 8 24 22 47 20 18 46 19 43 
22 14751 0.61035156250000000000 -0.14160156250000000000 0 0 1 0 8 23 17 25 19 15 21 16 24 
23 14752 0.62011718750000000000 -0.14160156250000000000 0 0 1 0 8 134 128 136 22 16 24 17 25 
24 14753 0.61035156250000000000 -0.15136718750000000000 0 0 1 0 8 25 23 47 21 19 46 22 156 
25 14754 0.62011718750000000000 -0.15136718750000000000 0 0 1 0 8 136 134 156 24 22 47 23 46 
26 14755 0.45898437500000000000 -0.24414062500000000000 0 0 1 0 8 58 36 60 452 448 27 449 28 
27 14756 0.43945312500000000000 -0.26367187500000000000 0 0 1 0 8 28 26 30 451 450 453 452 29 
28 14757 0.45898437500000000000 -0.26367187500000000000 0 0 1 0 8 60 58 66 27 452 29 26 30 
29 14758 0.43945312500000000000 -0.28320312500000000000 0 0 1 0 8 30 28 31 453 451 454 27 455 
30 14759 0.45898437500000000000 -0.28320312500000000000 0 0 1 0 8 66 60 68 29 27 455 28 31 
31 14760 0.45898437500000000000 -0.30273437500000000000 0 0 1 0 8 68 66 90 455 29 462 30 461 
32 14761 0.53710937500000000000 -0.16601562500000000000 0 0 1 0 9 42 8 44 459 434 33 1 437 34 
33 14762 0.51757812500000000000 -0.18554687500000000000 0 0 1 0 8 34 32 39 458 456 35 459 38 
34 14763 0.53710937500000000000 -0.18554687500000000000 0 0 1 0 8 44 42 50 33 459 38 32 39 
35 14764 0.49804687500000000000 -0.20507812500000000000 0 0 1 0 8 38 33 40 460 457 36 458 37 
36 14765 0.47851562500000000000 -0.22460937500000000000 0 0 1 0 8 37 35 59 449 447 26 460 58 
37 14766 0.49804687500000000000 -0.22460937500000000000 0 0 1 0 8 40 38 62 36 460 58 35 59 
38 14767 0.51757812500000000000 -0.20507812500000000000 0 0 1 0 8 39 34 41 35 458 37 33 40 
39 14768 0.53710937500000000000 -0.20507812500000000000 0 0 1 0 8 50 44 52 38 33 40 34 41 
40 14769 0.51757812500000000000 -0.22460937500000000000 0 0 1 0 8 41 39 63 37 35 59 38 62 
41 14770 0.53710937500000000000 -0.22460937500000000000 0 0 1 0 8 52 50 74 40 38 62 39 63 
42 14771 0.55664062500000000000 -0.16601562500000000000 0 0 1 0 9 43 12 45 32 1 34 9 8 44 
43 14772 0.57617187500000000000 -0.16601562500000000000 0 0 1 0 9 46 20 48 42 9 44 13 12 45 
44 14773 0.55664062500000000000 -0.18554687500000000000 0 0 1 0 8 45 43 51 34 32 39 42 50 
45 14774 0.57617187500000000000 -0.18554687500000000000 0 0 1 0 8 48 46 54 44 42 50 43 51 
46 14775 0.59570312500000000000 -0.16601562500000000000 0 0 1 0 9 47 24 49 43 13 45 21 20 48 
47 14776 0.61523437500000000000 -0.16601562500000000000 0 0 1 0 9 156 136 158 46 21 48 25 24 49 
48 14777 0.59570312500000000000 -0.18554687500000000000 0 0 1 0 8 49 47 55 45 43 51 46 54 
49 14778 0.61523437500000000000 -0.18554687500000000000 0 0 1 0 8 158 156 164 48 46 54 47 55 
50 14779 0.55664062500000000000 -0.20507812500000000000 0 0 1 0 8 51 45 53 39 34 41 44 52 
51 14780 0.57617187500000000000 -0.20507812500000000000 0 0 1 0 8 54 48 56 50 44 52 45 53 
52 14781 0.55664062500000000000 -0.22460937500000000000 0 0 1 0 8 53 51 75 41 39 63 50 74 
53 14782 0.57617187500000000000 -0.22460937500000000000 0 0 1 0 8 56 54 78 52 50 74 51 75 
54 14783 0.59570312500000000000 -0.20507812500000000000 0 0 1 0 8 55 49 57 51 45 53 48 56 
55 14784 0.61523437500000000000 -0.20507812500000000000 0 0 1 0 8 164 158 166 54 48 56 49 57 
56 14785 0.59570312500000000000 -0.22460937500000000000 0 0 1 0 8 57 55 79 53 51 75 54 78 
57 14786 0.61523437500000000000 -0.22460937500000000000 0 0 1 0 8 166 164 185 56 54 78 55 79 
58 14787 0.47851562500000000000 -0.24414062500000000000 0 0 1 0 8 59 37 61 26 449 28 36 60 
59 14788 0.49804687500000000000 -0.24414062500000000000 0 0 1 0 8 62 40 64 58 36 60 37 61 
60 14789 0.47851562500000000000 -0.26367187500000000000 0 0 1 0 8 61 59 67 28 26 30 58 66 
61 14790 0.49804687500000000000 -0.26367187500000000000 0 0 1 0 8 64 62 70 60 58 66 59 67 
62 14791 0.51757812500000000000 -0.24414062500000000000 0 0 1 0 8 63 41 65 59 37 61 40 64 
63 14792 0.53710937500000000000 -0.24414062500000000000 0 0 1 0 8 74 52 76 62 40 64 41 65 
64 14793 0.51757812500000000000 -0.26367187500000000000 0 0 1 0 8 65 63 71 61 59 67 62 70 
65 14794 0.53710937500000000000 -0.26367187500000000000 0 0 1 0 8 76 74 82 64 62 70 63 71 
66 14795 0.47851562500000000000 -0.28320312500000000000 0 0 1 0 8 67 61 69 30 28 31 60 68 
67 14796 0.49804687500000000000 -0.28320312500000000000 0 0 1 0 8 70 64 72 66 60 68 61 69 
68 14797 0.47851562500000000000 -0.30273437500000000000 0 0 1 0 8 69 67 90 31 30 462 66 91 
69 14798 0.49804687500000000000 -0.30273437500000000000 0 0 1 0 8 72 70 91 68 66 90 67 462 
70 14799 0.51757812500000000000 -0.28320312500000000000 0 0 1 0 8 71 65 73 67 61 69 64 72 
71 14800 0.53710937500000000000 -0.28320312500000000000 0 0 1 0 8 82 76 84 70 64 72 65 73 
72 14801 0.51757812500000000000 -0.30273437500000000000 0 0 1 0 8 73 71 91 69 67 90 70 94 
73 14802 0.53710937500000000000 -0.30273437500000000000 0 0 1 0 8 84 82 94 72 70 91 71 90 
74 14803 0.55664062500000000000 -0.24414062500000000000 0 0 1 0 8 75 53 77 63 41 65 52 76 
75 14804 0.57617187500000000000 -0.24414062500000000000 0 0 1 0 8 78 56 80 74 52 76 53 77 
76 14805 0.55664062500000000000 -0.26367187500000000000 0 0 1 0 8 77 75 83 65 63 71 74 82 
77 14806 0.57617187500000000000 -0.26367187500000000000 0 0 1 0 8 80 78 86 76 74 82 75 83 
78 14807 0.59570312500000000000 -0.24414062500000000000 0 0 1 0 8 79 57 81 75 53 77 56 80 
79 14808 0.61523437500000000000 -0.24414062500000000000 0 0 1 0 8 185 166 187 78 56 80 57 81 
80 14809 0.59570312500000000000 -0.26367187500000000000 0 0 1 0 8 81 79 87 77 75 83 78 86 
81 14810 0.61523437500000000000 -0.26367187500000000000 0 0 1 0 8 187 185 193 80 78 86 79 87 
82 14811 0.55664062500000000000 -0.28320312500000000000 0 0 1 0 8 83 77 85 71 65 73 76 84 
83 14812 0.57617187500000000000 -0.28320312500000000000 0 0 1 0 8 86 80 88 82 76 84 77 85 
84 14813 0.55664062500000000000 -0.30273437500000000000 0 0 1 0 8 85 83 94 73 71 91 82 95 
85 14814 0.57617187500000000000 -0.30273437500000000000 0 0 1 0 8 88 86 95 84 82 94 83 91 
86 14815 0.59570312500000000000 -0.28320312500000000000 0 0 1 0 8 87 81 89 83 77 85 80 88 
87 14816 0.61523437500000000000 -0.28320312500000000000 0 0 1 0 8 193 187 195 86 80 88 81 89 
88 14817 0.59570312500000000000 -0.30273437500000000000 0 0 1 0 8 89 87 95 85 83 94 86 342 
89 14818 0.61523437500000000000 -0.30273437500000000000 0 0 1 0 8 195 193 342 88 86 95 87 94 
90 14819 0.48828125000000000000 -0.33203125000000000000 0 0 1 0 9 91 72 93 462 31 463 69 68 92 
91 14820 0.52734375000000000000 -0.33203125000000000000 0 0 1 0 9 94 84 96 90 69 92 73 72 93 
92 14821 0.48828125000000000000 -0.37109375000000000000 0 0 1 0 8 93 91 99 463 462 464 90 98 
93 14822 0.52734375000000000000 -0.37109375000000000000 0 0 1 0 8 96 94 102 92 90 98 91 99 
94 14823 0.56640625000000000000 -0.33203125000000000000 0 0 1 0 9 95 88 97 91 73 93 85 84 96 
95 14824 0.60546875000000000000 -0.33203125000000000000 0 0 1 0 9 342 195 344 94 85 96 89 88 97 
96 14825 0.56640625000000000000 -0.37109375000000000000 0 0 1 0 8 97 95 103 93 91 99 94 102 
97 14826 0.60546875000000000000 -0.37109375000000000000 0 0 1 0 8 344 342 350 96 94 102 95 103 
98 14827 0.48828125000000000000 -0.41015625000000000000 0 0 1 0 8 99 93 101 464 463 465 92 100 
99 14828 0.52734375000000000000 -0.41015625000000000000 0 0 1 0 8 102 96 104 98 92 100 93 101 
100 14829 0.48828125000000000000 -0.44921875000000000000 0 0 1 0 8 101 99 107 465 464 466 98 106 
101 14830 0.52734375000000000000 -0.44921875000000000000 0 0 1 0 8 104 102 110 100 98 106 99 107 
102 14831 0.56640625000000000000 -0.41015625000000000000 0 0 1 0 8 103 97 105 99 93 101 96 104 
103 14832 0.60546875000000000000 -0.41015625000000000000 0 0 1 0 8 350 344 352 102 96 104 97 105 
104 14833 0.56640625000000000000 -0.44921875000000000000 0 0 1 0 8 105 103 111 101 99 107 102 110 
105 14834 0.60546875000000000000 -0.44921875000000000000 0 0 1 0 8 352 350 374 104 102 110 103 111 
106 14835 0.48828125000000000000 -0.48828125000000000000 0 0 1 0 8 107 101 109 466 465 467 100 108 
107 14836 0.52734375000000000000 -0.48828125000000000000 0 0 1 0 8 110 104 112 106 100 108 101 109 
108 14837 0.48828125000000000000 -0.52734375000000000000 0 0 1 0 8 109 107 115 467 466 468 106 114 
109 14838 0.52734375000000000000 -0.52734375000000000000 0 0 1 0 8 112 110 118 108 106 114 107 115 
110 14839 0.56640625000000000000 -0.48828125000000000000 0 0 1 0 8 111 105 113 107 101 109 104 112 
111 14840 0.60546875000000000000 -0.48828125000000000000 0 0 1 0 8 374 352 376 110 104 112 105 113 
112 14841 0.56640625000000000000 -0.52734375000000000000 0 0 1 0 8 113 111 119 109 107 115 110 118 
113 14842 0.60546875000000000000 -0.52734375000000000000 0 0 1 0 8 376 374 382 112 110 118 111 119 
114 14843 0.48828125000000000000 -0.56640625000000000000 0 0 1 0 8 115 109 117 468 467 469 108 116 
115 14844 0.52734375000000000000 -0.56640625000000000000 0 0 1 0 8 118 112 120 114 108 116 109 117 
116 14845 0.48828125000000000000 -0.60546875000000000000 0 0 1 0 8 117 115 427 469 468 536 114 428 
117 14846 0.52734375000000000000 -0.60546875000000000000 0 0 1 0 8 120 118 428 116 114 427 115 536 
118 14847 0.56640625000000000000 -0.56640625000000000000 0 0 1 0 8 119 113 121 115 109 117 112 120 
119 14848 0.60546875000000000000 -0.56640625000000000000 0 0 1 0 8 382 376 384 118 112 120 113 121 
120 14849 0.56640625000000000000 -0.60546875000000000000 0 0 1 0 8 121 119 428 117 115 427 118 429 
121 14850 0.60546875000000000000 -0.60546875000000000000 0 0 1 0 8 384 382 429 120 118 428 119 427 
122 14851 0.65917968750000000000 -0.10253906250000000000 0 0 1 0 8 477 476 125 475 470 123 471 124 
123 14852 0.64941406250000000000 -0.11230468750000000000 0 0 1 0 8 124 122 131 474 472 127 475 130 
124 14853 0.65917968750000000000 -0.11230468750000000000 0 0 1 0 8 125 477 142 123 475 130 122 131 
125 14854 0.66894531250000000000 -0.11230468750000000000 0 0 1 0 8 479 478 143 124 122 131 477 142 
126 14855 0.62988281250000000000 -0.12207031250000000000 0 0 1 0 8 127 474 129 446 438 17 473 128 
127 14856 0.63964843750000000000 -0.12207031250000000000 0 0 1 0 8 130 123 132 126 473 128 474 129 
128 14857 0.62988281250000000000 -0.13183593750000000000 0 0 1 0 8 129 127 135 17 446 23 126 134 
129 14858 0.63964843750000000000 -0.13183593750000000000 0 0 1 0 8 132 130 138 128 126 134 127 135 
130 14859 0.64941406250000000000 -0.12207031250000000000 0 0 1 0 8 131 124 133 127 474 129 123 132 
131 14860 0.65917968750000000000 -0.12207031250000000000 0 0 1 0 8 142 125 144 130 123 132 124 133 
132 14861 0.64941406250000000000 -0.13183593750000000000 0 0 1 0 8 133 131 139 129 127 135 130 138 
133 14862 0.65917968750000000000 -0.13183593750000000000 0 0 1 0 8 144 142 147 132 130 138 131 139 
134 14863 0.62988281250000000000 -0.14160156250000000000 0 0 1 0 8 135 129 137 23 17 25 128 136 
135 14864 0.63964843750000000000 -0.14160156250000000000 0 0 1 0 8 138 132 140 134 128 136 129 137 
136 14865 0.62988281250000000000 -0.15136718750000000000 0 0 1 0 8 137 135 156 25 23 47 134 157 
137 14866 0.63964843750000000000 -0.15136718750000000000 0 0 1 0 8 140 138 157 136 134 156 135 47 
138 14867 0.64941406250000000000 -0.14160156250000000000 0 0 1 0 8 139 133 141 135 129 137 132 140 
139 14868 0.65917968750000000000 -0.14160156250000000000 0 0 1 0 8 147 144 149 138 132 140 133 141 
140 14869 0.64941406250000000000 -0.15136718750000000000 0 0 1 0 8 141 139 157 137 135 156 138 160 
141 14870 0.65917968750000000000 -0.15136718750000000000 0 0 1 0 8 149 147 160 140 138 157 139 156 
142 14871 0.66894531250000000000 -0.12207031250000000000 0 0 1 0 8 143 479 145 131 124 133 125 144 
143 14872 0.67871093750000000000 -0.12207031250000000000 0 0 1 0 8 481 480 146 142 125 144 479 145 
144 14873 0.66894531250000000000 -0.13183593750000000000 0 0 1 0 8 145 143 148 133 131 139 142 147 
145 14874 0.67871093750000000000 -0.13183593750000000000 0 0 1 0 8 146 481 151 144 142 147 143 148 
146 14875 0.68847656250000000000 -0.13183593750000000000 0 0 1 0 8 483 482 152 145 143 148 481 151 
147 14876 0.66894531250000000000 -0.14160156250000000000 0 0 1 0 8 148 145 150 139 133 141 144 149 
148 14877 0.67871093750000000000 -0.14160156250000000000 0 0 1 0 8 151 146 153 147 144 149 145 150 
149 14878 0.66894531250000000000 -0.15136718750000000000 0 0 1 0 8 150 148 160 141 139 157 147 161 
150 14879 0.67871093750000000000 -0.15136718750000000000 0 0 1 0 8 153 151 161 149 147 160 148 157 
151 14880 0.68847656250000000000 -0.14160156250000000000 0 0 1 0 8 152 483 154 148 145 150 146 153 
152 14881 0.69824218750000000000 -0.14160156250000000000 0 0 1 0 8 485 484 155 151 146 153 483 154 
153 14882 0.68847656250000000000 -0.15136718750000000000 0 0 1 0 8 154 152 161 150 148 160 151 172 
154 14883 0.69824218750000000000 -0.15136718750000000000 0 0 1 0 8 155 485 172 153 151 161 152 160 
155 14884 0.70800781250000000000 -0.15136718750000000000 0 0 1 0 8 487 486 172 154 152 161 485 493 
156 14885 0.63476562500000000000 -0.16601562500000000000 0 0 1 0 9 157 140 159 47 25 49 137 136 158 
157 14886 0.65429687500000000000 -0.16601562500000000000 0 0 1 0 9 160 149 162 156 137 158 141 140 159 
158 14887 0.63476562500000000000 -0.18554687500000000000 0 0 1 0 8 159 157 165 49 47 55 156 164 
159 14888 0.65429687500000000000 -0.18554687500000000000 0 0 1 0 8 162 160 168 158 156 164 157 165 
160 14889 0.67382812500000000000 -0.16601562500000000000 0 0 1 0 9 161 153 163 157 141 159 150 149 162 
161 14890 0.69335937500000000000 -0.16601562500000000000 0 0 1 0 9 172 155 173 160 150 162 154 153 163 
162 14891 0.67382812500000000000 -0.18554687500000000000 0 0 1 0 8 163 161 169 159 157 165 160 168 
163 14892 0.69335937500000000000 -0.18554687500000000000 0 0 1 0 8 173 172 177 162 160 168 161 169 
164 14893 0.63476562500000000000 -0.20507812500000000000 0 0 1 0 8 165 159 167 55 49 57 158 166 
165 14894 0.65429687500000000000 -0.20507812500000000000 0 0 1 0 8 168 162 170 164 158 166 159 167 
166 14895 0.63476562500000000000 -0.22460937500000000000 0 0 1 0 8 167 165 186 57 55 79 164 185 
167 14896 0.65429687500000000000 -0.22460937500000000000 0 0 1 0 8 170 168 189 166 164 185 165 186 
168 14897 0.67382812500000000000 -0.20507812500000000000 0 0 1 0 8 169 163 171 165 159 167 162 170 
169 14898 0.69335937500000000000 -0.20507812500000000000 0 0 1 0 8 177 173 179 168 162 170 163 171 
170 14899 0.67382812500000000000 -0.22460937500000000000 0 0 1 0 8 171 169 190 167 165 186 168 189 
171 14900 0.69335937500000000000 -0.22460937500000000000 0 0 1 0 8 179 177 201 170 168 189 169 190 
172 14901 0.71289062500000000000 -0.16601562500000000000 0 0 1 0 9 493 488 174 161 154 163 487 155 173 
173 14902 0.71289062500000000000 -0.18554687500000000000 0 0 1 0 8 174 493 178 163 161 169 172 177 
174 14903 0.73242187500000000000 -0.18554687500000000000 0 0 1 0 8 175 494 181 173 172 177 493 178 
175 14904 0.75195312500000000000 -0.18554687500000000000 0 0 1 0 8 176 495 182 174 493 178 494 181 
176 14905 0.77148437500000000000 -0.18554687500000000000 0 0 1 0 8 217 496 222 175 494 181 495 182 
177 14906 0.71289062500000000000 -0.20507812500000000000 0 0 1 0 8 178 174 180 169 163 171 173 179 
178 14907 0.73242187500000000000 -0.20507812500000000000 0 0 1 0 8 181 175 183 177 173 179 174 180 
179 14908 0.71289062500000000000 -0.22460937500000000000 0 0 1 0 8 180 178 202 171 169 190 177 201 
180 14909 0.73242187500000000000 -0.22460937500000000000 0 0 1 0 8 183 181 205 179 177 201 178 202 
181 14910 0.75195312500000000000 -0.20507812500000000000 0 0 1 0 8 182 176 184 178 174 180 175 183 
182 14911 0.77148437500000000000 -0.20507812500000000000 0 0 1 0 8 222 217 224 181 175 183 176 184 
183 14912 0.75195312500000000000 -0.22460937500000000000 0 0 1 0 8 184 182 206 180 178 202 181 205 
184 14913 0.77148437500000000000 -0.22460937500000000000 0 0 1 0 8 224 222 242 183 181 205 182 206 
185 14914 0.63476562500000000000 -0.24414062500000000000 0 0 1 0 8 186 167 188 79 57 81 166 187 
186 14915 0.65429687500000000000 -0.24414062500000000000 0 0 1 0 8 189 170 191 185 166 187 167 188 
187 14916 0.63476562500000000000 -0.26367187500000000000 0 0 1 0 8 188 186 194 81 79 87 185 193 
188 14917 0.65429687500000000000 -0.26367187500000000000 0 0 1 0 8 191 189 197 187 185 193 186 194 
189 14918 0.67382812500000000000 -0.24414062500000000000 0 0 1 0 8 190 171 192 186 167 188 170 191 
190 14919 0.69335937500000000000 -0.24414062500000000000 0 0 1 0 8 201 179 203 189 170 191 171 192 
191 14920 0.67382812500000000000 -0.26367187500000000000 0 0 1 0 8 192 190 198 188 186 194 189 197 
192 14921 0.69335937500000000000 -0.26367187500000000000 0 0 1 0 8 203 201 209 191 189 197 190 198 
193 14922 0.63476562500000000000 -0.28320312500000000000 0 0 1 0 8 194 188 196 87 81 89 187 195 
194 14923 0.65429687500000000000 -0.28320312500000000000 0 0 1 0 8 197 191 199 193 187 195 188 196 
195 14924 0.63476562500000000000 -0.30273437500000000000 0 0 1 0 8 196 194 342 89 87 95 193 343 
196 14925 0.65429687500000000000 -0.30273437500000000000 0 0 1 0 8 199 197 343 195 193 342 194 95 
197 14926 0.67382812500000000000 -0.28320312500000000000 0 0 1 0 8 198 192 200 194 188 196 191 199 
198 14927 0.69335937500000000000 -0.28320312500000000000 0 0 1 0 8 209 203 211 197 191 199 192 200 
199 14928 0.67382812500000000000 -0.30273437500000000000 0 0 1 0 8 200 198 343 196 194 342 197 346 
200 14929 0.69335937500000000000 -0.30273437500000000000 0 0 1 0 8 211 209 346 199 197 343 198 342 
201 14930 0.71289062500000000000 -0.24414062500000000000 0 0 1 0 8 202 180 204 190 171 192 179 203 
202 14931 0.73242187500000000000 -0.24414062500000000000 0 0 1 0 8 205 183 207 201 179 203 180 204 
203 14932 0.71289062500000000000 -0.26367187500000000000 0 0 1 0 8 204 202 210 192 190 198 201 209 
204 14933 0.73242187500000000000 -0.26367187500000000000 0 0 1 0 8 207 205 213 203 201 209 202 210 
205 14934 0.75195312500000000000 -0.24414062500000000000 0 0 1 0 8 206 184 208 202 180 204 183 207 
206 14935 0.77148437500000000000 -0.24414062500000000000 0 0 1 0 8 242 224 244 205 183 207 184 208 
207 14936 0.75195312500000000000 -0.26367187500000000000 0 0 1 0 8 208 206 214 204 202 210 205 213 
208 14937 0.77148437500000000000 -0.26367187500000000000 0 0 1 0 8 244 242 250 207 205 213 206 214 
209 14938 0.71289062500000000000 -0.28320312500000000000 0 0 1 0 8 210 204 212 198 192 200 203 211 
210 14939 0.73242187500000000000 -0.28320312500000000000 0 0 1 0 8 213 207 215 209 203 211 204 212 
211 14940 0.71289062500000000000 -0.30273437500000000000 0 0 1 0 8 212 210 346 200 198 343 209 347 
212 14941 0.73242187500000000000 -0.30273437500000000000 0 0 1 0 8 215 213 347 211 209 346 210 343 
213 14942 0.75195312500000000000 -0.28320312500000000000 0 0 1 0 8 214 208 216 210 204 212 207 215 
214 14943 0.77148437500000000000 -0.28320312500000000000 0 0 1 0 8 250 244 252 213 207 215 208 216 
215 14944 0.75195312500000000000 -0.30273437500000000000 0 0 1 0 8 216 214 347 212 210 346 213 358 
216 14945 0.77148437500000000000 -0.30273437500000000000 0 0 1 0 8 252 250 358 215 213 347 214 346 
217 14946 0.79101562500000000000 -0.18554687500000000000 0 0 1 0 8 218 497 223 176 495 182 496 222 
218 14947 0.81054687500000000000 -0.18554687500000000000 0 0 1 0 8 220 219 226 217 496 222 497 223 
219 14948 0.83007812500000000000 -0.16601562500000000000 0 0 1 0 9 498 492 221 497 489 218 491 490 220 
220 14949 0.83007812500000000000 -0.18554687500000000000 0 0 1 0 8 221 498 227 218 497 223 219 226 
221 14950 0.84960937500000000000 -0.18554687500000000000 0 0 1 0 8 230 499 234 220 219 226 498 227 
222 14951 0.79101562500000000000 -0.20507812500000000000 0 0 1 0 8 223 218 225 182 176 184 217 224 
223 14952 0.81054687500000000000 -0.20507812500000000000 0 0 1 0 8 226 220 228 222 217 224 218 225 
224 14953 0.79101562500000000000 -0.22460937500000000000 0 0 1 0 8 225 223 243 184 182 206 222 242 
225 14954 0.81054687500000000000 -0.22460937500000000000 0 0 1 0 8 228 226 246 224 222 242 223 243 
226 14955 0.83007812500000000000 -0.20507812500000000000 0 0 1 0 8 227 221 229 223 218 225 220 228 
227 14956 0.84960937500000000000 -0.20507812500000000000 0 0 1 0 8 234 230 236 226 220 228 221 229 
228 14957 0.83007812500000000000 -0.22460937500000000000 0 0 1 0 8 229 227 247 225 223 243 226 246 
229 14958 0.84960937500000000000 -0.22460937500000000000 0 0 1 0 8 236 234 258 228 226 246 227 247 
230 14959 0.86914062500000000000 -0.18554687500000000000 0 0 1 0 8 231 500 235 221 498 227 499 234 
231 14960 0.88867187500000000000 -0.18554687500000000000 0 0 1 0 8 232 501 238 230 499 234 500 235 
232 14961 0.90820312500000000000 -0.18554687500000000000 0 0 1 0 8 233 502 239 231 500 235 501 238 
233 14962 0.92773437500000000000 -0.18554687500000000000 0 0 1 0 8 278 515 282 232 501 238 502 239 
234 14963 0.86914062500000000000 -0.20507812500000000000 0 0 1 0 8 235 231 237 227 221 229 230 236 
235 14964 0.88867187500000000000 -0.20507812500000000000 0 0 1 0 8 238 232 240 234 230 236 231 237 
236 14965 0.86914062500000000000 -0.22460937500000000000 0 0 1 0 8 237 235 259 229 227 247 234 258 
237 14966 0.88867187500000000000 -0.22460937500000000000 0 0 1 0 8 240 238 262 236 234 258 235 259 
238 14967 0.90820312500000000000 -0.20507812500000000000 0 0 1 0 8 239 233 241 235 231 237 232 240 
239 14968 0.92773437500000000000 -0.20507812500000000000 0 0 1 0 8 282 278 284 238 232 240 233 241 
240 14969 0.90820312500000000000 -0.22460937500000000000 0 0 1 0 8 241 239 263 237 235 259 238 262 
241 14970 0.92773437500000000000 -0.22460937500000000000 0 0 1 0 8 284 282 306 240 238 262 239 263 
242 14971 0.79101562500000000000 -0.24414062500000000000 0 0 1 0 8 243 225 245 206 184 208 224 244 
243 14972 0.81054687500000000000 -0.24414062500000000000 0 0 1 0 8 246 228 248 242 224 244 225 245 
244 14973 0.79101562500000000000 -0.26367187500000000000 0 0 1 0 8 245 243 251 208 206 214 242 250 
245 14974 0.81054687500000000000 -0.26367187500000000000 0 0 1 0 8 248 246 254 244 242 250 243 251 
246 14975 0.83007812500000000000 -0.24414062500000000000 0 0 1 0 8 247 229 249 243 225 245 228 248 
247 14976 0.84960937500000000000 -0.24414062500000000000 0 0 1 0 8 258 236 260 246 228 248 229 249 
248 14977 0.83007812500000000000 -0.26367187500000000000 0 0 1 0 8 249 247 255 245 243 251 246 254 
249 14978 0.84960937500000000000 -0.26367187500000000000 0 0 1 0 8 260 258 266 248 246 254 247 255 
250 14979 0.79101562500000000000 -0.28320312500000000000 0 0 1 0 8 251 245 253 214 208 216 244 252 
251 14980 0.81054687500000000000 -0.28320312500000000000 0 0 1 0 8 254 248 256 250 244 252 245 253 
252 14981 0.79101562500000000000 -0.30273437500000000000 0 0 1 0 8 253 251 358 216 214 347 250 359 
253 14982 0.81054687500000000000 -0.30273437500000000000 0 0 1 0 8 256 254 359 252 250 358 251 347 
254 14983 0.83007812500000000000 -0.28320312500000000000 0 0 1 0 8 255 249 257 251 245 253 248 256 
255 14984 0.84960937500000000000 -0.28320312500000000000 0 0 1 0 8 266 260 268 254 248 256 249 257 
256 14985 0.83007812500000000000 -0.30273437500000000000 0 0 1 0 8 257 255 359 253 251 358 254 362 
257 14986 0.84960937500000000000 -0.30273437500000000000 0 0 1 0 8 268 266 362 256 254 359 255 358 
258 14987 0.86914062500000000000 -0.24414062500000000000 0 0 1 0 8 259 237 261 247 229 249 236 260 
259 14988 0.88867187500000000000 -0.24414062500000000000 0 0 1 0 8 262 240 264 258 236 260 237 261 
260 14989 0.86914062500000000000 -0.26367187500000000000 0 0 1 0 8 261 259 267 249 247 255 258 266 
261 14990 0.88867187500000000000 -0.26367187500000000000 0 0 1 0 8 264 262 270 260 258 266 259 267 
262 14991 0.90820312500000000000 -0.24414062500000000000 0 0 1 0 8 263 241 265 259 237 261 240 264 
263 14992 0.92773437500000000000 -0.24414062500000000000 0 0 1 0 8 306 284 308 262 240 264 241 265 
264 14993 0.90820312500000000000 -0.26367187500000000000 0 0 1 0 8 265 263 271 261 259 267 262 270 
265 14994 0.92773437500000000000 -0.26367187500000000000 0 0 1 0 8 308 306 314 264 262 270 263 271 
266 14995 0.86914062500000000000 -0.28320312500000000000 0 0 1 0 8 267 261 269 255 249 257 260 268 
267 14996 0.88867187500000000000 -0.28320312500000000000 0 0 1 0 8 270 264 272 266 260 268 261 269 
268 14997 0.86914062500000000000 -0.30273437500000000000 0 0 1 0 8 269 267 362 257 255 359 266 363 
269 14998 0.88867187500000000000 -0.30273437500000000000 0 0 1 0 8 272 270 363 268 266 362 267 359 
270 14999 0.90820312500000000000 -0.28320312500000000000 0 0 1 0 8 271 265 273 267 261 269 264 272 
271 15000 0.92773437500000000000 -0.28320312500000000000 0 0 1 0 8 314 308 316 270 264 272 265 273 
272 15001 0.90820312500000000000 -0.30273437500000000000 0 0 1 0 8 273 271 363 269 267 362 270 406 
273 15002 0.92773437500000000000 -0.30273437500000000000 0 0 1 0 8 316 314 406 272 270 363 271 362 
274 15003 1.04492187500000000000 -0.14648437500000000000 0 0 1 0 8 276 275 294 509 507 290 508 291 
275 15004 1.06445312500000000000 -0.12695312500000000000 0 0 1 0 8 510 506 277 508 504 274 505 276 
276 15005 1.06445312500000000000 -0.14648437500000000000 0 0 1 0 8 277 510 295 274 508 291 275 294 
277 15006 1.08398437500000000000 -0.14648437500000000000 0 0 1 0 8 512 511 338 276 275 294 510 295 
278 15007 0.94726562500000000000 -0.18554687500000000000 0 0 1 0 8 279 516 283 233 502 239 515 282 
279 15008 0.96679687500000000000 -0.18554687500000000000 0 0 1 0 8 280 517 286 278 515 282 516 283 
280 15009 0.98632812500000000000 -0.18554687500000000000 0 0 1 0 8 281 518 287 279 516 283 517 286 
281 15010 1.00585937500000000000 -0.18554687500000000000 0 0 1 0 8 292 290 298 280 517 286 518 287 
282 15011 0.94726562500000000000 -0.20507812500000000000 0 0 1 0 8 283 279 285 239 233 241 278 284 
283 15012 0.96679687500000000000 -0.20507812500000000000 0 0 1 0 8 286 280 288 282 278 284 279 285 
284 15013 0.94726562500000000000 -0.22460937500000000000 0 0 1 0 8 285 283 307 241 239 263 282 306 
285 15014 0.96679687500000000000 -0.22460937500000000000 0 0 1 0 8 288 286 310 284 282 306 283 307 
286 15015 0.98632812500000000000 -0.20507812500000000000 0 0 1 0 8 287 281 289 283 279 285 280 288 
287 15016 1.00585937500000000000 -0.20507812500000000000 0 0 1 0 8 298 292 300 286 280 288 281 289 
288 15017 0.98632812500000000000 -0.22460937500000000000 0 0 1 0 8 289 287 311 285 283 307 286 310 
289 15018 1.00585937500000000000 -0.22460937500000000000 0 0 1 0 8 300 298 322 288 286 310 287 311 
290 15019 1.02539062500000000000 -0.16601562500000000000 0 0 1 0 8 291 274 293 518 503 281 509 292 
291 15020 1.04492187500000000000 -0.16601562500000000000 0 0 1 0 8 294 276 296 290 509 292 274 293 
292 15021 1.02539062500000000000 -0.18554687500000000000 0 0 1 0 8 293 291 299 281 518 287 290 298 
293 15022 1.04492187500000000000 -0.18554687500000000000 0 0 1 0 8 296 294 302 292 290 298 291 299 
294 15023 1.06445312500000000000 -0.16601562500000000000 0 0 1 0 8 295 277 297 291 274 293 276 296 
295 15024 1.08398437500000000000 -0.16601562500000000000 0 0 1 0 8 338 339 294 276 296 277 512 297 
296 15025 1.06445312500000000000 -0.18554687500000000000 0 0 1 0 8 297 295 303 293 291 299 294 302 
297 15026 1.08398437500000000000 -0.18554687500000000000 0 0 1 0 7 338 339 296 294 302 295 303 
298 15027 1.02539062500000000000 -0.20507812500000000000 0 0 1 0 8 299 293 301 287 281 289 292 300 
299 15028 1.04492187500000000000 -0.20507812500000000000 0 0 1 0 8 302 296 304 298 292 300 293 301 
300 15029 1.02539062500000000000 -0.22460937500000000000 0 0 1 0 8 301 299 323 289 287 311 298 322 
301 15030 1.04492187500000000000 -0.22460937500000000000 0 0 1 0 8 304 302 326 300 298 322 299 323 
302 15031 1.06445312500000000000 -0.20507812500000000000 0 0 1 0 8 303 297 305 299 293 301 296 304 
303 15032 1.08398437500000000000 -0.20507812500000000000 0 0 1 0 8 339 338 340 302 296 304 297 305 
304 15033 1.06445312500000000000 -0.22460937500000000000 0 0 1 0 8 305 303 327 301 299 323 302 326 
305 15034 1.08398437500000000000 -0.22460937500000000000 0 0 1 0 8 339 338 340 304 302 326 303 327 
306 15035 0.94726562500000000000 -0.24414062500000000000 0 0 1 0 8 307 285 309 263 241 265 284 308 
307 15036 0.96679687500000000000 -0.24414062500000000000 0 0 1 0 8 310 288 312 306 284 308 285 309 
308 15037 0.94726562500000000000 -0.26367187500000000000 0 0 1 0 8 309 307 315 265 263 271 306 314 
309 15038 0.96679687500000000000 -0.26367187500000000000 0 0 1 0 8 312 310 318 308 306 314 307 315 
310 15039 0.98632812500000000000 -0.24414062500000000000 0 0 1 0 8 311 289 313 307 285 309 288 312 
311 15040 1.00585937500000000000 -0.24414062500000000000 0 0 1 0 8 322 300 324 310 288 312 289 313 
312 15041 0.98632812500000000000 -0.26367187500000000000 0 0 1 0 8 313 311 319 309 307 315 310 318 
313 15042 1.00585937500000000000 -0.26367187500000000000 0 0 1 0 8 324 322 330 312 310 318 311 319 
314 15043 0.94726562500000000000 -0.28320312500000000000 0 0 1 0 8 315 309 317 271 265 273 308 316 
315 15044 0.96679687500000000000 -0.28320312500000000000 0 0 1 0 8 318 312 320 314 308 316 309 317 
316 15045 0.94726562500000000000 -0.30273437500000000000 0 0 1 0 8 317 315 406 273 271 363 314 407 
317 15046 0.96679687500000000000 -0.30273437500000000000 0 0 1 0 8 320 318 407 316 314 406 315 363 
318 15047 0.98632812500000000000 -0.28320312500000000000 0 0 1 0 8 319 313 321 315 309 317 312 320 
319 15048 1.00585937500000000000 -0.28320312500000000000 0 0 1 0 8 330 324 332 318 312 320 313 321 
320 15049 0.98632812500000000000 -0.30273437500000000000 0 0 1 0 8 321 319 407 317 315 406 318 410 
321 15050 1.00585937500000000000 -0.30273437500000000000 0 0 1 0 8 332 330 410 320 318 407 319 406 
322 15051 1.02539062500000000000 -0.24414062500000000000 0 0 1 0 8 323 301 325 311 289 313 300 324 
323 15052 1.04492187500000000000 -0.24414062500000000000 0 0 1 0 8 326 304 328 322 300 324 301 325 
324 15053 1.02539062500000000000 -0.26367187500000000000 0 0 1 0 8 325 323 331 313 311 319 322 330 
325 15054 1.04492187500000000000 -0.26367187500000000000 0 0 1 0 8 328 326 334 324 322 330 323 331 
326 15055 1.06445312500000000000 -0.24414062500000000000 0 0 1 0 8 327 305 329 323 301 325 304 328 
327 15056 1.08398437500000000000 -0.24414062500000000000 0 0 1 0 8 340 339 341 326 304 328 305 329 
328 15057 1.06445312500000000000 -0.26367187500000000000 0 0 1 0 8 329 327 335 325 323 331 326 334 
329 15058 1.08398437500000000000 -0.26367187500000000000 0 0 1 0 8 340 339 341 328 326 334 327 335 
330 15059 1.02539062500000000000 -0.28320312500000000000 0 0 1 0 8 331 325 333 319 313 321 324 332 
331 15060 1.04492187500000000000 -0.28320312500000000000 0 0 1 0 8 334 328 336 330 324 332 325 333 
332 15061 1.02539062500000000000 -0.30273437500000000000 0 0 1 0 8 333 331 410 321 319 407 330 411 
333 15062 1.04492187500000000000 -0.30273437500000000000 0 0 1 0 8 336 334 411 332 330 410 331 407 
334 15063 1.06445312500000000000 -0.28320312500000000000 0 0 1 0 8 335 329 337 331 325 333 328 336 
335 15064 1.08398437500000000000 -0.28320312500000000000 0 0 1 0 8 341 340 421 334 328 336 329 337 
336 15065 1.06445312500000000000 -0.30273437500000000000 0 0 1 0 8 337 335 411 333 331 410 334 421 
337 15066 1.08398437500000000000 -0.30273437500000000000 0 0 1 0 8 341 340 421 336 334 411 335 410 
338 15067 1.11328125000000000000 -0.17578125000000000000 0 0 1 0 11 519 514 520 295 277 297 303 513 512 339 305 
339 15068 1.11328125000000000000 -0.21484375000000000000 0 0 1 0 10 520 519 521 303 297 305 327 338 340 329 
340 15069 1.11328125000000000000 -0.25390625000000000000 0 0 1 0 10 521 520 522 327 305 329 335 339 341 337 
341 15070 1.11328125000000000000 -0.29296875000000000000 0 0 1 0 9 522 521 524 335 329 337 411 340 421 
342 15071 0.64453125000000000000 -0.33203125000000000000 0 0 1 0 9 343 199 345 95 89 97 196 195 344 
343 15072 0.68359375000000000000 -0.33203125000000000000 0 0 1 0 9 346 211 348 342 196 344 200 199 345 
344 15073 0.64453125000000000000 -0.37109375000000000000 0 0 1 0 8 345 343 351 97 95 103 342 350 
345 15074 0.68359375000000000000 -0.37109375000000000000 0 0 1 0 8 348 346 354 344 342 350 343 351 
346 15075 0.72265625000000000000 -0.33203125000000000000 0 0 1 0 9 347 215 349 343 200 345 212 211 348 
347 15076 0.76171875000000000000 -0.33203125000000000000 0 0 1 0 9 358 252 360 346 212 348 216 215 349 
348 15077 0.72265625000000000000 -0.37109375000000000000 0 0 1 0 8 349 347 355 345 343 351 346 354 
349 15078 0.76171875000000000000 -0.37109375000000000000 0 0 1 0 8 360 358 366 348 346 354 347 355 
350 15079 0.64453125000000000000 -0.41015625000000000000 0 0 1 0 8 351 345 353 103 97 105 344 352 
351 15080 0.68359375000000000000 -0.41015625000000000000 0 0 1 0 8 354 348 356 350 344 352 345 353 
352 15081 0.64453125000000000000 -0.44921875000000000000 0 0 1 0 8 353 351 375 105 103 111 350 374 
353 15082 0.68359375000000000000 -0.44921875000000000000 0 0 1 0 8 356 354 378 352 350 374 351 375 
354 15083 0.72265625000000000000 -0.41015625000000000000 0 0 1 0 8 355 349 357 351 345 353 348 356 
355 15084 0.76171875000000000000 -0.41015625000000000000 0 0 1 0 8 366 360 368 354 348 356 349 357 
356 15085 0.72265625000000000000 -0.44921875000000000000 0 0 1 0 8 357 355 379 353 351 375 354 378 
357 15086 0.76171875000000000000 -0.44921875000000000000 0 0 1 0 8 368 366 390 356 354 378 355 379 
358 15087 0.80078125000000000000 -0.33203125000000000000 0 0 1 0 9 359 256 361 347 216 349 253 252 360 
359 15088 0.83984375000000000000 -0.33203125000000000000 0 0 1 0 9 362 268 364 358 253 360 257 256 361 
360 15089 0.80078125000000000000 -0.37109375000000000000 0 0 1 0 8 361 359 367 349 347 355 358 366 
361 15090 0.83984375000000000000 -0.37109375000000000000 0 0 1 0 8 364 362 370 360 358 366 359 367 
362 15091 0.87890625000000000000 -0.33203125000000000000 0 0 1 0 9 363 272 365 359 257 361 269 268 364 
363 15092 0.91796875000000000000 -0.33203125000000000000 0 0 1 0 9 406 316 408 362 269 364 273 272 365 
364 15093 0.87890625000000000000 -0.37109375000000000000 0 0 1 0 8 365 363 371 361 359 367 362 370 
365 15094 0.91796875000000000000 -0.37109375000000000000 0 0 1 0 8 408 406 414 364 362 370 363 371 
366 15095 0.80078125000000000000 -0.41015625000000000000 0 0 1 0 8 367 361 369 355 349 357 360 368 
367 15096 0.83984375000000000000 -0.41015625000000000000 0 0 1 0 8 370 364 372 366 360 368 361 369 
368 15097 0.80078125000000000000 -0.44921875000000000000 0 0 1 0 8 369 367 391 357 355 379 366 390 
369 15098 0.83984375000000000000 -0.44921875000000000000 0 0 1 0 8 372 370 394 368 366 390 367 391 
370 15099 0.87890625000000000000 -0.41015625000000000000 0 0 1 0 8 371 365 373 367 361 369 364 372 
371 15100 0.91796875000000000000 -0.41015625000000000000 0 0 1 0 8 414 408 416 370 364 372 365 373 
372 15101 0.87890625000000000000 -0.44921875000000000000 0 0 1 0 8 373 371 395 369 367 391 370 394 
373 15102 0.91796875000000000000 -0.44921875000000000000 0 0 1 0 8 416 414 422 372 370 394 371 395 
374 15103 0.64453125000000000000 -0.48828125000000000000 0 0 1 0 8 375 353 377 111 105 113 352 376 
375 15104 0.68359375000000000000 -0.48828125000000000000 0 0 1 0 8 378 356 380 374 352 376 353 377 
376 15105 0.64453125000000000000 -0.52734375000000000000 0 0 1 0 8 377 375 383 113 111 119 374 382 
377 15106 0.68359375000000000000 -0.52734375000000000000 0 0 1 0 8 380 378 386 376 374 382 375 383 
378 15107 0.72265625000000000000 -0.48828125000000000000 0 0 1 0 8 379 357 381 375 353 377 356 380 
379 15108 0.76171875000000000000 -0.48828125000000000000 0 0 1 0 8 390 368 392 378 356 380 357 381 
380 15109 0.72265625000000000000 -0.52734375000000000000 0 0 1 0 8 381 379 387 377 375 383 378 386 
381 15110 0.76171875000000000000 -0.52734375000000000000 0 0 1 0 8 392 390 398 380 378 386 379 387 
382 15111 0.64453125000000000000 -0.56640625000000000000 0 0 1 0 8 383 377 385 119 113 121 376 384 
383 15112 0.68359375000000000000 -0.56640625000000000000 0 0 1 0 8 386 380 388 382 376 384 377 385 
384 15113 0.64453125000000000000 -0.60546875000000000000 0 0 1 0 8 385 383 429 121 119 428 382 430 
385 15114 0.68359375000000000000 -0.60546875000000000000 0 0 1 0 8 388 386 430 384 382 429 383 428 
386 15115 0.72265625000000000000 -0.56640625000000000000 0 0 1 0 8 387 381 389 383 377 385 380 388 
387 15116 0.76171875000000000000 -0.56640625000000000000 0 0 1 0 8 398 392 400 386 380 388 381 389 
388 15117 0.72265625000000000000 -0.60546875000000000000 0 0 1 0 8 389 387 430 385 383 429 386 431 
389 15118 0.76171875000000000000 -0.60546875000000000000 0 0 1 0 8 400 398 431 388 386 430 387 429 
390 15119 0.80078125000000000000 -0.48828125000000000000 0 0 1 0 8 391 369 393 379 357 381 368 392 
391 15120 0.83984375000000000000 -0.48828125000000000000 0 0 1 0 8 394 372 396 390 368 392 369 393 
392 15121 0.80078125000000000000 -0.52734375000000000000 0 0 1 0 8 393 391 399 381 379 387 390 398 
393 15122 0.83984375000000000000 -0.52734375000000000000 0 0 1 0 8 396 394 402 392 390 398 391 399 
394 15123 0.87890625000000000000 -0.48828125000000000000 0 0 1 0 8 395 373 397 391 369 393 372 396 
395 15124 0.91796875000000000000 -0.48828125000000000000 0 0 1 0 8 422 416 424 394 372 396 373 397 
396 15125 0.87890625000000000000 -0.52734375000000000000 0 0 1 0 8 397 395 403 393 391 399 394 402 
397 15126 0.91796875000000000000 -0.52734375000000000000 0 0 1 0 8 424 422 426 396 394 402 395 403 
398 15127 0.80078125000000000000 -0.56640625000000000000 0 0 1 0 8 399 393 401 387 381 389 392 400 
399 15128 0.83984375000000000000 -0.56640625000000000000 0 0 1 0 8 402 396 404 398 392 400 393 401 
400 15129 0.80078125000000000000 -0.60546875000000000000 0 0 1 0 8 401 399 431 389 387 430 398 542 
401 15130 0.83984375000000000000 -0.60546875000000000000 0 0 1 0 8 404 402 542 400 398 431 399 430 
402 15131 0.87890625000000000000 -0.56640625000000000000 0 0 1 0 8 403 397 405 399 393 401 396 404 
403 15132 0.91796875000000000000 -0.56640625000000000000 0 0 1 0 8 426 424 533 402 396 404 397 405 
404 15133 0.87890625000000000000 -0.60546875000000000000 0 0 1 0 8 405 403 542 401 399 431 402 545 
405 15134 0.91796875000000000000 -0.60546875000000000000 0 0 1 0 8 533 426 545 404 402 542 403 431 
406 15135 0.95703125000000000000 -0.33203125000000000000 0 0 1 0 9 407 320 409 363 273 365 317 316 408 
407 15136 0.99609375000000000000 -0.33203125000000000000 0 0 1 0 9 410 332 412 406 317 408 321 320 409 
408 15137 0.95703125000000000000 -0.37109375000000000000 0 0 1 0 8 409 407 415 365 363 371 406 414 
409 15138 0.99609375000000000000 -0.37109375000000000000 0 0 1 0 8 412 410 418 408 406 414 407 415 
410 15139 1.03515625000000000000 -0.33203125000000000000 0 0 1 0 9 411 336 413 407 321 409 333 332 412 
411 15140 1.07421875000000000000 -0.33203125000000000000 0 0 1 0 9 421 341 525 410 333 412 337 336 413 
412 15141 1.03515625000000000000 -0.37109375000000000000 0 0 1 0 8 413 411 419 409 407 415 410 418 
413 15142 1.07421875000000000000 -0.37109375000000000000 0 0 1 0 8 525 421 527 412 410 418 411 419 
414 15143 0.95703125000000000000 -0.41015625000000000000 0 0 1 0 8 415 409 417 371 365 373 408 416 
415 15144 0.99609375000000000000 -0.41015625000000000000 0 0 1 0 8 418 412 420 414 408 416 409 417 
416 15145 0.95703125000000000000 -0.44921875000000000000 0 0 1 0 8 417 415 423 373 371 395 414 422 
417 15146 0.99609375000000000000 -0.44921875000000000000 0 0 1 0 8 420 418 529 416 414 422 415 423 
418 15147 1.03515625000000000000 -0.41015625000000000000 0 0 1 0 8 419 413 523 415 409 417 412 420 
419 15148 1.07421875000000000000 -0.41015625000000000000 0 0 1 0 8 527 525 528 418 412 420 413 523 
420 15149 1.03515625000000000000 -0.44921875000000000000 0 0 1 0 8 523 419 530 417 415 423 418 529 
421 15150 1.11328125000000000000 -0.33203125000000000000 0 0 1 0 8 524 522 526 411 337 413 341 525 
422 15151 0.95703125000000000000 -0.48828125000000000000 0 0 1 0 8 423 417 425 395 373 397 416 424 
423 15152 0.99609375000000000000 -0.48828125000000000000 0 0 1 0 8 529 420 531 422 416 424 417 425 
424 15153 0.95703125000000000000 -0.52734375000000000000 0 0 1 0 8 425 423 532 397 395 403 422 426 
425 15154 0.99609375000000000000 -0.52734375000000000000 0 0 1 0 8 531 529 535 424 422 426 423 532 
426 15155 0.95703125000000000000 -0.56640625000000000000 0 0 1 0 8 532 425 534 403 397 405 424 533 
427 15156 0.50781250000000000000 -0.66406250000000000000 0 0 1 0 9 428 120 539 536 469 537 117 116 538 
428 15157 0.58593750000000000000 -0.66406250000000000000 0 0 1 0 9 429 384 540 427 117 538 121 120 539 
429 15158 0.66406250000000000000 -0.66406250000000000000 0 0 1 0 9 430 388 541 428 121 539 385 384 540 
430 15159 0.74218750000000000000 -0.66406250000000000000 0 0 1 0 9 431 400 543 429 385 540 389 388 541 
431 15160 0.82031250000000000000 -0.66406250000000000000 0 0 1 0 9 542 404 544 430 389 541 401 400 543 
432 14264 0.54199218750000000000 -0.12207031250000000000 32 
433 14266 0.54199218750000000000 -0.13183593750000000000 32 
434 14270 0.52246093750000000000 -0.15136718750000000000 32 
435 14271 0.53222656250000000000 -0.14160156250000000000 32 
436 14272 0.54199218750000000000 -0.14160156250000000000 32 
437 14273 0.53222656250000000000 -0.15136718750000000000 32 
438 14603 0.62011718750000000000 -0.11230468750000000000 33 
439 14604 0.55175781250000000000 -0.12207031250000000000 33 
440 14605 0.56152343750000000000 -0.12207031250000000000 33 
441 14606 0.57128906250000000000 -0.12207031250000000000 33 
442 14607 0.58105468750000000000 -0.12207031250000000000 33 
443 14608 0.59082031250000000000 -0.12207031250000000000 33 
444 14609 0.60058593750000000000 -0.12207031250000000000 33 
445 14610 0.61035156250000000000 -0.12207031250000000000 33 
446 14611 0.62011718750000000000 -0.12207031250000000000 33 
447 14297 0.45898437500000000000 -0.20507812500000000000 32 
448 14298 0.43945312500000000000 -0.22460937500000000000 32 
449 14299 0.45898437500000000000 -0.22460937500000000000 32 
450 14301 0.41992187500000000000 -0.24414062500000000000 32 
451 14302 0.41992187500000000000 -0.26367187500000000000 32 
452 14303 0.43945312500000000000 -0.24414062500000000000 32 
453 13339 0.41992187500000000000 -0.28320312500000000000 30 
454 13341 0.41992187500000000000 -0.30273437500000000000 30 
455 13342 0.43945312500000000000 -0.30273437500000000000 30 
456 14305 0.49804687500000000000 -0.16601562500000000000 32 
457 14306 0.47851562500000000000 -0.18554687500000000000 32 
458 14307 0.49804687500000000000 -0.18554687500000000000 32 
459 14308 0.51757812500000000000 -0.16601562500000000000 32 
460 14309 0.47851562500000000000 -0.20507812500000000000 32 
461 13411 0.41015625000000000000 -0.33203125000000000000 30 
462 13412 0.44921875000000000000 -0.33203125000000000000 30 
463 13414 0.44921875000000000000 -0.37109375000000000000 30 
464 13420 0.44921875000000000000 -0.41015625000000000000 30 
465 13422 0.44921875000000000000 -0.44921875000000000000 30 
466 13428 0.44921875000000000000 -0.48828125000000000000 30 
467 13430 0.44921875000000000000 -0.52734375000000000000 30 
468 13436 0.44921875000000000000 -0.56640625000000000000 30 
469 13438 0.44921875000000000000 -0.60546875000000000000 30 
470 14723 0.64941406250000000000 -0.09277343750000000000 33 
471 14724 0.65917968750000000000 -0.09277343750000000000 33 
472 14726 0.63964843750000000000 -0.10253906250000000000 33 
473 14727 0.62988281250000000000 -0.11230468750000000000 33 
474 14728 0.63964843750000000000 -0.11230468750000000000 33 
475 14729 0.64941406250000000000 -0.10253906250000000000 33 
476 5104 0.66894531250000000000 -0.09277343750000000000 11 
477 5110 0.66894531250000000000 -0.10253906250000000000 11 
478 5111 0.67871093750000000000 -0.10253906250000000000 11 
479 5112 0.67871093750000000000 -0.11230468750000000000 11 
480 5115 0.68847656250000000000 -0.11230468750000000000 11 
481 5117 0.68847656250000000000 -0.12207031250000000000 11 
482 5118 0.69824218750000000000 -0.12207031250000000000 11 
483 5119 0.69824218750000000000 -0.13183593750000000000 11 
484 5154 0.70800781250000000000 -0.13183593750000000000 11 
485 5160 0.70800781250000000000 -0.14160156250000000000 11 
486 5161 0.71777343750000000000 -0.14160156250000000000 11 
487 5162 0.71777343750000000000 -0.15136718750000000000 11 
488 5165 0.72753906250000000000 -0.15136718750000000000 11 
489 5209 0.81542968750000000000 -0.15136718750000000000 11 
490 5215 0.82519531250000000000 -0.15136718750000000000 11 
491 5216 0.83496093750000000000 -0.15136718750000000000 11 
492 5754 0.84472656250000000000 -0.15136718750000000000 13 
493 5217 0.73242187500000000000 -0.16601562500000000000 11 
494 5218 0.75195312500000000000 -0.16601562500000000000 11 
495 5219 0.77148437500000000000 -0.16601562500000000000 11 
496 5220 0.79101562500000000000 -0.16601562500000000000 11 
497 5221 0.81054687500000000000 -0.16601562500000000000 11 
498 5809 0.84960937500000000000 -0.16601562500000000000 13 
499 5810 0.86914062500000000000 -0.16601562500000000000 13 
500 5811 0.88867187500000000000 -0.16601562500000000000 13 
501 5812 0.90820312500000000000 -0.16601562500000000000 13 
502 5813 0.92773437500000000000 -0.16601562500000000000 13 
503 6077 1.01074218750000000000 -0.15136718750000000000 13 
504 6081 1.04492187500000000000 -0.10742187500000000000 13 
505 6084 1.06445312500000000000 -0.10742187500000000000 13 
506 7337 1.08398437500000000000 -0.10742187500000000000 16 
507 6085 1.02539062500000000000 -0.12695312500000000000 13 
508 6086 1.04492187500000000000 -0.12695312500000000000 13 
509 6087 1.02539062500000000000 -0.14648437500000000000 13 
510 7338 1.08398437500000000000 -0.12695312500000000000 16 
511 7375 1.10351562500000000000 -0.12695312500000000000 16 
512 7377 1.10351562500000000000 -0.14648437500000000000 16 
513 7378 1.12304687500000000000 -0.14648437500000000000 16 
514 7381 1.14257812500000000000 -0.14648437500000000000 16 
515 6092 0.94726562500000000000 -0.16601562500000000000 13 
516 6093 0.96679687500000000000 -0.16601562500000000000 13 
517 6094 0.98632812500000000000 -0.16601562500000000000 13 
518 6095 1.00585937500000000000 -0.16601562500000000000 13 
519 7399 1.15234375000000000000 -0.17578125000000000000 16 
520 13525 1.15234375000000000000 -0.21484375000000000000 31 
521 13528 1.15234375000000000000 -0.25390625000000000000 31 
522 13529 1.15234375000000000000 -0.29296875000000000000 31 
523 13534 1.07421875000000000000 -0.44921875000000000000 31 
524 13535 1.15234375000000000000 -0.33203125000000000000 31 
525 13536 1.11328125000000000000 -0.37109375000000000000 31 
526 13537 1.15234375000000000000 -0.37109375000000000000 31 
527 13542 1.11328125000000000000 -0.41015625000000000000 31 
528 13544 1.11328125000000000000 -0.44921875000000000000 31 
529 13550 1.03515625000000000000 -0.48828125000000000000 31 
530 13551 1.07421875000000000000 -0.48828125000000000000 31 
531 13552 1.03515625000000000000 -0.52734375000000000000 31 
532 13554 0.99609375000000000000 -0.56640625000000000000 31 
533 13555 0.95703125000000000000 -0.60546875000000000000 31 
534 13556 0.99609375000000000000 -0.60546875000000000000 31 
535 13557 1.03515625000000000000 -0.56640625000000000000 31 
536 13444 0.42968750000000000000 -0.66406250000000000000 30 
537 13590 0.42968750000000000000 -0.74218750000000000000 31 
538 13591 0.50781250000000000000 -0.74218750000000000000 31 
539 13592 0.58593750000000000000 -0.74218750000000000000 31 
540 13633 0.66406250000000000000 -0.74218750000000000000 31 
541 13634 0.74218750000000000000 -0.74218750000000000000 31 
542 13635 0.89843750000000000000 -0.66406250000000000000 31 
543 13636 0.82031250000000000000 -0.74218750000000000000 31 
544 13637 0.89843750000000000000 -0.74218750000000000000 31 
545 13646 0.97656250000000000000 -0.66406250000000000000 31 
