1 1.0 -0.6552490121597742
1 0.999615 -0.5430513339895536
1 0.998459 -0.45085847363497344
1 0.996534 -0.42390573573560625
1 0.993844 -0.3950405511494196
1 0.990393 -0.3682024649554787
1 0.986185 -0.3426682237292014
1 0.981228 -0.31950886105723364
1 0.975528 -0.29812681588611634
1 0.969096 -0.2780921996184575
1 0.96194 -0.2591900211137529
1 0.954072 -0.24122138407775892
1 0.945503 -0.2240165685263974
1 0.936248 -0.2075104182746255
1 0.92632 -0.19164056793715042
1 0.915735 -0.17636954388289636
1 0.904508 -0.16164936380148642
1 0.892658 -0.14743846768420818
1 0.880203 -0.1337874925534962
1 0.867161 -0.12068305049231824
1 0.853553 -0.10814148100966745
1 0.8394 -0.09605812569420798
1 0.824724 -0.08467807176935464
1 0.809547 -0.074175130247763
1 0.793893 -0.06465981506581121
1 0.777785 -0.05561065506746635
1 0.761249 -0.045704942169293765
1 0.744311 -0.03475011194907404
1 0.726995 -0.028331411427668957
1 0.70933 -0.04052229567346127
1 0.691342 -0.0789553650069028
1 0.673059 -0.08774018933419828
1 0.654508 0.09888616782721134
1 0.63572 0.4834489692901483
1 0.616723 0.7619060740872171
1 0.597545 0.839148269287253
1 0.578217 0.8263477479717
1 0.558769 0.8044890283947641
1 0.53923 0.7940158165699496
1 0.51963 0.790431544862542
1 0.5 0.7873550734172626
1 0.48037 0.7824679362570612
1 0.46077 0.7759540210503791
1 0.441231 0.7684117366127127
1 0.421783 0.760118776466264
1 0.402455 0.7511023310829146
1 0.383277 0.7412762391665279
1 0.36428 0.7305682376364139
1 0.345491 0.7189261935174044
1 0.326941 0.7062969018955847
1 0.308658 0.6926393554848568
1 0.29067 0.6779087455651656
1 0.273005 0.6620562857262952
1 0.255689 0.6450232319262719
1 0.238751 0.6267589298432786
1 0.222215 0.6071948996459438
1 0.206107 0.5862509025335481
1 0.190453 0.5638368586169601
1 0.175276 0.5398607358639265
1 0.1606 0.5142042907279707
1 0.146447 0.486702072903138
1 0.132839 0.4571518516058706
1 0.119797 0.42531883092527667
1 0.107342 0.3909076930536457
1 0.0954915 0.3535160421279308
1 0.0842652 0.3126283927501179
1 0.0736799 0.2675606626512322
1 0.063752 0.21744656076402008
1 0.0544967 0.1611418896036001
1 0.0459284 0.09728034520953115
1 0.0380602 0.024467847882568953
1 0.0309043 -0.05870278936125586
1 0.0244717 -0.1533902120379399
1 0.0187724 -0.2609054911924916
1 0.013815 -0.38674895909849616
1 0.00960735 -0.5314198253257735
1 0.00615582 -0.6908728294843371
1 0.00346577 -0.8495771807482687
1 0.00154133 -0.9643624898292703
1 0.00038548 -0.9820937531741561
1 0.0 -0.9465778637167025
1 0.000385484 -0.9303132189402717
1 0.00154134 -0.8502626159168337
1 0.00346578 -0.6850483748607946
1 0.00615584 -0.4946267132194026
1 0.00960737 -0.31788157212178125
1 0.0138151 -0.16455195421284927
1 0.0187724 -0.03542366552910071
1 0.0244718 0.07189009593361463
1 0.0309043 0.1643210813492127
1 0.0380603 0.24428280410753572
1 0.0459284 0.3136893202634438
1 0.0544968 0.3740968998067648
1 0.063752 0.42690651817442077
1 0.0736799 0.4735009586537598
1 0.0842652 0.5150528087867183
1 0.0954915 0.5524817466473145
1 0.107342 0.5865248672882867
1 0.119797 0.6177394555459862
1 0.132839 0.6465563701753354
1 0.146447 0.6732864977143912
1 0.1606 0.6981699420163615
1 0.175276 0.7214068798930358
1 0.190453 0.7431592715979327
1 0.206107 0.7635395972790268
1 0.222215 0.7826359778827708
1 0.238751 0.8005327028104293
1 0.255689 0.8173042133285372
1 0.273005 0.8330139552206077
1 0.29067 0.8477096294617715
1 0.308658 0.8614450619461821
1 0.326942 0.8742660991521826
1 0.345492 0.8862180017586867
1 0.36428 0.8973366460233374
1 0.383277 0.9076704999613397
1 0.402455 0.9172593801578871
1 0.421783 0.9261406561207101
1 0.441231 0.934363365741238
1 0.460771 0.941966306619424
1 0.48037 0.9489955015261076
1 0.5 0.9554841893222072
1 0.51963 0.9614716805116001
1 0.53923 0.9670071463899506
1 0.558769 0.9721305897843395
1 0.578217 0.9768798016326372
1 0.597545 0.9812917546996995
1 0.616723 0.985416759812452
1 0.63572 0.9892837714139026
1 0.654509 0.9929190943660181
1 0.673059 0.9963688625652455
1 0.691342 0.9996507507796333
1 0.70933 1.0028357567822197
1 0.726995 1.0060419643380198
1 0.744311 1.0093146693734836
1 0.761249 1.0121561334048297
1 0.777785 1.0135596235281252
1 0.793893 1.0145776911798716
1 0.809547 1.0230555882917596
1 0.824724 1.0464014912319597
1 0.8394 1.036454021508749
1 0.853553 0.791378097937485
1 0.867161 0.17780708444093807
1 0.880203 -0.22229341140564182
1 0.892659 -0.2188905508420212
1 0.904509 -0.17403434736515788
1 0.915735 -0.17555461957061966
1 0.92632 -0.19515468782241785
1 0.936248 -0.213854997380749
1 0.945503 -0.23011311415293143
1 0.954072 -0.24619801044619907
1 0.96194 -0.26292992196960835
1 0.969096 -0.2804227958531346
1 0.975528 -0.298763044518777
1 0.981228 -0.3181321324521363
1 0.986185 -0.3389518237128374
1 0.990393 -0.36181898726891293
1 0.993844 -0.38571486226782364
1 0.996534 -0.40929918391978515
1 0.998459 -0.4270121737047791
1 0.999615 -0.4359633892080208
