428 2213 0.86794915999999999734 0.01730598599999999890 
429 2214 0.87122709511917906244 0.01690842853790493205 
430 6518 0.94583601999999999954 0.00743223319999999996 
431 6519 0.95018067999999999973 0.00685406359999999985 
432 2523 0.89111328125000000000 0.06103515625000000000 
433 2524 0.89599609375000000000 0.06103515625000000000 
434 2538 0.87646484375000000000 0.04638671875000000000 
435 2539 0.87158203125000000000 0.04150390625000000000 
436 2540 0.87646484375000000000 0.04150390625000000000 
437 2542 0.88623046875000000000 0.05615234375000000000 
438 2543 0.88134765625000000000 0.05126953125000000000 
439 2544 0.88623046875000000000 0.05126953125000000000 
440 2545 0.89111328125000000000 0.05615234375000000000 
441 2546 0.88134765625000000000 0.04638671875000000000 
442 2557 0.90087890625000000000 0.06103515625000000000 
443 2558 0.90576171875000000000 0.06103515625000000000 
444 2561 0.91064453125000000000 0.06103515625000000000 
445 2562 0.91552734375000000000 0.06103515625000000000 
446 2572 0.92041015625000000000 0.06103515625000000000 
447 2573 0.92529296875000000000 0.06103515625000000000 
448 2575 0.93017578125000000000 0.06103515625000000000 
449 6972 0.93505859375000000000 0.06103515625000000000 
450 2596 0.87524414062500000000 0.03784179687500000000 
451 2597 0.87524414062500000000 0.03540039062500000000 
452 2601 0.87280273437500000000 0.03051757812500000000 
453 2602 0.87524414062500000000 0.03295898437500000000 
454 2603 0.87524414062500000000 0.03051757812500000000 
455 2619 0.86791992187500000000 0.02075195312500000000 
456 2620 0.87036132812500000000 0.02807617187500000000 
457 2621 0.87280273437500000000 0.02807617187500000000 
458 2622 0.87036132812500000000 0.02563476562500000000 
459 2623 0.87036132812500000000 0.02319335937500000000 
460 2624 0.87036132812500000000 0.02075195312500000000 
461 7122 0.93994140625000000000 0.06103515625000000000 
462 7144 0.93994140625000000000 0.05615234375000000000 
463 7145 0.94482421875000000000 0.05615234375000000000 
464 7146 0.94482421875000000000 0.05126953125000000000 
465 7149 0.94970703125000000000 0.05126953125000000000 
466 7151 0.94970703125000000000 0.04638671875000000000 
467 7152 0.95458984375000000000 0.04638671875000000000 
468 7153 0.95458984375000000000 0.04150390625000000000 
469 7164 0.95947265625000000000 0.04150390625000000000 
470 6546 0.95458984375000000000 0.02685546875000000000 
471 6547 0.94970703125000000000 0.02197265625000000000 
472 6548 0.95458984375000000000 0.02197265625000000000 
473 7185 0.95947265625000000000 0.03662109375000000000 
474 7187 0.95947265625000000000 0.03173828125000000000 
475 7193 0.95947265625000000000 0.02685546875000000000 
476 6553 0.94604492187500000000 0.01586914062500000000 
477 6554 0.94604492187500000000 0.01342773437500000000 
478 6555 0.94604492187500000000 0.01098632812500000000 
479 6556 0.94848632812500000000 0.01831054687500000000 
480 6558 0.94848632812500000000 0.01586914062500000000 
