421 10047 0.14905124999999999624 -0.05301697699999999985 
422 8699 0.10973890999999999507 -0.04811138499999999957 
423 9057 0.06591796875000000000 -0.07568359375000000000 
424 9059 0.07568359375000000000 -0.07080078125000000000 
425 9060 0.07080078125000000000 -0.07568359375000000000 
426 9061 0.07568359375000000000 -0.07568359375000000000 
427 9128 0.10620117187500000000 -0.05737304687500000000 
428 9129 0.10986328125000000000 -0.05126953125000000000 
429 9130 0.10986328125000000000 -0.05615234375000000000 
430 9133 0.08056640625000000000 -0.06591796875000000000 
431 9134 0.08544921875000000000 -0.06591796875000000000 
432 9137 0.09033203125000000000 -0.06591796875000000000 
433 9138 0.09521484375000000000 -0.06591796875000000000 
434 9139 0.08056640625000000000 -0.07080078125000000000 
435 9140 0.10009765625000000000 -0.06103515625000000000 
436 9141 0.10498046875000000000 -0.06103515625000000000 
437 9142 0.10009765625000000000 -0.06591796875000000000 
438 10048 0.14526367187500000000 -0.05493164062500000000 
439 10049 0.14526367187500000000 -0.05737304687500000000 
440 10060 0.14709472656250000000 -0.05798339843750000000 
441 10082 0.14770507812500000000 -0.05981445312500000000 
442 10084 0.14770507812500000000 -0.06225585937500000000 
443 10090 0.14770507812500000000 -0.06469726562500000000 
444 10091 0.15014648437500000000 -0.06469726562500000000 
445 10092 0.15014648437500000000 -0.06713867187500000000 
446 10095 0.15258789062500000000 -0.06713867187500000000 
447 10097 0.15258789062500000000 -0.06958007812500000000 
448 10098 0.15502929687500000000 -0.06958007812500000000 
449 10099 0.15502929687500000000 -0.07202148437500000000 
450 10100 0.15502929687500000000 -0.07446289062500000000 
451 9545 0.06347656250000000000 -0.08300781250000000000 
452 9546 0.06347656250000000000 -0.09277343750000000000 
453 9551 0.06347656250000000000 -0.10253906250000000000 
454 9552 0.06347656250000000000 -0.11230468750000000000 
455 9573 0.06347656250000000000 -0.12207031250000000000 
456 9574 0.07324218750000000000 -0.12207031250000000000 
457 9576 0.07324218750000000000 -0.13183593750000000000 
458 9582 0.07324218750000000000 -0.14160156250000000000 
459 9584 0.07324218750000000000 -0.15136718750000000000 
460 10144 0.15747070312500000000 -0.07446289062500000000 
461 10146 0.15747070312500000000 -0.07690429687500000000 
462 10147 0.15991210937500000000 -0.07690429687500000000 
463 10150 0.16235351562500000000 -0.07690429687500000000 
464 10331 0.16357421875000000000 -0.08056640625000000000 
465 10332 0.16845703125000000000 -0.08056640625000000000 
466 10334 0.16845703125000000000 -0.08544921875000000000 
467 10336 0.16845703125000000000 -0.09033203125000000000 
468 10338 0.16845703125000000000 -0.09521484375000000000 
469 10339 0.17333984375000000000 -0.09521484375000000000 
470 10356 0.17333984375000000000 -0.10009765625000000000 
471 10357 0.17822265625000000000 -0.10009765625000000000 
472 10359 0.17822265625000000000 -0.10498046875000000000 
473 10360 0.18310546875000000000 -0.10498046875000000000 
474 10365 0.18310546875000000000 -0.10986328125000000000 
475 10366 0.18798828125000000000 -0.10986328125000000000 
476 10368 0.18798828125000000000 -0.11474609375000000000 
477 10369 0.19287109375000000000 -0.11474609375000000000 
478 10412 0.19775390625000000000 -0.11474609375000000000 
479 10434 0.20019531250000000000 -0.12207031250000000000 
480 10435 0.20996093750000000000 -0.12207031250000000000 
481 10436 0.21972656250000000000 -0.12207031250000000000 
482 10437 0.22949218750000000000 -0.12207031250000000000 
483 10454 0.23925781250000000000 -0.12207031250000000000 
484 9898 0.24902343750000000000 -0.12207031250000000000 
485 9899 0.24902343750000000000 -0.13183593750000000000 
486 9904 0.24902343750000000000 -0.14160156250000000000 
487 9905 0.24902343750000000000 -0.15136718750000000000 
488 9588 0.06835937500000000000 -0.16601562500000000000 
489 13206 0.06835937500000000000 -0.18554687500000000000 
490 13215 0.08789062500000000000 -0.18554687500000000000 
491 13216 0.10742187500000000000 -0.18554687500000000000 
492 13217 0.12695312500000000000 -0.18554687500000000000 
493 13218 0.14648437500000000000 -0.18554687500000000000 
494 13259 0.16601562500000000000 -0.18554687500000000000 
495 13260 0.18554687500000000000 -0.18554687500000000000 
496 13261 0.20507812500000000000 -0.18554687500000000000 
497 13262 0.22460937500000000000 -0.18554687500000000000 
498 9925 0.24414062500000000000 -0.16601562500000000000 
499 9926 0.26367187500000000000 -0.16601562500000000000 
500 13271 0.24414062500000000000 -0.18554687500000000000 
