447 5243 0.94583601999999999954 -0.00743223319999999996 
448 6096 0.92158614000000005362 -0.01060452800000000022 
449 8087 1.07910156250000000000 0.00488281250000000000 
450 8088 1.08886718750000000000 0.00488281250000000000 
451 7281 1.10351562500000000000 0.00976562500000000000 
452 7282 1.12304687500000000000 0.00976562500000000000 
453 6316 0.92163085937500000000 -0.01342773437500000000 
454 6322 0.92224121093750000000 -0.01525878906250000000 
455 6324 0.92224121093750000000 -0.01647949218750000000 
456 6330 0.92224121093750000000 -0.01770019531250000000 
457 6332 0.92224121093750000000 -0.01892089843750000000 
458 6398 0.92163085937500000000 -0.02075195312500000000 
459 6400 0.92163085937500000000 -0.02319335937500000000 
460 6401 0.92407226562500000000 -0.02319335937500000000 
461 6406 0.92407226562500000000 -0.02563476562500000000 
462 6407 0.92407226562500000000 -0.02807617187500000000 
463 6412 0.92407226562500000000 -0.03051757812500000000 
464 6413 0.92407226562500000000 -0.03295898437500000000 
465 6414 0.92651367187500000000 -0.03295898437500000000 
466 6420 0.92651367187500000000 -0.03540039062500000000 
467 6422 0.92651367187500000000 -0.03784179687500000000 
468 6491 0.92529296875000000000 -0.04150390625000000000 
469 6493 0.92529296875000000000 -0.04638671875000000000 
470 6495 0.92529296875000000000 -0.05126953125000000000 
471 6497 0.92529296875000000000 -0.05615234375000000000 
472 6505 0.91552734375000000000 -0.06591796875000000000 
473 6509 0.90576171875000000000 -0.07568359375000000000 
474 6510 0.91064453125000000000 -0.07080078125000000000 
475 6511 0.91552734375000000000 -0.07080078125000000000 
476 6512 0.91064453125000000000 -0.07568359375000000000 
477 6513 0.92041015625000000000 -0.06103515625000000000 
478 6514 0.92529296875000000000 -0.06103515625000000000 
479 6515 0.92041015625000000000 -0.06591796875000000000 
480 4767 0.85449218750000000000 -0.11230468750000000000 
481 4768 0.83496093750000000000 -0.12207031250000000000 
482 5212 0.83496093750000000000 -0.13183593750000000000 
483 4769 0.84472656250000000000 -0.12207031250000000000 
484 4770 0.85449218750000000000 -0.12207031250000000000 
485 5214 0.83496093750000000000 -0.14160156250000000000 
486 5216 0.83496093750000000000 -0.15136718750000000000 
487 4774 0.87402343750000000000 -0.09277343750000000000 
488 4775 0.88378906250000000000 -0.08300781250000000000 
489 6516 0.89355468750000000000 -0.08300781250000000000 
490 4776 0.88378906250000000000 -0.09277343750000000000 
491 4777 0.86425781250000000000 -0.10253906250000000000 
492 4778 0.87402343750000000000 -0.10253906250000000000 
493 4779 0.86425781250000000000 -0.11230468750000000000 
494 6517 0.90332031250000000000 -0.08300781250000000000 
495 14948 0.83007812500000000000 -0.16601562500000000000 
496 14949 0.83007812500000000000 -0.18554687500000000000 
497 14950 0.84960937500000000000 -0.18554687500000000000 
498 14959 0.86914062500000000000 -0.18554687500000000000 
499 14960 0.88867187500000000000 -0.18554687500000000000 
500 14961 0.90820312500000000000 -0.18554687500000000000 
501 14962 0.92773437500000000000 -0.18554687500000000000 
502 5244 0.94116210937500000000 -0.01098632812500000000 
503 5245 0.94116210937500000000 -0.01342773437500000000 
504 5246 0.94360351562500000000 -0.01098632812500000000 
505 5248 0.94360351562500000000 -0.01342773437500000000 
506 5250 0.94116210937500000000 -0.01586914062500000000 
507 5251 0.94116210937500000000 -0.01831054687500000000 
508 5254 0.94360351562500000000 -0.01831054687500000000 
509 5339 0.94482421875000000000 -0.02197265625000000000 
510 5340 0.94970703125000000000 -0.02197265625000000000 
511 5341 0.95458984375000000000 -0.02197265625000000000 
512 5342 0.95947265625000000000 -0.02197265625000000000 
513 5343 0.96435546875000000000 -0.02197265625000000000 
514 5344 0.96923828125000000000 -0.02197265625000000000 
515 5345 0.97412109375000000000 -0.02197265625000000000 
516 5644 0.97900390625000000000 -0.02197265625000000000 
517 5645 0.98388671875000000000 -0.02197265625000000000 
518 5646 0.98876953125000000000 -0.02197265625000000000 
519 5647 0.99365234375000000000 -0.02197265625000000000 
520 5648 0.99853515625000000000 -0.02197265625000000000 
521 5649 1.00341796875000000000 -0.02197265625000000000 
522 8172 1.00830078125000000000 -0.02197265625000000000 
523 8173 1.01318359375000000000 -0.02197265625000000000 
524 8253 1.05224609375000000000 -0.01708984375000000000 
525 8254 1.01806640625000000000 -0.02197265625000000000 
526 8255 1.02294921875000000000 -0.02197265625000000000 
527 8256 1.02783203125000000000 -0.02197265625000000000 
528 8257 1.03271484375000000000 -0.02197265625000000000 
529 8258 1.03759765625000000000 -0.02197265625000000000 
530 8259 1.04248046875000000000 -0.02197265625000000000 
531 8260 1.04736328125000000000 -0.02197265625000000000 
532 8261 1.05224609375000000000 -0.02197265625000000000 
533 8263 1.06933593750000000000 -0.00488281250000000000 
534 8264 1.05957031250000000000 -0.01464843750000000000 
535 8265 1.06933593750000000000 -0.01464843750000000000 
536 8266 1.07910156250000000000 -0.00488281250000000000 
537 7337 1.08398437500000000000 -0.10742187500000000000 
538 15003 1.04492187500000000000 -0.14648437500000000000 
539 15004 1.06445312500000000000 -0.12695312500000000000 
540 7338 1.08398437500000000000 -0.12695312500000000000 
541 15005 1.06445312500000000000 -0.14648437500000000000 
542 7339 1.12304687500000000000 -0.00976562500000000000 
543 7340 1.12304687500000000000 -0.02929687500000000000 
544 7345 1.12304687500000000000 -0.04882812500000000000 
545 7346 1.12304687500000000000 -0.06835937500000000000 
546 7367 1.10351562500000000000 -0.08789062500000000000 
547 7368 1.12304687500000000000 -0.08789062500000000000 
548 7369 1.10351562500000000000 -0.10742187500000000000 
549 15007 0.94726562500000000000 -0.18554687500000000000 
550 15008 0.96679687500000000000 -0.18554687500000000000 
551 15009 0.98632812500000000000 -0.18554687500000000000 
552 15010 1.00585937500000000000 -0.18554687500000000000 
553 15019 1.02539062500000000000 -0.16601562500000000000 
554 15020 1.04492187500000000000 -0.16601562500000000000 
555 15021 1.02539062500000000000 -0.18554687500000000000 
