504 442 62
1 4338 0.85441738000000000408 -0.01893111000000000099 443 2 0 1 7 225 221 188 222 227 443 2 
2 4339 0.84744649999999999146 -0.01975829200000000022 1 3 0 1 8 209 186 187 188 221 223 1 3 
3 4340 0.84567057847111726243 -0.01996794864211236947 2 4 0 1 7 208 186 187 188 221 2 4 
4 4341 0.84389458842040288022 -0.02017717682112440611 3 5 0 1 7 207 185 186 187 221 3 5 
5 4342 0.84034251000000004250 -0.02059433800000000023 4 6 0 1 7 144 185 186 189 191 4 6 
6 4343 0.83310812999999994677 -0.02143858499999999959 5 7 0 1 9 143 149 140 145 142 146 151 5 7 
7 4344 0.82574612000000002787 -0.02229036499999999948 6 8 0 1 9 145 134 136 139 138 140 147 6 8 
8 4345 0.82200280908646616851 -0.02272063011094729856 7 9 0 1 7 134 136 91 135 93 7 9 
9 4346 0.81825932000000001221 -0.02314901100000000059 8 10 0 1 7 135 87 90 89 91 8 10 
10 4347 0.81065058000000000948 -0.02401385199999999873 9 11 0 1 9 74 11 76 108 66 67 70 71 9 
11 4348 0.80292282999999997628 -0.02488421600000000067 10 12 0 1 11 66 68 106 33 55 102 57 103 108 10 12 
12 4349 0.79507901999999996967 -0.02575942499999999899 11 13 0 1 9 33 54 39 50 41 51 56 11 13 
13 4350 0.78712216000000001515 -0.02663880399999999857 12 14 0 1 8 50 35 38 37 39 52 12 14 
14 4351 0.77905530000000000612 -0.02752167000000000155 13 444 0 1 8 34 15 17 16 18 36 13 444 
15 4352 0.77514648437500000000 -0.03051757812500000000 0 0 1 0 6 17 14 19 445 446 16 
16 4353 0.77514648437500000000 -0.03295898437500000000 0 0 1 0 8 19 17 23 446 445 447 15 21 
17 4354 0.77758789062500000000 -0.03051757812500000000 0 0 1 0 6 18 14 20 15 16 19 
18 4355 0.78002929687500000000 -0.03051757812500000000 0 0 1 0 6 34 36 17 14 19 20 
19 4356 0.77758789062500000000 -0.03295898437500000000 0 0 1 0 8 20 18 24 16 15 21 17 23 
20 4357 0.78002929687500000000 -0.03295898437500000000 0 0 1 0 8 36 34 42 19 17 23 18 24 
21 4358 0.77514648437500000000 -0.03540039062500000000 0 0 1 0 8 23 19 25 447 446 448 16 22 
22 4359 0.77514648437500000000 -0.03784179687500000000 0 0 1 0 8 25 23 27 448 447 450 21 449 
23 4360 0.77758789062500000000 -0.03540039062500000000 0 0 1 0 8 24 20 26 21 16 22 19 25 
24 4361 0.78002929687500000000 -0.03540039062500000000 0 0 1 0 8 42 36 44 23 19 25 20 26 
25 4362 0.77758789062500000000 -0.03784179687500000000 0 0 1 0 8 26 24 27 22 21 450 23 269 
26 4363 0.78002929687500000000 -0.03784179687500000000 0 0 1 0 8 44 42 269 25 23 27 24 450 
27 4364 0.77880859375000000000 -0.04150390625000000000 0 0 1 0 9 269 44 271 450 22 451 26 25 28 
28 4365 0.77880859375000000000 -0.04638671875000000000 0 0 1 0 8 271 269 277 451 450 452 27 29 
29 4366 0.77880859375000000000 -0.05126953125000000000 0 0 1 0 8 277 271 279 452 451 453 28 30 
30 4367 0.77880859375000000000 -0.05615234375000000000 0 0 1 0 8 279 277 301 453 452 454 29 31 
31 4368 0.77880859375000000000 -0.06103515625000000000 0 0 1 0 8 301 279 303 454 453 455 30 32 
32 4369 0.77880859375000000000 -0.06591796875000000000 0 0 1 0 8 303 301 309 455 454 456 31 457 
33 4370 0.79833984375000000000 -0.02685546875000000000 0 0 1 0 8 11 102 12 51 54 53 55 104 
34 4371 0.78247070312500000000 -0.03051757812500000000 0 0 1 0 7 35 37 18 14 20 13 36 
35 4372 0.78491210937500000000 -0.03051757812500000000 0 0 1 0 7 38 13 40 34 36 14 37 
36 4373 0.78247070312500000000 -0.03295898437500000000 0 0 1 0 8 37 35 43 20 18 24 34 42 
37 4374 0.78491210937500000000 -0.03295898437500000000 0 0 1 0 8 40 38 46 36 34 42 35 43 
38 4375 0.78735351562500000000 -0.03051757812500000000 0 0 1 0 7 39 13 41 35 37 12 40 
39 4376 0.78979492187500000000 -0.03051757812500000000 0 0 1 0 7 50 12 52 38 13 40 41 
40 4377 0.78735351562500000000 -0.03295898437500000000 0 0 1 0 8 41 39 47 37 35 43 38 46 
41 4378 0.78979492187500000000 -0.03295898437500000000 0 0 1 0 8 52 50 58 40 38 46 39 47 
42 4379 0.78247070312500000000 -0.03540039062500000000 0 0 1 0 8 43 37 45 24 20 26 36 44 
43 4380 0.78491210937500000000 -0.03540039062500000000 0 0 1 0 8 46 40 48 42 36 44 37 45 
44 4381 0.78247070312500000000 -0.03784179687500000000 0 0 1 0 8 45 43 269 26 24 27 42 270 
45 4382 0.78491210937500000000 -0.03784179687500000000 0 0 1 0 8 48 46 270 44 42 269 43 27 
46 4383 0.78735351562500000000 -0.03540039062500000000 0 0 1 0 8 47 41 49 43 37 45 40 48 
47 4384 0.78979492187500000000 -0.03540039062500000000 0 0 1 0 8 58 52 60 46 40 48 41 49 
48 4385 0.78735351562500000000 -0.03784179687500000000 0 0 1 0 8 49 47 270 45 43 269 46 273 
49 4386 0.78979492187500000000 -0.03784179687500000000 0 0 1 0 8 60 58 273 48 46 270 47 269 
50 4387 0.79223632812500000000 -0.03051757812500000000 0 0 1 0 8 51 12 53 39 13 41 33 52 
51 4388 0.79467773437500000000 -0.03051757812500000000 0 0 1 0 8 54 33 56 50 12 52 13 53 
52 4389 0.79223632812500000000 -0.03295898437500000000 0 0 1 0 8 53 51 59 41 39 47 50 58 
53 4390 0.79467773437500000000 -0.03295898437500000000 0 0 1 0 8 56 54 62 52 50 58 51 59 
54 4391 0.79711914062500000000 -0.03051757812500000000 0 0 1 0 8 55 33 57 51 12 53 11 56 
55 4392 0.79956054687500000000 -0.03051757812500000000 0 0 1 0 8 102 11 104 54 33 56 12 57 
56 4393 0.79711914062500000000 -0.03295898437500000000 0 0 1 0 8 57 55 63 53 51 59 54 62 
57 4394 0.79956054687500000000 -0.03295898437500000000 0 0 1 0 8 104 102 110 56 54 62 55 63 
58 4395 0.79223632812500000000 -0.03540039062500000000 0 0 1 0 8 59 53 61 47 41 49 52 60 
59 4396 0.79467773437500000000 -0.03540039062500000000 0 0 1 0 8 62 56 64 58 52 60 53 61 
60 4397 0.79223632812500000000 -0.03784179687500000000 0 0 1 0 8 61 59 273 49 47 270 58 274 
61 4398 0.79467773437500000000 -0.03784179687500000000 0 0 1 0 8 64 62 274 60 58 273 59 270 
62 4399 0.79711914062500000000 -0.03540039062500000000 0 0 1 0 8 63 57 65 59 53 61 56 64 
63 4400 0.79956054687500000000 -0.03540039062500000000 0 0 1 0 8 110 104 112 62 56 64 57 65 
64 4401 0.79711914062500000000 -0.03784179687500000000 0 0 1 0 8 65 63 274 61 59 273 62 285 
65 4402 0.79956054687500000000 -0.03784179687500000000 0 0 1 0 8 112 110 285 64 62 274 63 273 
66 4403 0.80688476562500000000 -0.02563476562500000000 0 0 1 0 6 106 10 67 69 11 68 
67 4404 0.80932617187500000000 -0.02563476562500000000 0 0 1 0 8 70 10 72 78 66 68 69 80 
68 4405 0.80688476562500000000 -0.02807617187500000000 0 0 1 0 7 69 67 107 11 66 106 103 
69 4406 0.80932617187500000000 -0.02807617187500000000 0 0 1 0 9 78 72 80 118 68 66 106 67 107 
70 4407 0.81115722656250000000 -0.02502441406250000000 0 0 1 0 6 71 10 73 67 69 72 
71 4408 0.81237792968750000000 -0.02502441406250000000 0 0 1 0 6 74 76 70 10 72 73 
72 4409 0.81115722656250000000 -0.02624511718750000000 0 0 1 0 7 73 71 79 67 69 70 78 
73 4410 0.81237792968750000000 -0.02624511718750000000 0 0 1 0 8 76 74 82 72 70 78 71 79 
74 4411 0.81359863281250000000 -0.02502441406250000000 0 0 1 0 7 76 77 75 10 71 73 9 
75 4412 0.81481933593750000000 -0.02502441406250000000 0 0 1 0 7 74 76 77 10 88 86 9 
76 4413 0.81359863281250000000 -0.02624511718750000000 0 0 1 0 8 77 75 83 73 71 79 74 82 
77 4414 0.81481933593750000000 -0.02624511718750000000 0 0 1 0 8 88 86 94 76 74 82 75 83 
78 4415 0.81115722656250000000 -0.02746582031250000000 0 0 1 0 8 79 73 81 69 67 107 72 80 
79 4416 0.81237792968750000000 -0.02746582031250000000 0 0 1 0 8 82 76 84 78 72 80 73 81 
80 4417 0.81115722656250000000 -0.02868652343750000000 0 0 1 0 8 81 79 118 69 67 107 78 119 
81 4418 0.81237792968750000000 -0.02868652343750000000 0 0 1 0 8 84 82 119 80 78 118 79 107 
82 4419 0.81359863281250000000 -0.02746582031250000000 0 0 1 0 8 83 77 85 79 73 81 76 84 
83 4420 0.81481933593750000000 -0.02746582031250000000 0 0 1 0 8 94 88 96 82 76 84 77 85 
84 4421 0.81359863281250000000 -0.02868652343750000000 0 0 1 0 8 85 83 119 81 79 118 82 122 
85 4422 0.81481933593750000000 -0.02868652343750000000 0 0 1 0 8 96 94 122 84 82 119 83 118 
86 4423 0.81604003906250000000 -0.02502441406250000000 0 0 1 0 6 87 89 75 77 9 88 
87 4424 0.81726074218750000000 -0.02502441406250000000 0 0 1 0 6 90 9 92 86 88 89 
88 4425 0.81604003906250000000 -0.02624511718750000000 0 0 1 0 8 89 87 95 77 75 83 86 94 
89 4426 0.81726074218750000000 -0.02624511718750000000 0 0 1 0 8 92 90 98 88 86 94 87 95 
90 4427 0.81848144531250000000 -0.02502441406250000000 0 0 1 0 7 91 9 93 87 89 8 92 
91 4428 0.81970214843750000000 -0.02502441406250000000 0 0 1 0 7 135 8 137 90 9 92 93 
92 4429 0.81848144531250000000 -0.02624511718750000000 0 0 1 0 8 93 91 99 89 87 95 90 98 
93 4430 0.81970214843750000000 -0.02624511718750000000 0 0 1 0 8 135 8 137 92 90 98 91 99 
94 4431 0.81604003906250000000 -0.02746582031250000000 0 0 1 0 8 95 89 97 83 77 85 88 96 
95 4432 0.81726074218750000000 -0.02746582031250000000 0 0 1 0 8 98 92 100 94 88 96 89 97 
96 4433 0.81604003906250000000 -0.02868652343750000000 0 0 1 0 8 97 95 122 85 83 119 94 123 
97 4434 0.81726074218750000000 -0.02868652343750000000 0 0 1 0 8 100 98 123 96 94 122 95 119 
98 4435 0.81848144531250000000 -0.02746582031250000000 0 0 1 0 8 99 93 101 95 89 97 92 100 
99 4436 0.81970214843750000000 -0.02746582031250000000 0 0 1 0 8 137 135 153 98 92 100 93 101 
100 4437 0.81848144531250000000 -0.02868652343750000000 0 0 1 0 8 101 99 123 97 95 122 98 153 
101 4438 0.81970214843750000000 -0.02868652343750000000 0 0 1 0 8 137 135 153 100 98 123 99 122 
102 4439 0.80200195312500000000 -0.03051757812500000000 0 0 1 0 7 103 11 105 55 33 57 104 
103 4440 0.80444335937500000000 -0.03051757812500000000 0 0 1 0 8 106 68 108 102 11 104 33 105 
104 4441 0.80200195312500000000 -0.03295898437500000000 0 0 1 0 8 105 103 111 57 55 63 102 110 
105 4442 0.80444335937500000000 -0.03295898437500000000 0 0 1 0 8 108 106 114 104 102 110 103 111 
106 4443 0.80688476562500000000 -0.03051757812500000000 0 0 1 0 8 107 69 109 103 11 105 68 108 
107 4444 0.80932617187500000000 -0.03051757812500000000 0 0 1 0 8 118 80 120 106 68 108 69 109 
108 4445 0.80688476562500000000 -0.03295898437500000000 0 0 1 0 8 109 107 115 105 103 111 106 114 
109 4446 0.80932617187500000000 -0.03295898437500000000 0 0 1 0 8 120 118 126 108 106 114 107 115 
110 4447 0.80200195312500000000 -0.03540039062500000000 0 0 1 0 8 111 105 113 63 57 65 104 112 
111 4448 0.80444335937500000000 -0.03540039062500000000 0 0 1 0 8 114 108 116 110 104 112 105 113 
112 4449 0.80200195312500000000 -0.03784179687500000000 0 0 1 0 8 113 111 285 65 63 274 110 286 
113 4450 0.80444335937500000000 -0.03784179687500000000 0 0 1 0 8 116 114 286 112 110 285 111 274 
114 4451 0.80688476562500000000 -0.03540039062500000000 0 0 1 0 8 115 109 117 111 105 113 108 116 
115 4452 0.80932617187500000000 -0.03540039062500000000 0 0 1 0 8 126 120 128 114 108 116 109 117 
116 4453 0.80688476562500000000 -0.03784179687500000000 0 0 1 0 8 117 115 286 113 111 285 114 289 
117 4454 0.80932617187500000000 -0.03784179687500000000 0 0 1 0 8 128 126 289 116 114 286 115 285 
118 4455 0.81176757812500000000 -0.03051757812500000000 0 0 1 0 9 119 84 121 107 69 109 81 80 120 
119 4456 0.81420898437500000000 -0.03051757812500000000 0 0 1 0 9 122 96 124 118 81 120 85 84 121 
120 4457 0.81176757812500000000 -0.03295898437500000000 0 0 1 0 8 121 119 127 109 107 115 118 126 
121 4458 0.81420898437500000000 -0.03295898437500000000 0 0 1 0 8 124 122 130 120 118 126 119 127 
122 4459 0.81665039062500000000 -0.03051757812500000000 0 0 1 0 9 123 100 125 119 85 121 97 96 124 
123 4460 0.81909179687500000000 -0.03051757812500000000 0 0 1 0 9 153 137 155 122 97 124 101 100 125 
124 4461 0.81665039062500000000 -0.03295898437500000000 0 0 1 0 8 125 123 131 121 119 127 122 130 
125 4462 0.81909179687500000000 -0.03295898437500000000 0 0 1 0 8 155 153 161 124 122 130 123 131 
126 4463 0.81176757812500000000 -0.03540039062500000000 0 0 1 0 8 127 121 129 115 109 117 120 128 
127 4464 0.81420898437500000000 -0.03540039062500000000 0 0 1 0 8 130 124 132 126 120 128 121 129 
128 4465 0.81176757812500000000 -0.03784179687500000000 0 0 1 0 8 129 127 289 117 115 286 126 290 
129 4466 0.81420898437500000000 -0.03784179687500000000 0 0 1 0 8 132 130 290 128 126 289 127 286 
130 4467 0.81665039062500000000 -0.03540039062500000000 0 0 1 0 8 131 125 133 127 121 129 124 132 
131 4468 0.81909179687500000000 -0.03540039062500000000 0 0 1 0 8 161 155 163 130 124 132 125 133 
132 4469 0.81665039062500000000 -0.03784179687500000000 0 0 1 0 8 133 131 290 129 127 289 130 332 
133 4470 0.81909179687500000000 -0.03784179687500000000 0 0 1 0 8 163 161 332 132 130 290 131 289 
134 4471 0.82397460937500000000 -0.02319335937500000000 0 0 1 0 5 7 8 135 136 139 
135 4472 0.82153320312500000000 -0.02563476562500000000 0 0 1 0 10 136 134 138 91 9 93 99 8 137 101 
136 4473 0.82397460937500000000 -0.02563476562500000000 0 0 1 0 8 139 7 141 135 8 137 134 138 
137 4474 0.82153320312500000000 -0.02807617187500000000 0 0 1 0 9 138 136 154 99 93 101 123 135 153 
138 4475 0.82397460937500000000 -0.02807617187500000000 0 0 1 0 8 141 139 157 137 135 153 136 154 
139 4476 0.82641601562500000000 -0.02563476562500000000 0 0 1 0 8 140 7 142 136 134 138 6 141 
140 4477 0.82885742187500000000 -0.02563476562500000000 0 0 1 0 7 145 6 147 139 7 141 142 
141 4478 0.82641601562500000000 -0.02807617187500000000 0 0 1 0 8 142 140 158 138 136 154 139 157 
142 4479 0.82885742187500000000 -0.02807617187500000000 0 0 1 0 8 147 145 169 141 139 157 140 158 
143 4480 0.83618164062500000000 -0.02319335937500000000 0 0 1 0 6 6 146 150 144 5 149 
144 4481 0.83862304687500000000 -0.02319335937500000000 0 0 1 0 7 185 5 189 143 149 150 191 
145 4482 0.83129882812500000000 -0.02563476562500000000 0 0 1 0 7 146 6 148 140 7 142 147 
146 4483 0.83374023437500000000 -0.02563476562500000000 0 0 1 0 8 149 143 151 145 6 147 7 148 
147 4484 0.83129882812500000000 -0.02807617187500000000 0 0 1 0 8 148 146 170 142 140 158 145 169 
148 4485 0.83374023437500000000 -0.02807617187500000000 0 0 1 0 8 151 149 173 147 145 169 146 170 
149 4486 0.83618164062500000000 -0.02563476562500000000 0 0 1 0 8 150 144 152 146 6 148 143 151 
150 4487 0.83862304687500000000 -0.02563476562500000000 0 0 1 0 10 189 185 191 197 149 143 151 144 152 199 
151 4488 0.83618164062500000000 -0.02807617187500000000 0 0 1 0 8 152 150 174 148 146 170 149 173 
152 4489 0.83862304687500000000 -0.02807617187500000000 0 0 1 0 9 197 191 199 237 151 149 173 150 174 
153 4490 0.82153320312500000000 -0.03051757812500000000 0 0 1 0 8 154 138 156 123 101 125 137 155 
154 4491 0.82397460937500000000 -0.03051757812500000000 0 0 1 0 8 157 141 159 153 137 155 138 156 
155 4492 0.82153320312500000000 -0.03295898437500000000 0 0 1 0 8 156 154 162 125 123 131 153 161 
156 4493 0.82397460937500000000 -0.03295898437500000000 0 0 1 0 8 159 157 165 155 153 161 154 162 
157 4494 0.82641601562500000000 -0.03051757812500000000 0 0 1 0 8 158 142 160 154 138 156 141 159 
158 4495 0.82885742187500000000 -0.03051757812500000000 0 0 1 0 8 169 147 171 157 141 159 142 160 
159 4496 0.82641601562500000000 -0.03295898437500000000 0 0 1 0 8 160 158 166 156 154 162 157 165 
160 4497 0.82885742187500000000 -0.03295898437500000000 0 0 1 0 8 171 169 177 159 157 165 158 166 
161 4498 0.82153320312500000000 -0.03540039062500000000 0 0 1 0 8 162 156 164 131 125 133 155 163 
162 4499 0.82397460937500000000 -0.03540039062500000000 0 0 1 0 8 165 159 167 161 155 163 156 164 
163 4500 0.82153320312500000000 -0.03784179687500000000 0 0 1 0 8 164 162 332 133 131 290 161 333 
164 4501 0.82397460937500000000 -0.03784179687500000000 0 0 1 0 8 167 165 333 163 161 332 162 290 
165 4502 0.82641601562500000000 -0.03540039062500000000 0 0 1 0 8 166 160 168 162 156 164 159 167 
166 4503 0.82885742187500000000 -0.03540039062500000000 0 0 1 0 8 177 171 179 165 159 167 160 168 
167 4504 0.82641601562500000000 -0.03784179687500000000 0 0 1 0 8 168 166 333 164 162 332 165 336 
168 4505 0.82885742187500000000 -0.03784179687500000000 0 0 1 0 8 179 177 336 167 165 333 166 332 
169 4506 0.83129882812500000000 -0.03051757812500000000 0 0 1 0 8 170 148 172 158 142 160 147 171 
170 4507 0.83374023437500000000 -0.03051757812500000000 0 0 1 0 8 173 151 175 169 147 171 148 172 
171 4508 0.83129882812500000000 -0.03295898437500000000 0 0 1 0 8 172 170 178 160 158 166 169 177 
172 4509 0.83374023437500000000 -0.03295898437500000000 0 0 1 0 8 175 173 181 171 169 177 170 178 
173 4510 0.83618164062500000000 -0.03051757812500000000 0 0 1 0 8 174 152 176 170 148 172 151 175 
174 4511 0.83862304687500000000 -0.03051757812500000000 0 0 1 0 8 237 199 239 173 151 175 152 176 
175 4512 0.83618164062500000000 -0.03295898437500000000 0 0 1 0 8 176 174 182 172 170 178 173 181 
176 4513 0.83862304687500000000 -0.03295898437500000000 0 0 1 0 8 239 237 245 175 173 181 174 182 
177 4514 0.83129882812500000000 -0.03540039062500000000 0 0 1 0 8 178 172 180 166 160 168 171 179 
178 4515 0.83374023437500000000 -0.03540039062500000000 0 0 1 0 8 181 175 183 177 171 179 172 180 
179 4516 0.83129882812500000000 -0.03784179687500000000 0 0 1 0 8 180 178 336 168 166 333 177 337 
180 4517 0.83374023437500000000 -0.03784179687500000000 0 0 1 0 8 183 181 337 179 177 336 178 333 
181 4518 0.83618164062500000000 -0.03540039062500000000 0 0 1 0 8 182 176 184 178 172 180 175 183 
182 4519 0.83862304687500000000 -0.03540039062500000000 0 0 1 0 8 245 239 247 181 175 183 176 184 
183 4520 0.83618164062500000000 -0.03784179687500000000 0 0 1 0 8 184 182 337 180 178 336 181 348 
184 4521 0.83862304687500000000 -0.03784179687500000000 0 0 1 0 8 247 245 348 183 181 337 182 336 
185 4522 0.84106445312500000000 -0.02319335937500000000 0 0 1 0 9 186 4 193 144 150 5 189 190 195 
186 4523 0.84350585937500000000 -0.02319335937500000000 0 0 1 0 11 187 3 205 185 5 190 4 193 192 194 207 
187 4524 0.84594726562500000000 -0.02319335937500000000 0 0 1 0 11 188 2 209 186 4 194 3 205 196 206 211 
188 4525 0.84838867187500000000 -0.02319335937500000000 0 0 1 0 10 223 221 229 187 3 206 2 209 208 210 
189 4526 0.84045410156250000000 -0.02502441406250000000 0 0 1 0 8 190 185 192 150 144 152 186 191 
190 4527 0.84167480468750000000 -0.02502441406250000000 0 0 1 0 8 193 186 195 189 185 191 144 192 
191 4528 0.84045410156250000000 -0.02624511718750000000 0 0 1 0 8 192 190 198 150 144 152 189 197 
192 4529 0.84167480468750000000 -0.02624511718750000000 0 0 1 0 8 195 193 201 191 189 197 190 198 
193 4530 0.84289550781250000000 -0.02502441406250000000 0 0 1 0 8 194 186 196 190 185 192 187 195 
194 4531 0.84411621093750000000 -0.02502441406250000000 0 0 1 0 8 205 187 207 193 186 195 185 196 
195 4532 0.84289550781250000000 -0.02624511718750000000 0 0 1 0 8 196 194 202 192 190 198 193 201 
196 4533 0.84411621093750000000 -0.02624511718750000000 0 0 1 0 8 207 205 213 195 193 201 194 202 
197 4534 0.84045410156250000000 -0.02746582031250000000 0 0 1 0 8 198 192 200 152 150 174 191 199 
198 4535 0.84167480468750000000 -0.02746582031250000000 0 0 1 0 8 201 195 203 197 191 199 192 200 
199 4536 0.84045410156250000000 -0.02868652343750000000 0 0 1 0 8 200 198 237 152 150 174 197 238 
200 4537 0.84167480468750000000 -0.02868652343750000000 0 0 1 0 8 203 201 238 199 197 237 198 174 
201 4538 0.84289550781250000000 -0.02746582031250000000 0 0 1 0 8 202 196 204 198 192 200 195 203 
202 4539 0.84411621093750000000 -0.02746582031250000000 0 0 1 0 8 213 207 215 201 195 203 196 204 
203 4540 0.84289550781250000000 -0.02868652343750000000 0 0 1 0 8 204 202 238 200 198 237 201 241 
204 4541 0.84411621093750000000 -0.02868652343750000000 0 0 1 0 8 215 213 241 203 201 238 202 237 
205 4542 0.84533691406250000000 -0.02502441406250000000 0 0 1 0 8 206 187 208 194 186 196 188 207 
206 4543 0.84655761718750000000 -0.02502441406250000000 0 0 1 0 8 209 188 211 205 187 207 186 208 
207 4544 0.84533691406250000000 -0.02624511718750000000 0 0 1 0 8 208 206 214 196 194 202 205 213 
208 4545 0.84655761718750000000 -0.02624511718750000000 0 0 1 0 8 211 209 217 207 205 213 206 214 
209 4546 0.84777832031250000000 -0.02502441406250000000 0 0 1 0 8 210 188 212 206 187 208 223 211 
210 4547 0.84899902343750000000 -0.02502441406250000000 0 0 1 0 8 229 223 231 209 188 211 187 212 
211 4548 0.84777832031250000000 -0.02624511718750000000 0 0 1 0 8 212 210 218 208 206 214 209 217 
212 4549 0.84899902343750000000 -0.02624511718750000000 0 0 1 0 8 229 223 231 211 209 217 210 218 
213 4550 0.84533691406250000000 -0.02746582031250000000 0 0 1 0 8 214 208 216 202 196 204 207 215 
214 4551 0.84655761718750000000 -0.02746582031250000000 0 0 1 0 8 217 211 219 213 207 215 208 216 
215 4552 0.84533691406250000000 -0.02868652343750000000 0 0 1 0 8 216 214 241 204 202 238 213 242 
216 4553 0.84655761718750000000 -0.02868652343750000000 0 0 1 0 8 219 217 242 215 213 241 214 238 
217 4554 0.84777832031250000000 -0.02746582031250000000 0 0 1 0 8 218 212 220 214 208 216 211 219 
218 4555 0.84899902343750000000 -0.02746582031250000000 0 0 1 0 8 231 229 253 217 211 219 212 220 
219 4556 0.84777832031250000000 -0.02868652343750000000 0 0 1 0 8 220 218 242 216 214 241 217 253 
220 4557 0.84899902343750000000 -0.02868652343750000000 0 0 1 0 8 231 229 253 219 217 242 218 241 
221 4558 0.85083007812500000000 -0.02075195312500000000 0 0 1 0 6 222 1 224 2 188 223 
222 4559 0.85327148437500000000 -0.02075195312500000000 0 0 1 0 6 225 227 221 1 223 224 
223 4560 0.85083007812500000000 -0.02319335937500000000 0 0 1 0 9 224 222 230 188 2 210 221 229 212 
224 4561 0.85327148437500000000 -0.02319335937500000000 0 0 1 0 8 227 225 233 223 221 229 222 230 
225 4562 0.85571289062500000000 -0.02075195312500000000 0 0 1 0 7 226 228 222 1 224 443 227 
226 4563 0.85815429687500000000 -0.02075195312500000000 0 0 1 0 7 461 443 462 225 227 1 228 
227 4564 0.85571289062500000000 -0.02319335937500000000 0 0 1 0 8 228 226 234 224 222 230 225 233 
228 4565 0.85815429687500000000 -0.02319335937500000000 0 0 1 0 8 462 461 463 227 225 233 226 234 
229 4566 0.85083007812500000000 -0.02563476562500000000 0 0 1 0 10 230 224 232 210 188 212 218 223 231 220 
230 4567 0.85327148437500000000 -0.02563476562500000000 0 0 1 0 8 233 227 235 229 223 231 224 232 
231 4568 0.85083007812500000000 -0.02807617187500000000 0 0 1 0 9 232 230 254 218 212 220 242 229 253 
232 4569 0.85327148437500000000 -0.02807617187500000000 0 0 1 0 8 235 233 257 231 229 253 230 254 
233 4570 0.85571289062500000000 -0.02563476562500000000 0 0 1 0 8 234 228 236 230 224 232 227 235 
234 4571 0.85815429687500000000 -0.02563476562500000000 0 0 1 0 8 463 462 464 233 227 235 228 236 
235 4572 0.85571289062500000000 -0.02807617187500000000 0 0 1 0 8 236 234 258 232 230 254 233 257 
236 4573 0.85815429687500000000 -0.02807617187500000000 0 0 1 0 8 464 463 465 235 233 257 234 258 
237 4574 0.84106445312500000000 -0.03051757812500000000 0 0 1 0 9 238 203 240 174 152 176 200 199 239 
238 4575 0.84350585937500000000 -0.03051757812500000000 0 0 1 0 9 241 215 243 237 200 239 204 203 240 
239 4576 0.84106445312500000000 -0.03295898437500000000 0 0 1 0 8 240 238 246 176 174 182 237 245 
240 4577 0.84350585937500000000 -0.03295898437500000000 0 0 1 0 8 243 241 249 239 237 245 238 246 
241 4578 0.84594726562500000000 -0.03051757812500000000 0 0 1 0 9 242 219 244 238 204 240 216 215 243 
242 4579 0.84838867187500000000 -0.03051757812500000000 0 0 1 0 9 253 231 255 241 216 243 220 219 244 
243 4580 0.84594726562500000000 -0.03295898437500000000 0 0 1 0 8 244 242 250 240 238 246 241 249 
244 4581 0.84838867187500000000 -0.03295898437500000000 0 0 1 0 8 255 253 261 243 241 249 242 250 
245 4582 0.84106445312500000000 -0.03540039062500000000 0 0 1 0 8 246 240 248 182 176 184 239 247 
246 4583 0.84350585937500000000 -0.03540039062500000000 0 0 1 0 8 249 243 251 245 239 247 240 248 
247 4584 0.84106445312500000000 -0.03784179687500000000 0 0 1 0 8 248 246 348 184 182 337 245 349 
248 4585 0.84350585937500000000 -0.03784179687500000000 0 0 1 0 8 251 249 349 247 245 348 246 337 
249 4586 0.84594726562500000000 -0.03540039062500000000 0 0 1 0 8 250 244 252 246 240 248 243 251 
250 4587 0.84838867187500000000 -0.03540039062500000000 0 0 1 0 8 261 255 263 249 243 251 244 252 
251 4588 0.84594726562500000000 -0.03784179687500000000 0 0 1 0 8 252 250 349 248 246 348 249 352 
252 4589 0.84838867187500000000 -0.03784179687500000000 0 0 1 0 8 263 261 352 251 249 349 250 348 
253 4590 0.85083007812500000000 -0.03051757812500000000 0 0 1 0 8 254 232 256 242 220 244 231 255 
254 4591 0.85327148437500000000 -0.03051757812500000000 0 0 1 0 8 257 235 259 253 231 255 232 256 
255 4592 0.85083007812500000000 -0.03295898437500000000 0 0 1 0 8 256 254 262 244 242 250 253 261 
256 4593 0.85327148437500000000 -0.03295898437500000000 0 0 1 0 8 259 257 265 255 253 261 254 262 
257 4594 0.85571289062500000000 -0.03051757812500000000 0 0 1 0 8 258 236 260 254 232 256 235 259 
258 4595 0.85815429687500000000 -0.03051757812500000000 0 0 1 0 8 465 464 466 257 235 259 236 260 
259 4596 0.85571289062500000000 -0.03295898437500000000 0 0 1 0 8 260 258 266 256 254 262 257 265 
260 4597 0.85815429687500000000 -0.03295898437500000000 0 0 1 0 8 466 465 467 259 257 265 258 266 
261 4598 0.85083007812500000000 -0.03540039062500000000 0 0 1 0 8 262 256 264 250 244 252 255 263 
262 4599 0.85327148437500000000 -0.03540039062500000000 0 0 1 0 8 265 259 267 261 255 263 256 264 
263 4600 0.85083007812500000000 -0.03784179687500000000 0 0 1 0 8 264 262 352 252 250 349 261 353 
264 4601 0.85327148437500000000 -0.03784179687500000000 0 0 1 0 8 267 265 353 263 261 352 262 349 
265 4602 0.85571289062500000000 -0.03540039062500000000 0 0 1 0 8 266 260 268 262 256 264 259 267 
266 4603 0.85815429687500000000 -0.03540039062500000000 0 0 1 0 8 467 466 468 265 259 267 260 268 
267 4604 0.85571289062500000000 -0.03784179687500000000 0 0 1 0 8 268 266 353 264 262 352 265 469 
268 4605 0.85815429687500000000 -0.03784179687500000000 0 0 1 0 8 468 467 469 267 265 353 266 352 
269 4606 0.78369140625000000000 -0.04150390625000000000 0 0 1 0 9 270 48 272 27 26 28 45 44 271 
270 4607 0.78857421875000000000 -0.04150390625000000000 0 0 1 0 9 273 60 275 269 45 271 49 48 272 
271 4608 0.78369140625000000000 -0.04638671875000000000 0 0 1 0 8 272 270 278 28 27 29 269 277 
272 4609 0.78857421875000000000 -0.04638671875000000000 0 0 1 0 8 275 273 281 271 269 277 270 278 
273 4610 0.79345703125000000000 -0.04150390625000000000 0 0 1 0 9 274 64 276 270 49 272 61 60 275 
274 4611 0.79833984375000000000 -0.04150390625000000000 0 0 1 0 9 285 112 287 273 61 275 65 64 276 
275 4612 0.79345703125000000000 -0.04638671875000000000 0 0 1 0 8 276 274 282 272 270 278 273 281 
276 4613 0.79833984375000000000 -0.04638671875000000000 0 0 1 0 8 287 285 293 275 273 281 274 282 
277 4614 0.78369140625000000000 -0.05126953125000000000 0 0 1 0 8 278 272 280 29 28 30 271 279 
278 4615 0.78857421875000000000 -0.05126953125000000000 0 0 1 0 8 281 275 283 277 271 279 272 280 
279 4616 0.78369140625000000000 -0.05615234375000000000 0 0 1 0 8 280 278 302 30 29 31 277 301 
280 4617 0.78857421875000000000 -0.05615234375000000000 0 0 1 0 8 283 281 305 279 277 301 278 302 
281 4618 0.79345703125000000000 -0.05126953125000000000 0 0 1 0 8 282 276 284 278 272 280 275 283 
282 4619 0.79833984375000000000 -0.05126953125000000000 0 0 1 0 8 293 287 295 281 275 283 276 284 
283 4620 0.79345703125000000000 -0.05615234375000000000 0 0 1 0 8 284 282 306 280 278 302 281 305 
284 4621 0.79833984375000000000 -0.05615234375000000000 0 0 1 0 8 295 293 316 283 281 305 282 306 
285 4622 0.80322265625000000000 -0.04150390625000000000 0 0 1 0 9 286 116 288 274 65 276 113 112 287 
286 4623 0.80810546875000000000 -0.04150390625000000000 0 0 1 0 9 289 128 291 285 113 287 117 116 288 
287 4624 0.80322265625000000000 -0.04638671875000000000 0 0 1 0 8 288 286 294 276 274 282 285 293 
288 4625 0.80810546875000000000 -0.04638671875000000000 0 0 1 0 8 291 289 297 287 285 293 286 294 
289 4626 0.81298828125000000000 -0.04150390625000000000 0 0 1 0 9 290 132 292 286 117 288 129 128 291 
290 4627 0.81787109375000000000 -0.04150390625000000000 0 0 1 0 9 332 163 334 289 129 291 133 132 292 
291 4628 0.81298828125000000000 -0.04638671875000000000 0 0 1 0 8 292 290 298 288 286 294 289 297 
292 4629 0.81787109375000000000 -0.04638671875000000000 0 0 1 0 8 334 332 340 291 289 297 290 298 
293 4630 0.80322265625000000000 -0.05126953125000000000 0 0 1 0 8 294 288 296 282 276 284 287 295 
294 4631 0.80810546875000000000 -0.05126953125000000000 0 0 1 0 8 297 291 299 293 287 295 288 296 
295 4632 0.80322265625000000000 -0.05615234375000000000 0 0 1 0 8 296 294 317 284 282 306 293 316 
296 4633 0.80810546875000000000 -0.05615234375000000000 0 0 1 0 8 299 297 320 295 293 316 294 317 
297 4634 0.81298828125000000000 -0.05126953125000000000 0 0 1 0 8 298 292 300 294 288 296 291 299 
298 4635 0.81787109375000000000 -0.05126953125000000000 0 0 1 0 8 340 334 342 297 291 299 292 300 
299 4636 0.81298828125000000000 -0.05615234375000000000 0 0 1 0 8 300 298 321 296 294 317 297 320 
300 4637 0.81787109375000000000 -0.05615234375000000000 0 0 1 0 8 342 340 364 299 297 320 298 321 
301 4638 0.78369140625000000000 -0.06103515625000000000 0 0 1 0 8 302 280 304 31 30 32 279 303 
302 4639 0.78857421875000000000 -0.06103515625000000000 0 0 1 0 8 305 283 307 301 279 303 280 304 
303 4640 0.78369140625000000000 -0.06591796875000000000 0 0 1 0 8 304 302 310 32 31 457 301 309 
304 4641 0.78857421875000000000 -0.06591796875000000000 0 0 1 0 8 307 305 312 303 301 309 302 310 
305 4642 0.79345703125000000000 -0.06103515625000000000 0 0 1 0 8 306 284 308 302 280 304 283 307 
306 4643 0.79833984375000000000 -0.06103515625000000000 0 0 1 0 8 316 295 318 305 283 307 284 308 
307 4644 0.79345703125000000000 -0.06591796875000000000 0 0 1 0 8 308 306 313 304 302 310 305 312 
308 4645 0.79833984375000000000 -0.06591796875000000000 0 0 1 0 8 318 316 324 307 305 312 306 313 
309 4646 0.78369140625000000000 -0.07080078125000000000 0 0 1 0 8 310 304 311 457 32 458 303 460 
310 4647 0.78857421875000000000 -0.07080078125000000000 0 0 1 0 8 312 307 314 309 303 460 304 311 
311 4648 0.78857421875000000000 -0.07568359375000000000 0 0 1 0 8 314 312 409 460 309 483 310 459 
312 4649 0.79345703125000000000 -0.07080078125000000000 0 0 1 0 8 313 308 315 310 304 311 307 314 
313 4650 0.79833984375000000000 -0.07080078125000000000 0 0 1 0 8 324 318 326 312 307 314 308 315 
314 4651 0.79345703125000000000 -0.07568359375000000000 0 0 1 0 8 315 313 409 311 310 483 312 410 
315 4652 0.79833984375000000000 -0.07568359375000000000 0 0 1 0 8 326 324 410 314 312 409 313 483 
316 4653 0.80322265625000000000 -0.06103515625000000000 0 0 1 0 8 317 296 319 306 284 308 295 318 
317 4654 0.80810546875000000000 -0.06103515625000000000 0 0 1 0 8 320 299 322 316 295 318 296 319 
318 4655 0.80322265625000000000 -0.06591796875000000000 0 0 1 0 8 319 317 325 308 306 313 316 324 
319 4656 0.80810546875000000000 -0.06591796875000000000 0 0 1 0 8 322 320 328 318 316 324 317 325 
320 4657 0.81298828125000000000 -0.06103515625000000000 0 0 1 0 8 321 300 323 317 296 319 299 322 
321 4658 0.81787109375000000000 -0.06103515625000000000 0 0 1 0 8 364 342 366 320 299 322 300 323 
322 4659 0.81298828125000000000 -0.06591796875000000000 0 0 1 0 8 323 321 329 319 317 325 320 328 
323 4660 0.81787109375000000000 -0.06591796875000000000 0 0 1 0 8 366 364 372 322 320 328 321 329 
324 4661 0.80322265625000000000 -0.07080078125000000000 0 0 1 0 8 325 319 327 313 308 315 318 326 
325 4662 0.80810546875000000000 -0.07080078125000000000 0 0 1 0 8 328 322 330 324 318 326 319 327 
326 4663 0.80322265625000000000 -0.07568359375000000000 0 0 1 0 8 327 325 410 315 313 409 324 411 
327 4664 0.80810546875000000000 -0.07568359375000000000 0 0 1 0 8 330 328 411 326 324 410 325 409 
328 4665 0.81298828125000000000 -0.07080078125000000000 0 0 1 0 8 329 323 331 325 319 327 322 330 
329 4666 0.81787109375000000000 -0.07080078125000000000 0 0 1 0 8 372 366 374 328 322 330 323 331 
330 4667 0.81298828125000000000 -0.07568359375000000000 0 0 1 0 8 331 329 411 327 325 410 328 415 
331 4668 0.81787109375000000000 -0.07568359375000000000 0 0 1 0 8 374 372 415 330 328 411 329 410 
332 4669 0.82275390625000000000 -0.04150390625000000000 0 0 1 0 9 333 167 335 290 133 292 164 163 334 
333 4670 0.82763671875000000000 -0.04150390625000000000 0 0 1 0 9 336 179 338 332 164 334 168 167 335 
334 4671 0.82275390625000000000 -0.04638671875000000000 0 0 1 0 8 335 333 341 292 290 298 332 340 
335 4672 0.82763671875000000000 -0.04638671875000000000 0 0 1 0 8 338 336 344 334 332 340 333 341 
336 4673 0.83251953125000000000 -0.04150390625000000000 0 0 1 0 9 337 183 339 333 168 335 180 179 338 
337 4674 0.83740234375000000000 -0.04150390625000000000 0 0 1 0 9 348 247 350 336 180 338 184 183 339 
338 4675 0.83251953125000000000 -0.04638671875000000000 0 0 1 0 8 339 337 345 335 333 341 336 344 
339 4676 0.83740234375000000000 -0.04638671875000000000 0 0 1 0 8 350 348 356 338 336 344 337 345 
340 4677 0.82275390625000000000 -0.05126953125000000000 0 0 1 0 8 341 335 343 298 292 300 334 342 
341 4678 0.82763671875000000000 -0.05126953125000000000 0 0 1 0 8 344 338 346 340 334 342 335 343 
342 4679 0.82275390625000000000 -0.05615234375000000000 0 0 1 0 8 343 341 365 300 298 321 340 364 
343 4680 0.82763671875000000000 -0.05615234375000000000 0 0 1 0 8 346 344 368 342 340 364 341 365 
344 4681 0.83251953125000000000 -0.05126953125000000000 0 0 1 0 8 345 339 347 341 335 343 338 346 
345 4682 0.83740234375000000000 -0.05126953125000000000 0 0 1 0 8 356 350 358 344 338 346 339 347 
346 4683 0.83251953125000000000 -0.05615234375000000000 0 0 1 0 8 347 345 369 343 341 365 344 368 
347 4684 0.83740234375000000000 -0.05615234375000000000 0 0 1 0 8 358 356 380 346 344 368 345 369 
348 4685 0.84228515625000000000 -0.04150390625000000000 0 0 1 0 9 349 251 351 337 184 339 248 247 350 
349 4686 0.84716796875000000000 -0.04150390625000000000 0 0 1 0 9 352 263 354 348 248 350 252 251 351 
350 4687 0.84228515625000000000 -0.04638671875000000000 0 0 1 0 8 351 349 357 339 337 345 348 356 
351 4688 0.84716796875000000000 -0.04638671875000000000 0 0 1 0 8 354 352 360 350 348 356 349 357 
352 4689 0.85205078125000000000 -0.04150390625000000000 0 0 1 0 9 353 267 355 349 252 351 264 263 354 
353 4690 0.85693359375000000000 -0.04150390625000000000 0 0 1 0 9 469 468 396 352 264 354 268 267 355 
354 4691 0.85205078125000000000 -0.04638671875000000000 0 0 1 0 8 355 353 361 351 349 357 352 360 
355 4692 0.85693359375000000000 -0.04638671875000000000 0 0 1 0 8 396 469 397 354 352 360 353 361 
356 4693 0.84228515625000000000 -0.05126953125000000000 0 0 1 0 8 357 351 359 345 339 347 350 358 
357 4694 0.84716796875000000000 -0.05126953125000000000 0 0 1 0 8 360 354 362 356 350 358 351 359 
358 4695 0.84228515625000000000 -0.05615234375000000000 0 0 1 0 8 359 357 381 347 345 369 356 380 
359 4696 0.84716796875000000000 -0.05615234375000000000 0 0 1 0 8 362 360 384 358 356 380 357 381 
360 4697 0.85205078125000000000 -0.05126953125000000000 0 0 1 0 8 361 355 363 357 351 359 354 362 
361 4698 0.85693359375000000000 -0.05126953125000000000 0 0 1 0 8 397 396 398 360 354 362 355 363 
362 4699 0.85205078125000000000 -0.05615234375000000000 0 0 1 0 8 363 361 385 359 357 381 360 384 
363 4700 0.85693359375000000000 -0.05615234375000000000 0 0 1 0 8 398 397 399 362 360 384 361 385 
364 4701 0.82275390625000000000 -0.06103515625000000000 0 0 1 0 8 365 343 367 321 300 323 342 366 
365 4702 0.82763671875000000000 -0.06103515625000000000 0 0 1 0 8 368 346 370 364 342 366 343 367 
366 4703 0.82275390625000000000 -0.06591796875000000000 0 0 1 0 8 367 365 373 323 321 329 364 372 
367 4704 0.82763671875000000000 -0.06591796875000000000 0 0 1 0 8 370 368 376 366 364 372 365 373 
368 4705 0.83251953125000000000 -0.06103515625000000000 0 0 1 0 8 369 347 371 365 343 367 346 370 
369 4706 0.83740234375000000000 -0.06103515625000000000 0 0 1 0 8 380 358 382 368 346 370 347 371 
370 4707 0.83251953125000000000 -0.06591796875000000000 0 0 1 0 8 371 369 377 367 365 373 368 376 
371 4708 0.83740234375000000000 -0.06591796875000000000 0 0 1 0 8 382 380 388 370 368 376 369 377 
372 4709 0.82275390625000000000 -0.07080078125000000000 0 0 1 0 8 373 367 375 329 323 331 366 374 
373 4710 0.82763671875000000000 -0.07080078125000000000 0 0 1 0 8 376 370 378 372 366 374 367 375 
374 4711 0.82275390625000000000 -0.07568359375000000000 0 0 1 0 8 375 373 415 331 329 411 372 416 
375 4712 0.82763671875000000000 -0.07568359375000000000 0 0 1 0 8 378 376 416 374 372 415 373 411 
376 4713 0.83251953125000000000 -0.07080078125000000000 0 0 1 0 8 377 371 379 373 367 375 370 378 
377 4714 0.83740234375000000000 -0.07080078125000000000 0 0 1 0 8 388 382 390 376 370 378 371 379 
378 4715 0.83251953125000000000 -0.07568359375000000000 0 0 1 0 8 379 377 416 375 373 415 376 419 
379 4716 0.83740234375000000000 -0.07568359375000000000 0 0 1 0 8 390 388 419 378 376 416 377 415 
380 4717 0.84228515625000000000 -0.06103515625000000000 0 0 1 0 8 381 359 383 369 347 371 358 382 
381 4718 0.84716796875000000000 -0.06103515625000000000 0 0 1 0 8 384 362 386 380 358 382 359 383 
382 4719 0.84228515625000000000 -0.06591796875000000000 0 0 1 0 8 383 381 389 371 369 377 380 388 
383 4720 0.84716796875000000000 -0.06591796875000000000 0 0 1 0 8 386 384 392 382 380 388 381 389 
384 4721 0.85205078125000000000 -0.06103515625000000000 0 0 1 0 8 385 363 387 381 359 383 362 386 
385 4722 0.85693359375000000000 -0.06103515625000000000 0 0 1 0 8 399 398 400 384 362 386 363 387 
386 4723 0.85205078125000000000 -0.06591796875000000000 0 0 1 0 8 387 385 393 383 381 389 384 392 
387 4724 0.85693359375000000000 -0.06591796875000000000 0 0 1 0 8 400 399 402 386 384 392 385 393 
388 4725 0.84228515625000000000 -0.07080078125000000000 0 0 1 0 8 389 383 391 377 371 379 382 390 
389 4726 0.84716796875000000000 -0.07080078125000000000 0 0 1 0 8 392 386 394 388 382 390 383 391 
390 4727 0.84228515625000000000 -0.07568359375000000000 0 0 1 0 8 391 389 419 379 377 416 388 420 
391 4728 0.84716796875000000000 -0.07568359375000000000 0 0 1 0 8 394 392 420 390 388 419 389 416 
392 4729 0.85205078125000000000 -0.07080078125000000000 0 0 1 0 8 393 387 395 389 383 391 386 394 
393 4730 0.85693359375000000000 -0.07080078125000000000 0 0 1 0 8 402 400 404 392 386 394 387 395 
394 4731 0.85205078125000000000 -0.07568359375000000000 0 0 1 0 8 395 393 420 391 389 419 392 434 
395 4732 0.85693359375000000000 -0.07568359375000000000 0 0 1 0 8 404 402 434 394 392 420 393 419 
396 4733 0.86181640625000000000 -0.04638671875000000000 0 0 1 0 8 471 470 472 355 353 361 469 397 
397 4734 0.86181640625000000000 -0.05126953125000000000 0 0 1 0 8 472 471 473 361 355 363 396 398 
398 4735 0.86181640625000000000 -0.05615234375000000000 0 0 1 0 8 473 472 474 363 361 385 397 399 
399 4736 0.86181640625000000000 -0.06103515625000000000 0 0 1 0 8 474 473 401 385 363 387 398 400 
400 4737 0.86181640625000000000 -0.06591796875000000000 0 0 1 0 8 401 474 403 387 385 393 399 402 
401 4738 0.86669921875000000000 -0.06591796875000000000 0 0 1 0 8 476 475 406 400 399 402 474 403 
402 4739 0.86181640625000000000 -0.07080078125000000000 0 0 1 0 8 403 401 405 393 387 395 400 404 
403 4740 0.86669921875000000000 -0.07080078125000000000 0 0 1 0 8 406 476 407 402 400 404 401 405 
404 4741 0.86181640625000000000 -0.07568359375000000000 0 0 1 0 8 405 403 434 395 393 420 402 435 
405 4742 0.86669921875000000000 -0.07568359375000000000 0 0 1 0 8 407 406 435 404 402 434 403 420 
406 4743 0.87158203125000000000 -0.07080078125000000000 0 0 1 0 8 478 477 408 403 401 405 476 407 
407 4744 0.87158203125000000000 -0.07568359375000000000 0 0 1 0 8 408 478 435 405 403 434 406 438 
408 4745 0.87646484375000000000 -0.07568359375000000000 0 0 1 0 8 480 479 438 407 406 435 478 434 
409 4746 0.79589843750000000000 -0.08300781250000000000 0 0 1 0 9 410 326 412 483 311 484 315 314 485 
410 4747 0.80566406250000000000 -0.08300781250000000000 0 0 1 0 9 411 330 413 409 315 485 327 326 412 
411 4748 0.81542968750000000000 -0.08300781250000000000 0 0 1 0 9 415 374 417 410 327 412 331 330 413 
412 4749 0.80566406250000000000 -0.09277343750000000000 0 0 1 0 8 413 411 414 485 409 486 410 487 
413 4750 0.81542968750000000000 -0.09277343750000000000 0 0 1 0 8 417 415 423 412 410 487 411 414 
414 4751 0.81542968750000000000 -0.10253906250000000000 0 0 1 0 8 423 417 425 487 412 488 413 489 
415 4752 0.82519531250000000000 -0.08300781250000000000 0 0 1 0 9 416 378 418 411 331 413 375 374 417 
416 4753 0.83496093750000000000 -0.08300781250000000000 0 0 1 0 9 419 390 421 415 375 417 379 378 418 
417 4754 0.82519531250000000000 -0.09277343750000000000 0 0 1 0 8 418 416 424 413 411 414 415 423 
418 4755 0.83496093750000000000 -0.09277343750000000000 0 0 1 0 8 421 419 427 417 415 423 416 424 
419 4756 0.84472656250000000000 -0.08300781250000000000 0 0 1 0 9 420 394 422 416 379 418 391 390 421 
420 4757 0.85449218750000000000 -0.08300781250000000000 0 0 1 0 9 434 404 436 419 391 421 395 394 422 
421 4758 0.84472656250000000000 -0.09277343750000000000 0 0 1 0 8 422 420 428 418 416 424 419 427 
422 4759 0.85449218750000000000 -0.09277343750000000000 0 0 1 0 8 436 434 440 421 419 427 420 428 
423 4760 0.82519531250000000000 -0.10253906250000000000 0 0 1 0 8 424 418 426 414 413 489 417 425 
424 4761 0.83496093750000000000 -0.10253906250000000000 0 0 1 0 8 427 421 429 423 417 425 418 426 
425 4762 0.82519531250000000000 -0.11230468750000000000 0 0 1 0 8 426 424 431 489 414 490 423 491 
426 4763 0.83496093750000000000 -0.11230468750000000000 0 0 1 0 8 429 427 432 425 423 491 424 431 
427 4764 0.84472656250000000000 -0.10253906250000000000 0 0 1 0 8 428 422 430 424 418 426 421 429 
428 4765 0.85449218750000000000 -0.10253906250000000000 0 0 1 0 8 440 436 442 427 421 429 422 430 
429 4766 0.84472656250000000000 -0.11230468750000000000 0 0 1 0 8 430 428 433 426 424 431 427 432 
430 4767 0.85449218750000000000 -0.11230468750000000000 0 0 1 0 8 442 440 502 429 427 432 428 433 
431 4768 0.83496093750000000000 -0.12207031250000000000 0 0 1 0 8 432 429 494 491 425 492 426 493 
432 4769 0.84472656250000000000 -0.12207031250000000000 0 0 1 0 8 433 430 495 431 426 493 429 494 
433 4770 0.85449218750000000000 -0.12207031250000000000 0 0 1 0 8 502 442 504 432 429 494 430 495 
434 4771 0.86425781250000000000 -0.08300781250000000000 0 0 1 0 9 435 407 437 420 395 422 405 404 436 
435 4772 0.87402343750000000000 -0.08300781250000000000 0 0 1 0 9 438 480 439 434 405 436 408 407 437 
436 4773 0.86425781250000000000 -0.09277343750000000000 0 0 1 0 8 437 435 441 422 420 428 434 440 
437 4774 0.87402343750000000000 -0.09277343750000000000 0 0 1 0 8 439 438 499 436 434 440 435 441 
438 4775 0.88378906250000000000 -0.08300781250000000000 0 0 1 0 9 496 482 497 435 408 437 481 480 439 
439 4776 0.88378906250000000000 -0.09277343750000000000 0 0 1 0 8 497 496 500 437 435 441 438 499 
440 4777 0.86425781250000000000 -0.10253906250000000000 0 0 1 0 8 441 437 498 428 422 430 436 442 
441 4778 0.87402343750000000000 -0.10253906250000000000 0 0 1 0 8 499 439 501 440 436 442 437 498 
442 4779 0.86425781250000000000 -0.11230468750000000000 0 0 1 0 8 498 441 503 430 428 433 440 502 
