443 17185 4.68750000000000000000 5.31250000000000000000 
444 17186 5.62500000000000000000 9.37500000000000000000 
445 17187 5.62500000000000000000 8.12500000000000000000 
446 17189 5.93750000000000000000 7.18750000000000000000 
447 17191 5.93750000000000000000 6.56250000000000000000 
448 17192 5.31250000000000000000 5.93750000000000000000 
449 17193 5.93750000000000000000 5.93750000000000000000 
450 17194 5.31250000000000000000 5.31250000000000000000 
451 17277 4.84375000000000000000 4.84375000000000000000 
452 17278 4.53125000000000000000 4.53125000000000000000 
453 17279 4.84375000000000000000 4.53125000000000000000 
454 17281 4.21875000000000000000 4.21875000000000000000 
455 17282 3.90625000000000000000 3.90625000000000000000 
456 17283 4.21875000000000000000 3.90625000000000000000 
457 17284 4.53125000000000000000 4.21875000000000000000 
458 17290 3.59375000000000000000 3.59375000000000000000 
459 17291 3.28125000000000000000 3.28125000000000000000 
460 17292 3.59375000000000000000 3.28125000000000000000 
461 17294 2.96875000000000000000 2.96875000000000000000 
462 16038 2.65625000000000000000 2.65625000000000000000 
463 17295 2.96875000000000000000 2.65625000000000000000 
464 17296 3.28125000000000000000 2.96875000000000000000 
465 17297 3.90625000000000000000 3.59375000000000000000 
466 16458 2.42187500000000000000 0.39062500000000000000 
467 16464 2.42187500000000000000 0.23437500000000000000 
468 16465 2.26562500000000000000 0.07812500000000000000 
469 16466 2.42187500000000000000 0.07812500000000000000 
470 16467 2.65625000000000000000 2.34375000000000000000 
471 16468 2.65625000000000000000 2.03125000000000000000 
472 16469 2.65625000000000000000 1.71875000000000000000 
473 16470 2.65625000000000000000 1.40625000000000000000 
474 16471 2.65625000000000000000 1.09375000000000000000 
475 16472 2.65625000000000000000 0.78125000000000000000 
476 16473 2.65625000000000000000 0.46875000000000000000 
477 16474 2.10937500000000000000 -0.07812500000000000000 
478 13801 2.10937500000000000000 -0.23437500000000000000 
479 16475 2.26562500000000000000 -0.07812500000000000000 
480 13802 1.95312500000000000000 -0.39062500000000000000 
481 13803 2.10937500000000000000 -0.39062500000000000000 
482 13804 1.95312500000000000000 -0.54687500000000000000 
483 13828 1.83593750000000000000 -0.74218750000000000000 
484 13834 1.83593750000000000000 -0.82031250000000000000 
485 13835 1.75781250000000000000 -0.89843750000000000000 
486 13836 1.83593750000000000000 -0.89843750000000000000 
487 13848 1.36718750000000000000 -1.21093750000000000000 
488 13850 1.52343750000000000000 -1.13281250000000000000 
489 13851 1.44531250000000000000 -1.21093750000000000000 
490 13852 1.52343750000000000000 -1.21093750000000000000 
491 13854 1.67968750000000000000 -0.97656250000000000000 
492 13855 1.60156250000000000000 -1.05468750000000000000 
493 13856 1.67968750000000000000 -1.05468750000000000000 
494 13857 1.75781250000000000000 -0.97656250000000000000 
495 13858 1.60156250000000000000 -1.13281250000000000000 
496 13859 1.95312500000000000000 -0.70312500000000000000 
497 13873 1.17187500000000000000 -1.32812500000000000000 
498 13874 1.01562500000000000000 -1.48437500000000000000 
499 13875 1.17187500000000000000 -1.48437500000000000000 
500 15466 1.01562500000000000000 -1.64062500000000000000 
501 15467 1.01562500000000000000 -1.79687500000000000000 
502 15488 1.01562500000000000000 -1.95312500000000000000 
503 15489 1.17187500000000000000 -1.95312500000000000000 
504 15491 1.17187500000000000000 -2.10937500000000000000 
505 15497 1.17187500000000000000 -2.26562500000000000000 
506 15499 1.17187500000000000000 -2.42187500000000000000 
507 13876 1.32812500000000000000 -1.32812500000000000000 
508 15505 1.09375000000000000000 -2.65625000000000000000 
509 15507 1.09375000000000000000 -2.96875000000000000000 
510 15516 1.40625000000000000000 -2.96875000000000000000 
511 15517 1.40625000000000000000 -3.28125000000000000000 
512 15518 1.71875000000000000000 -3.28125000000000000000 
513 15520 1.71875000000000000000 -3.59375000000000000000 
514 15521 2.03125000000000000000 -3.59375000000000000000 
515 15542 2.03125000000000000000 -3.90625000000000000000 
516 15543 2.34375000000000000000 -3.90625000000000000000 
517 15545 2.34375000000000000000 -4.21875000000000000000 
518 15554 2.65625000000000000000 -4.21875000000000000000 
519 15555 2.65625000000000000000 -4.53125000000000000000 
520 15556 2.96875000000000000000 -4.53125000000000000000 
521 15558 2.96875000000000000000 -4.84375000000000000000 
522 15575 2.81250000000000000000 -5.31250000000000000000 
523 15576 2.81250000000000000000 -5.93750000000000000000 
524 15577 3.43750000000000000000 -5.93750000000000000000 
525 15579 3.43750000000000000000 -6.56250000000000000000 
526 15582 4.06250000000000000000 -6.56250000000000000000 
527 15583 4.06250000000000000000 -7.18750000000000000000 
528 15584 4.68750000000000000000 -7.18750000000000000000 
529 15590 4.37500000000000000000 -8.12500000000000000000 
530 15592 4.37500000000000000000 -9.37500000000000000000 
