425 15161 -8.75000000000000000000 1.25000000000000000000 
426 15162 -6.87500000000000000000 1.87500000000000000000 
427 15163 -5.62500000000000000000 1.87500000000000000000 
428 15164 -6.87500000000000000000 0.62500000000000000000 
429 15165 -5.62500000000000000000 0.62500000000000000000 
430 15166 -4.68750000000000000000 1.56250000000000000000 
431 15167 -4.06250000000000000000 1.56250000000000000000 
432 15168 -3.43750000000000000000 1.56250000000000000000 
433 15169 -2.81250000000000000000 1.56250000000000000000 
434 15175 -2.81250000000000000000 0.93750000000000000000 
435 16476 -0.23437500000000000000 1.32812500000000000000 
436 16477 -0.07812500000000000000 1.32812500000000000000 
437 15178 -2.34375000000000000000 1.09375000000000000000 
438 15179 -2.34375000000000000000 0.78125000000000000000 
439 15180 -2.03125000000000000000 0.78125000000000000000 
440 16478 -1.40625000000000000000 0.78125000000000000000 
441 15182 -2.03125000000000000000 0.46875000000000000000 
442 15185 -1.71875000000000000000 0.46875000000000000000 
443 16479 -1.40625000000000000000 0.46875000000000000000 
444 16480 -1.17187500000000000000 1.01562500000000000000 
445 16481 -1.01562500000000000000 1.01562500000000000000 
446 16482 -0.85937500000000000000 1.01562500000000000000 
447 16483 -0.70312500000000000000 1.01562500000000000000 
448 16484 -1.17187500000000000000 0.85937500000000000000 
449 16486 -1.17187500000000000000 0.70312500000000000000 
450 16492 -0.35156250000000000000 1.21093750000000000000 
451 16493 -0.42968750000000000000 1.13281250000000000000 
452 16494 -0.35156250000000000000 1.13281250000000000000 
453 16495 -0.58593750000000000000 1.05468750000000000000 
454 16496 -0.50781250000000000000 1.05468750000000000000 
455 16497 -0.58593750000000000000 0.97656250000000000000 
456 16499 -0.42968750000000000000 1.05468750000000000000 
457 16503 -0.27343750000000000000 1.21093750000000000000 
458 16505 -0.27343750000000000000 1.13281250000000000000 
459 15593 6.87500000000000000000 9.37500000000000000000 
460 15594 6.87500000000000000000 8.12500000000000000000 
461 15599 6.56250000000000000000 7.18750000000000000000 
462 15601 6.56250000000000000000 6.56250000000000000000 
463 15603 5.93750000000000000000 5.31250000000000000000 
464 15604 6.56250000000000000000 5.93750000000000000000 
465 15606 6.56250000000000000000 5.31250000000000000000 
466 16035 1.71875000000000000000 2.65625000000000000000 
467 16036 2.03125000000000000000 2.65625000000000000000 
468 16037 2.34375000000000000000 2.65625000000000000000 
469 15612 4.84375000000000000000 4.21875000000000000000 
470 15613 4.53125000000000000000 3.90625000000000000000 
471 15614 4.84375000000000000000 3.90625000000000000000 
472 16038 2.65625000000000000000 2.65625000000000000000 
473 15615 3.59375000000000000000 2.96875000000000000000 
474 15616 3.28125000000000000000 2.65625000000000000000 
475 15617 3.59375000000000000000 2.65625000000000000000 
476 15618 4.21875000000000000000 3.59375000000000000000 
477 15619 3.90625000000000000000 3.28125000000000000000 
478 15620 4.21875000000000000000 3.28125000000000000000 
479 15621 4.53125000000000000000 3.59375000000000000000 
480 15625 3.90625000000000000000 2.96875000000000000000 
481 16039 1.17187500000000000000 2.10937500000000000000 
482 16040 1.01562500000000000000 1.95312500000000000000 
483 16041 1.17187500000000000000 1.95312500000000000000 
484 16739 0.07812500000000000000 1.32812500000000000000 
485 16740 0.23437500000000000000 1.32812500000000000000 
486 16042 0.54687500000000000000 1.48437500000000000000 
487 16043 0.39062500000000000000 1.32812500000000000000 
488 16044 0.54687500000000000000 1.32812500000000000000 
489 16045 0.85937500000000000000 1.79687500000000000000 
490 16046 0.70312500000000000000 1.64062500000000000000 
491 16047 0.85937500000000000000 1.64062500000000000000 
492 16048 1.01562500000000000000 1.79687500000000000000 
493 16052 0.70312500000000000000 1.48437500000000000000 
494 16060 1.48437500000000000000 2.42187500000000000000 
495 16061 1.32812500000000000000 2.26562500000000000000 
496 16062 1.48437500000000000000 2.26562500000000000000 
497 16063 1.64062500000000000000 2.42187500000000000000 
498 16065 1.64062500000000000000 2.26562500000000000000 
499 16067 1.32812500000000000000 2.10937500000000000000 
500 16467 2.65625000000000000000 2.34375000000000000000 
501 15633 2.96875000000000000000 2.34375000000000000000 
502 15635 3.28125000000000000000 2.34375000000000000000 
503 15690 5.31250000000000000000 4.68750000000000000000 
504 15691 5.93750000000000000000 4.68750000000000000000 
505 15692 5.31250000000000000000 4.06250000000000000000 
