555 446 109
1 5650 0.94132055000000003364 -0.00802993460000000006 447 2 0 1 8 504 30 165 32 502 505 447 2 
2 5651 0.93663600000000002410 -0.00864659949999999934 1 3 0 1 8 165 26 29 28 30 166 1 3 
3 5652 0.93178415999999997243 -0.00928164830000000052 2 4 0 1 7 2 4 25 26 29 30 31 
4 5653 0.92927557991211495736 -0.00960855125907255844 3 5 0 1 8 3 5 8 25 26 27 28 29 
5 5654 0.92676689999999994907 -0.00993449100000000015 4 6 0 1 6 25 27 7 8 4 6 
6 5655 0.92417657269863207059 -0.01027001878134094562 5 448 0 1 7 5 448 15 453 7 8 25 
7 5656 0.92407226562500000000 -0.01342773437500000000 0 0 1 0 11 8 5 13 453 448 454 6 9 455 10 15 
8 5657 0.92651367187500000000 -0.01342773437500000000 0 0 1 0 10 27 25 33 7 6 10 5 13 12 14 
9 5658 0.92346191406250000000 -0.01525878906250000000 0 0 1 0 8 10 7 12 454 453 455 8 11 
10 5659 0.92468261718750000000 -0.01525878906250000000 0 0 1 0 8 13 8 15 9 7 11 453 12 
11 5660 0.92346191406250000000 -0.01647949218750000000 0 0 1 0 8 12 10 18 455 454 456 9 17 
12 5661 0.92468261718750000000 -0.01647949218750000000 0 0 1 0 8 15 13 21 11 9 17 10 18 
13 5662 0.92590332031250000000 -0.01525878906250000000 0 0 1 0 8 14 8 16 10 7 12 27 15 
14 5663 0.92712402343750000000 -0.01525878906250000000 0 0 1 0 8 33 27 35 13 8 15 7 16 
15 5664 0.92590332031250000000 -0.01647949218750000000 0 0 1 0 8 16 14 22 12 10 18 13 21 
16 5665 0.92712402343750000000 -0.01647949218750000000 0 0 1 0 8 33 27 35 15 13 21 14 22 
17 5666 0.92346191406250000000 -0.01770019531250000000 0 0 1 0 8 18 12 20 456 455 457 11 19 
18 5667 0.92468261718750000000 -0.01770019531250000000 0 0 1 0 8 21 15 23 17 11 19 12 20 
19 5668 0.92346191406250000000 -0.01892089843750000000 0 0 1 0 8 20 18 41 457 456 458 17 42 
20 5669 0.92468261718750000000 -0.01892089843750000000 0 0 1 0 8 23 21 42 19 17 41 18 458 
21 5670 0.92590332031250000000 -0.01770019531250000000 0 0 1 0 8 22 16 24 18 12 20 15 23 
22 5671 0.92712402343750000000 -0.01770019531250000000 0 0 1 0 8 35 33 46 21 15 23 16 24 
23 5672 0.92590332031250000000 -0.01892089843750000000 0 0 1 0 8 24 22 42 20 18 41 21 46 
24 5673 0.92712402343750000000 -0.01892089843750000000 0 0 1 0 8 35 33 46 23 21 42 22 41 
25 5674 0.92895507812500000000 -0.01098632812500000000 0 0 1 0 7 26 3 28 5 8 4 27 
26 5675 0.93139648437500000000 -0.01098632812500000000 0 0 1 0 8 29 2 31 25 4 27 3 28 
27 5676 0.92895507812500000000 -0.01342773437500000000 0 0 1 0 9 28 26 34 8 5 14 25 33 16 
28 5677 0.93139648437500000000 -0.01342773437500000000 0 0 1 0 8 31 29 37 27 25 33 26 34 
29 5678 0.93383789062500000000 -0.01098632812500000000 0 0 1 0 8 30 2 32 26 3 28 1 31 
30 5679 0.93627929687500000000 -0.01098632812500000000 0 0 1 0 7 165 1 166 29 2 31 32 
31 5680 0.93383789062500000000 -0.01342773437500000000 0 0 1 0 8 32 30 38 28 26 34 29 37 
32 5681 0.93627929687500000000 -0.01342773437500000000 0 0 1 0 8 166 165 167 31 29 37 30 38 
33 5682 0.92895507812500000000 -0.01586914062500000000 0 0 1 0 10 34 28 36 14 8 16 22 27 35 24 
34 5683 0.93139648437500000000 -0.01586914062500000000 0 0 1 0 8 37 31 39 33 27 35 28 36 
35 5684 0.92895507812500000000 -0.01831054687500000000 0 0 1 0 9 36 34 47 22 16 24 42 33 46 
36 5685 0.93139648437500000000 -0.01831054687500000000 0 0 1 0 8 39 37 50 35 33 46 34 47 
37 5686 0.93383789062500000000 -0.01586914062500000000 0 0 1 0 8 38 32 40 34 28 36 31 39 
38 5687 0.93627929687500000000 -0.01586914062500000000 0 0 1 0 8 167 166 168 37 31 39 32 40 
39 5688 0.93383789062500000000 -0.01831054687500000000 0 0 1 0 8 40 38 51 36 34 47 37 50 
40 5689 0.93627929687500000000 -0.01831054687500000000 0 0 1 0 8 168 167 169 39 37 50 38 51 
41 5690 0.92407226562500000000 -0.02075195312500000000 0 0 1 0 9 42 23 43 458 457 459 20 19 460 
42 5691 0.92651367187500000000 -0.02075195312500000000 0 0 1 0 9 46 35 48 41 20 460 24 23 43 
43 5692 0.92651367187500000000 -0.02319335937500000000 0 0 1 0 8 48 46 54 460 41 461 42 44 
44 5693 0.92651367187500000000 -0.02563476562500000000 0 0 1 0 8 54 48 56 461 460 462 43 45 
45 5694 0.92651367187500000000 -0.02807617187500000000 0 0 1 0 8 56 54 63 462 461 463 44 62 
46 5695 0.92895507812500000000 -0.02075195312500000000 0 0 1 0 8 47 36 49 42 24 43 35 48 
47 5696 0.93139648437500000000 -0.02075195312500000000 0 0 1 0 8 50 39 52 46 35 48 36 49 
48 5697 0.92895507812500000000 -0.02319335937500000000 0 0 1 0 8 49 47 55 43 42 44 46 54 
49 5698 0.93139648437500000000 -0.02319335937500000000 0 0 1 0 8 52 50 58 48 46 54 47 55 
50 5699 0.93383789062500000000 -0.02075195312500000000 0 0 1 0 8 51 40 53 47 36 49 39 52 
51 5700 0.93627929687500000000 -0.02075195312500000000 0 0 1 0 8 169 170 50 39 52 40 168 53 
52 5701 0.93383789062500000000 -0.02319335937500000000 0 0 1 0 8 53 51 59 49 47 55 50 58 
53 5702 0.93627929687500000000 -0.02319335937500000000 0 0 1 0 7 169 170 52 50 58 51 59 
54 5703 0.92895507812500000000 -0.02563476562500000000 0 0 1 0 8 55 49 57 44 43 45 48 56 
55 5704 0.93139648437500000000 -0.02563476562500000000 0 0 1 0 8 58 52 60 54 48 56 49 57 
56 5705 0.92895507812500000000 -0.02807617187500000000 0 0 1 0 8 57 55 64 45 44 62 54 63 
57 5706 0.93139648437500000000 -0.02807617187500000000 0 0 1 0 8 60 58 67 56 54 63 55 64 
58 5707 0.93383789062500000000 -0.02563476562500000000 0 0 1 0 8 59 53 61 55 49 57 52 60 
59 5708 0.93627929687500000000 -0.02563476562500000000 0 0 1 0 8 170 169 174 58 52 60 53 61 
60 5709 0.93383789062500000000 -0.02807617187500000000 0 0 1 0 8 61 59 68 57 55 64 58 67 
61 5710 0.93627929687500000000 -0.02807617187500000000 0 0 1 0 8 170 169 174 60 58 67 59 68 
62 5711 0.92651367187500000000 -0.03051757812500000000 0 0 1 0 8 63 56 65 463 462 464 45 465 
63 5712 0.92895507812500000000 -0.03051757812500000000 0 0 1 0 8 64 57 66 62 45 465 56 65 
64 5713 0.93139648437500000000 -0.03051757812500000000 0 0 1 0 8 67 60 69 63 56 65 57 66 
65 5714 0.92895507812500000000 -0.03295898437500000000 0 0 1 0 8 66 64 72 465 62 466 63 71 
66 5715 0.93139648437500000000 -0.03295898437500000000 0 0 1 0 8 69 67 75 65 63 71 64 72 
67 5716 0.93383789062500000000 -0.03051757812500000000 0 0 1 0 8 68 61 70 64 57 66 60 69 
68 5717 0.93627929687500000000 -0.03051757812500000000 0 0 1 0 8 174 170 176 67 60 69 61 70 
69 5718 0.93383789062500000000 -0.03295898437500000000 0 0 1 0 8 70 68 76 66 64 72 67 75 
70 5719 0.93627929687500000000 -0.03295898437500000000 0 0 1 0 8 174 170 176 69 67 75 68 76 
71 5720 0.92895507812500000000 -0.03540039062500000000 0 0 1 0 8 72 66 74 466 465 467 65 73 
72 5721 0.93139648437500000000 -0.03540039062500000000 0 0 1 0 8 75 69 77 71 65 73 66 74 
73 5722 0.92895507812500000000 -0.03784179687500000000 0 0 1 0 8 74 72 79 467 466 468 71 80 
74 5723 0.93139648437500000000 -0.03784179687500000000 0 0 1 0 8 77 75 80 73 71 79 72 468 
75 5724 0.93383789062500000000 -0.03540039062500000000 0 0 1 0 8 76 70 78 72 66 74 69 77 
76 5725 0.93627929687500000000 -0.03540039062500000000 0 0 1 0 8 176 174 218 75 69 77 70 78 
77 5726 0.93383789062500000000 -0.03784179687500000000 0 0 1 0 8 78 76 80 74 72 79 75 218 
78 5727 0.93627929687500000000 -0.03784179687500000000 0 0 1 0 8 176 174 218 77 75 80 76 79 
79 5728 0.93017578125000000000 -0.04150390625000000000 0 0 1 0 9 80 77 82 468 467 469 74 73 81 
80 5729 0.93505859375000000000 -0.04150390625000000000 0 0 1 0 9 218 176 220 79 74 81 78 77 82 
81 5730 0.93017578125000000000 -0.04638671875000000000 0 0 1 0 8 82 80 84 469 468 470 79 83 
82 5731 0.93505859375000000000 -0.04638671875000000000 0 0 1 0 8 220 218 226 81 79 83 80 84 
83 5732 0.93017578125000000000 -0.05126953125000000000 0 0 1 0 8 84 82 86 470 469 471 81 85 
84 5733 0.93505859375000000000 -0.05126953125000000000 0 0 1 0 8 226 220 228 83 81 85 82 86 
85 5734 0.93017578125000000000 -0.05615234375000000000 0 0 1 0 8 86 84 90 471 470 478 83 89 
86 5735 0.93505859375000000000 -0.05615234375000000000 0 0 1 0 8 228 226 250 85 83 89 84 90 
87 5736 0.91552734375000000000 -0.07568359375000000000 0 0 1 0 8 95 93 116 476 474 113 475 494 
88 5737 0.92529296875000000000 -0.06591796875000000000 0 0 1 0 8 91 89 97 479 477 93 478 94 
89 5738 0.93017578125000000000 -0.06103515625000000000 0 0 1 0 8 90 86 92 478 471 88 85 91 
90 5739 0.93505859375000000000 -0.06103515625000000000 0 0 1 0 8 250 228 252 89 85 91 86 92 
91 5740 0.93017578125000000000 -0.06591796875000000000 0 0 1 0 8 92 90 98 88 478 94 89 97 
92 5741 0.93505859375000000000 -0.06591796875000000000 0 0 1 0 8 252 250 258 91 89 97 90 98 
93 5742 0.92041015625000000000 -0.07080078125000000000 0 0 1 0 8 94 88 96 475 472 87 479 95 
94 5743 0.92529296875000000000 -0.07080078125000000000 0 0 1 0 8 97 91 99 93 479 95 88 96 
95 5744 0.92041015625000000000 -0.07568359375000000000 0 0 1 0 8 96 94 116 87 475 113 93 117 
96 5745 0.92529296875000000000 -0.07568359375000000000 0 0 1 0 8 99 97 117 95 93 116 94 113 
97 5746 0.93017578125000000000 -0.07080078125000000000 0 0 1 0 8 98 92 100 94 88 96 91 99 
98 5747 0.93505859375000000000 -0.07080078125000000000 0 0 1 0 8 258 252 260 97 91 99 92 100 
99 5748 0.93017578125000000000 -0.07568359375000000000 0 0 1 0 8 100 98 117 96 94 116 97 365 
100 5749 0.93505859375000000000 -0.07568359375000000000 0 0 1 0 8 260 258 365 99 97 117 98 116 
101 5750 0.84472656250000000000 -0.13183593750000000000 0 0 1 0 8 102 484 104 482 481 485 483 103 
102 5751 0.85449218750000000000 -0.13183593750000000000 0 0 1 0 8 130 128 136 101 483 103 484 104 
103 5752 0.84472656250000000000 -0.14160156250000000000 0 0 1 0 8 104 102 106 485 482 486 101 105 
104 5753 0.85449218750000000000 -0.14160156250000000000 0 0 1 0 8 136 130 138 103 101 105 102 106 
105 5754 0.84472656250000000000 -0.15136718750000000000 0 0 1 0 8 106 104 160 486 485 495 103 161 
106 5755 0.85449218750000000000 -0.15136718750000000000 0 0 1 0 8 138 136 161 105 103 160 104 495 
107 5756 0.89355468750000000000 -0.09277343750000000000 0 0 1 0 8 114 494 120 490 488 109 489 110 
108 5757 0.87402343750000000000 -0.11230468750000000000 0 0 1 0 8 111 109 132 493 491 128 492 129 
109 5758 0.88378906250000000000 -0.10253906250000000000 0 0 1 0 8 110 107 112 492 487 108 490 111 
110 5759 0.89355468750000000000 -0.10253906250000000000 0 0 1 0 8 120 114 122 109 490 111 107 112 
111 5760 0.88378906250000000000 -0.11230468750000000000 0 0 1 0 8 112 110 133 108 492 129 109 132 
112 5761 0.89355468750000000000 -0.11230468750000000000 0 0 1 0 8 122 120 144 111 109 132 110 133 
113 5762 0.91308593750000000000 -0.08300781250000000000 0 0 1 0 9 116 95 118 494 473 114 87 476 115 
114 5763 0.90332031250000000000 -0.09277343750000000000 0 0 1 0 8 115 113 121 107 489 110 494 120 
115 5764 0.91308593750000000000 -0.09277343750000000000 0 0 1 0 8 118 116 124 114 494 120 113 121 
116 5765 0.92285156250000000000 -0.08300781250000000000 0 0 1 0 9 117 99 119 113 87 115 96 95 118 
117 5766 0.93261718750000000000 -0.08300781250000000000 0 0 1 0 9 365 260 367 116 96 118 100 99 119 
118 5767 0.92285156250000000000 -0.09277343750000000000 0 0 1 0 8 119 117 125 115 113 121 116 124 
119 5768 0.93261718750000000000 -0.09277343750000000000 0 0 1 0 8 367 365 373 118 116 124 117 125 
120 5769 0.90332031250000000000 -0.10253906250000000000 0 0 1 0 8 121 115 123 110 107 112 114 122 
121 5770 0.91308593750000000000 -0.10253906250000000000 0 0 1 0 8 124 118 126 120 114 122 115 123 
122 5771 0.90332031250000000000 -0.11230468750000000000 0 0 1 0 8 123 121 145 112 110 133 120 144 
123 5772 0.91308593750000000000 -0.11230468750000000000 0 0 1 0 8 126 124 148 122 120 144 121 145 
124 5773 0.92285156250000000000 -0.10253906250000000000 0 0 1 0 8 125 119 127 121 115 123 118 126 
125 5774 0.93261718750000000000 -0.10253906250000000000 0 0 1 0 8 373 367 375 124 118 126 119 127 
126 5775 0.92285156250000000000 -0.11230468750000000000 0 0 1 0 8 127 125 149 123 121 145 124 148 
127 5776 0.93261718750000000000 -0.11230468750000000000 0 0 1 0 8 375 373 397 126 124 148 125 149 
128 5777 0.86425781250000000000 -0.12207031250000000000 0 0 1 0 8 129 108 131 484 480 102 493 130 
129 5778 0.87402343750000000000 -0.12207031250000000000 0 0 1 0 8 132 111 134 128 493 130 108 131 
130 5779 0.86425781250000000000 -0.13183593750000000000 0 0 1 0 8 131 129 137 102 484 104 128 136 
131 5780 0.87402343750000000000 -0.13183593750000000000 0 0 1 0 8 134 132 140 130 128 136 129 137 
132 5781 0.88378906250000000000 -0.12207031250000000000 0 0 1 0 8 133 112 135 129 108 131 111 134 
133 5782 0.89355468750000000000 -0.12207031250000000000 0 0 1 0 8 144 122 146 132 111 134 112 135 
134 5783 0.88378906250000000000 -0.13183593750000000000 0 0 1 0 8 135 133 141 131 129 137 132 140 
135 5784 0.89355468750000000000 -0.13183593750000000000 0 0 1 0 8 146 144 152 134 132 140 133 141 
136 5785 0.86425781250000000000 -0.14160156250000000000 0 0 1 0 8 137 131 139 104 102 106 130 138 
137 5786 0.87402343750000000000 -0.14160156250000000000 0 0 1 0 8 140 134 142 136 130 138 131 139 
138 5787 0.86425781250000000000 -0.15136718750000000000 0 0 1 0 8 139 137 161 106 104 160 136 162 
139 5788 0.87402343750000000000 -0.15136718750000000000 0 0 1 0 8 142 140 162 138 136 161 137 160 
140 5789 0.88378906250000000000 -0.14160156250000000000 0 0 1 0 8 141 135 143 137 131 139 134 142 
141 5790 0.89355468750000000000 -0.14160156250000000000 0 0 1 0 8 152 146 154 140 134 142 135 143 
142 5791 0.88378906250000000000 -0.15136718750000000000 0 0 1 0 8 143 141 162 139 137 161 140 163 
143 5792 0.89355468750000000000 -0.15136718750000000000 0 0 1 0 8 154 152 163 142 140 162 141 161 
144 5793 0.90332031250000000000 -0.12207031250000000000 0 0 1 0 8 145 123 147 133 112 135 122 146 
145 5794 0.91308593750000000000 -0.12207031250000000000 0 0 1 0 8 148 126 150 144 122 146 123 147 
146 5795 0.90332031250000000000 -0.13183593750000000000 0 0 1 0 8 147 145 153 135 133 141 144 152 
147 5796 0.91308593750000000000 -0.13183593750000000000 0 0 1 0 8 150 148 156 146 144 152 145 153 
148 5797 0.92285156250000000000 -0.12207031250000000000 0 0 1 0 8 149 127 151 145 123 147 126 150 
149 5798 0.93261718750000000000 -0.12207031250000000000 0 0 1 0 8 397 375 399 148 126 150 127 151 
150 5799 0.92285156250000000000 -0.13183593750000000000 0 0 1 0 8 151 149 157 147 145 153 148 156 
151 5800 0.93261718750000000000 -0.13183593750000000000 0 0 1 0 8 399 397 405 150 148 156 149 157 
152 5801 0.90332031250000000000 -0.14160156250000000000 0 0 1 0 8 153 147 155 141 135 143 146 154 
153 5802 0.91308593750000000000 -0.14160156250000000000 0 0 1 0 8 156 150 158 152 146 154 147 155 
154 5803 0.90332031250000000000 -0.15136718750000000000 0 0 1 0 8 155 153 163 143 141 162 152 164 
155 5804 0.91308593750000000000 -0.15136718750000000000 0 0 1 0 8 158 156 164 154 152 163 153 162 
156 5805 0.92285156250000000000 -0.14160156250000000000 0 0 1 0 8 157 151 159 153 147 155 150 158 
157 5806 0.93261718750000000000 -0.14160156250000000000 0 0 1 0 8 405 399 407 156 150 158 151 159 
158 5807 0.92285156250000000000 -0.15136718750000000000 0 0 1 0 8 159 157 164 155 153 163 156 443 
159 5808 0.93261718750000000000 -0.15136718750000000000 0 0 1 0 8 407 405 443 158 156 164 157 163 
160 5809 0.84960937500000000000 -0.16601562500000000000 0 0 1 0 9 161 138 498 495 486 496 106 105 497 
161 5810 0.86914062500000000000 -0.16601562500000000000 0 0 1 0 9 162 142 499 160 106 497 139 138 498 
162 5811 0.88867187500000000000 -0.16601562500000000000 0 0 1 0 9 163 154 500 161 139 498 143 142 499 
163 5812 0.90820312500000000000 -0.16601562500000000000 0 0 1 0 9 164 158 501 162 143 499 155 154 500 
164 5813 0.92773437500000000000 -0.16601562500000000000 0 0 1 0 9 443 407 549 163 155 500 159 158 501 
165 5814 0.93872070312500000000 -0.01098632812500000000 0 0 1 0 8 502 1 503 30 2 32 447 166 
166 5815 0.93872070312500000000 -0.01342773437500000000 0 0 1 0 8 503 502 506 32 30 38 165 167 
167 5816 0.93872070312500000000 -0.01586914062500000000 0 0 1 0 8 506 503 507 38 32 40 166 168 
168 5817 0.93872070312500000000 -0.01831054687500000000 0 0 1 0 8 507 506 169 40 38 51 167 509 
169 5818 0.93994140625000000000 -0.02197265625000000000 0 0 1 0 11 509 508 171 51 40 53 59 507 168 170 61 
170 5819 0.93994140625000000000 -0.02685546875000000000 0 0 1 0 10 171 509 175 59 53 61 68 169 174 70 
171 5820 0.94482421875000000000 -0.02685546875000000000 0 0 1 0 8 172 510 178 170 169 174 509 175 
172 5821 0.94970703125000000000 -0.02685546875000000000 0 0 1 0 8 173 511 179 171 509 175 510 178 
173 5822 0.95458984375000000000 -0.02685546875000000000 0 0 1 0 8 182 512 186 172 510 178 511 179 
174 5823 0.93994140625000000000 -0.03173828125000000000 0 0 1 0 10 175 171 177 68 61 70 76 170 176 78 
175 5824 0.94482421875000000000 -0.03173828125000000000 0 0 1 0 8 178 172 180 174 170 176 171 177 
176 5825 0.93994140625000000000 -0.03662109375000000000 0 0 1 0 9 177 175 219 76 70 78 80 174 218 
177 5826 0.94482421875000000000 -0.03662109375000000000 0 0 1 0 8 180 178 222 176 174 218 175 219 
178 5827 0.94970703125000000000 -0.03173828125000000000 0 0 1 0 8 179 173 181 175 171 177 172 180 
179 5828 0.95458984375000000000 -0.03173828125000000000 0 0 1 0 8 186 182 188 178 172 180 173 181 
180 5829 0.94970703125000000000 -0.03662109375000000000 0 0 1 0 8 181 179 223 177 175 219 178 222 
181 5830 0.95458984375000000000 -0.03662109375000000000 0 0 1 0 8 188 186 234 180 178 222 179 223 
182 5831 0.95947265625000000000 -0.02685546875000000000 0 0 1 0 8 183 513 187 173 511 179 512 186 
183 5832 0.96435546875000000000 -0.02685546875000000000 0 0 1 0 8 184 514 190 182 512 186 513 187 
184 5833 0.96923828125000000000 -0.02685546875000000000 0 0 1 0 8 185 515 191 183 513 187 514 190 
185 5834 0.97412109375000000000 -0.02685546875000000000 0 0 1 0 8 194 516 198 184 514 190 515 191 
186 5835 0.95947265625000000000 -0.03173828125000000000 0 0 1 0 8 187 183 189 179 173 181 182 188 
187 5836 0.96435546875000000000 -0.03173828125000000000 0 0 1 0 8 190 184 192 186 182 188 183 189 
188 5837 0.95947265625000000000 -0.03662109375000000000 0 0 1 0 8 189 187 235 181 179 223 186 234 
189 5838 0.96435546875000000000 -0.03662109375000000000 0 0 1 0 8 192 190 238 188 186 234 187 235 
190 5839 0.96923828125000000000 -0.03173828125000000000 0 0 1 0 8 191 185 193 187 183 189 184 192 
191 5840 0.97412109375000000000 -0.03173828125000000000 0 0 1 0 8 198 194 200 190 184 192 185 193 
192 5841 0.96923828125000000000 -0.03662109375000000000 0 0 1 0 8 193 191 239 189 187 235 190 238 
193 5842 0.97412109375000000000 -0.03662109375000000000 0 0 1 0 8 200 198 282 192 190 238 191 239 
194 5843 0.97900390625000000000 -0.02685546875000000000 0 0 1 0 8 195 517 199 185 515 191 516 198 
195 5844 0.98388671875000000000 -0.02685546875000000000 0 0 1 0 8 196 518 202 194 516 198 517 199 
196 5845 0.98876953125000000000 -0.02685546875000000000 0 0 1 0 8 197 519 203 195 517 199 518 202 
197 5846 0.99365234375000000000 -0.02685546875000000000 0 0 1 0 8 206 520 210 196 518 202 519 203 
198 5847 0.97900390625000000000 -0.03173828125000000000 0 0 1 0 8 199 195 201 191 185 193 194 200 
199 5848 0.98388671875000000000 -0.03173828125000000000 0 0 1 0 8 202 196 204 198 194 200 195 201 
200 5849 0.97900390625000000000 -0.03662109375000000000 0 0 1 0 8 201 199 282 193 191 239 198 283 
201 5850 0.98388671875000000000 -0.03662109375000000000 0 0 1 0 7 204 202 283 200 198 282 199 
202 5851 0.98876953125000000000 -0.03173828125000000000 0 0 1 0 8 203 197 205 199 195 201 196 204 
203 5852 0.99365234375000000000 -0.03173828125000000000 0 0 1 0 8 210 206 212 202 196 204 197 205 
204 5853 0.98876953125000000000 -0.03662109375000000000 0 0 1 0 8 205 203 283 201 199 282 202 286 
205 5854 0.99365234375000000000 -0.03662109375000000000 0 0 1 0 8 212 210 286 204 202 283 203 282 
206 5855 0.99853515625000000000 -0.02685546875000000000 0 0 1 0 8 207 521 211 197 519 203 520 210 
207 5856 1.00341796875000000000 -0.02685546875000000000 0 0 1 0 8 208 522 214 206 520 210 521 211 
208 5857 1.00830078125000000000 -0.02685546875000000000 0 0 1 0 8 209 523 215 207 521 211 522 214 
209 5858 1.01318359375000000000 -0.02685546875000000000 0 0 1 0 8 298 525 302 208 522 214 523 215 
210 5859 0.99853515625000000000 -0.03173828125000000000 0 0 1 0 8 211 207 213 203 197 205 206 212 
211 5860 1.00341796875000000000 -0.03173828125000000000 0 0 1 0 8 214 208 216 210 206 212 207 213 
212 5861 0.99853515625000000000 -0.03662109375000000000 0 0 1 0 8 213 211 286 205 203 283 210 287 
213 5862 1.00341796875000000000 -0.03662109375000000000 0 0 1 0 8 216 214 287 212 210 286 211 283 
214 5863 1.00830078125000000000 -0.03173828125000000000 0 0 1 0 8 215 209 217 211 207 213 208 216 
215 5864 1.01318359375000000000 -0.03173828125000000000 0 0 1 0 8 302 298 304 214 208 216 209 217 
216 5865 1.00830078125000000000 -0.03662109375000000000 0 0 1 0 8 217 215 287 213 211 286 214 333 
217 5866 1.01318359375000000000 -0.03662109375000000000 0 0 1 0 8 304 302 333 216 214 287 215 286 
218 5867 0.93994140625000000000 -0.04150390625000000000 0 0 1 0 8 219 177 221 80 78 82 176 220 
219 5868 0.94482421875000000000 -0.04150390625000000000 0 0 1 0 8 222 180 224 218 176 220 177 221 
220 5869 0.93994140625000000000 -0.04638671875000000000 0 0 1 0 8 221 219 227 82 80 84 218 226 
221 5870 0.94482421875000000000 -0.04638671875000000000 0 0 1 0 8 224 222 230 220 218 226 219 227 
222 5871 0.94970703125000000000 -0.04150390625000000000 0 0 1 0 8 223 181 225 219 177 221 180 224 
223 5872 0.95458984375000000000 -0.04150390625000000000 0 0 1 0 8 234 188 236 222 180 224 181 225 
224 5873 0.94970703125000000000 -0.04638671875000000000 0 0 1 0 8 225 223 231 221 219 227 222 230 
225 5874 0.95458984375000000000 -0.04638671875000000000 0 0 1 0 8 236 234 242 224 222 230 223 231 
226 5875 0.93994140625000000000 -0.05126953125000000000 0 0 1 0 8 227 221 229 84 82 86 220 228 
227 5876 0.94482421875000000000 -0.05126953125000000000 0 0 1 0 8 230 224 232 226 220 228 221 229 
228 5877 0.93994140625000000000 -0.05615234375000000000 0 0 1 0 8 229 227 251 86 84 90 226 250 
229 5878 0.94482421875000000000 -0.05615234375000000000 0 0 1 0 8 232 230 254 228 226 250 227 251 
230 5879 0.94970703125000000000 -0.05126953125000000000 0 0 1 0 8 231 225 233 227 221 229 224 232 
231 5880 0.95458984375000000000 -0.05126953125000000000 0 0 1 0 8 242 236 244 230 224 232 225 233 
232 5881 0.94970703125000000000 -0.05615234375000000000 0 0 1 0 8 233 231 255 229 227 251 230 254 
233 5882 0.95458984375000000000 -0.05615234375000000000 0 0 1 0 8 244 242 266 232 230 254 231 255 
234 5883 0.95947265625000000000 -0.04150390625000000000 0 0 1 0 8 235 189 237 223 181 225 188 236 
235 5884 0.96435546875000000000 -0.04150390625000000000 0 0 1 0 8 238 192 240 234 188 236 189 237 
236 5885 0.95947265625000000000 -0.04638671875000000000 0 0 1 0 8 237 235 243 225 223 231 234 242 
237 5886 0.96435546875000000000 -0.04638671875000000000 0 0 1 0 8 240 238 246 236 234 242 235 243 
238 5887 0.96923828125000000000 -0.04150390625000000000 0 0 1 0 8 239 193 241 235 189 237 192 240 
239 5888 0.97412109375000000000 -0.04150390625000000000 0 0 1 0 8 282 284 238 192 240 193 200 241 
240 5889 0.96923828125000000000 -0.04638671875000000000 0 0 1 0 8 241 239 247 237 235 243 238 246 
241 5890 0.97412109375000000000 -0.04638671875000000000 0 0 1 0 7 282 284 240 238 246 239 247 
242 5891 0.95947265625000000000 -0.05126953125000000000 0 0 1 0 8 243 237 245 231 225 233 236 244 
243 5892 0.96435546875000000000 -0.05126953125000000000 0 0 1 0 8 246 240 248 242 236 244 237 245 
244 5893 0.95947265625000000000 -0.05615234375000000000 0 0 1 0 8 245 243 267 233 231 255 242 266 
245 5894 0.96435546875000000000 -0.05615234375000000000 0 0 1 0 8 248 246 270 244 242 266 243 267 
246 5895 0.96923828125000000000 -0.05126953125000000000 0 0 1 0 8 247 241 249 243 237 245 240 248 
247 5896 0.97412109375000000000 -0.05126953125000000000 0 0 1 0 8 284 282 290 246 240 248 241 249 
248 5897 0.96923828125000000000 -0.05615234375000000000 0 0 1 0 8 249 247 271 245 243 267 246 270 
249 5898 0.97412109375000000000 -0.05615234375000000000 0 0 1 0 8 284 282 290 248 246 270 247 271 
250 5899 0.93994140625000000000 -0.06103515625000000000 0 0 1 0 8 251 229 253 90 86 92 228 252 
251 5900 0.94482421875000000000 -0.06103515625000000000 0 0 1 0 8 254 232 256 250 228 252 229 253 
252 5901 0.93994140625000000000 -0.06591796875000000000 0 0 1 0 8 253 251 259 92 90 98 250 258 
253 5902 0.94482421875000000000 -0.06591796875000000000 0 0 1 0 8 256 254 262 252 250 258 251 259 
254 5903 0.94970703125000000000 -0.06103515625000000000 0 0 1 0 8 255 233 257 251 229 253 232 256 
255 5904 0.95458984375000000000 -0.06103515625000000000 0 0 1 0 8 266 244 268 254 232 256 233 257 
256 5905 0.94970703125000000000 -0.06591796875000000000 0 0 1 0 8 257 255 263 253 251 259 254 262 
257 5906 0.95458984375000000000 -0.06591796875000000000 0 0 1 0 8 268 266 274 256 254 262 255 263 
258 5907 0.93994140625000000000 -0.07080078125000000000 0 0 1 0 8 259 253 261 98 92 100 252 260 
259 5908 0.94482421875000000000 -0.07080078125000000000 0 0 1 0 8 262 256 264 258 252 260 253 261 
260 5909 0.93994140625000000000 -0.07568359375000000000 0 0 1 0 8 261 259 365 100 98 117 258 366 
261 5910 0.94482421875000000000 -0.07568359375000000000 0 0 1 0 8 264 262 366 260 258 365 259 117 
262 5911 0.94970703125000000000 -0.07080078125000000000 0 0 1 0 8 263 257 265 259 253 261 256 264 
263 5912 0.95458984375000000000 -0.07080078125000000000 0 0 1 0 8 274 268 276 262 256 264 257 265 
264 5913 0.94970703125000000000 -0.07568359375000000000 0 0 1 0 8 265 263 366 261 259 365 262 369 
265 5914 0.95458984375000000000 -0.07568359375000000000 0 0 1 0 8 276 274 369 264 262 366 263 365 
266 5915 0.95947265625000000000 -0.06103515625000000000 0 0 1 0 8 267 245 269 255 233 257 244 268 
267 5916 0.96435546875000000000 -0.06103515625000000000 0 0 1 0 8 270 248 272 266 244 268 245 269 
268 5917 0.95947265625000000000 -0.06591796875000000000 0 0 1 0 8 269 267 275 257 255 263 266 274 
269 5918 0.96435546875000000000 -0.06591796875000000000 0 0 1 0 8 272 270 278 268 266 274 267 275 
270 5919 0.96923828125000000000 -0.06103515625000000000 0 0 1 0 8 271 249 273 267 245 269 248 272 
271 5920 0.97412109375000000000 -0.06103515625000000000 0 0 1 0 8 290 284 292 270 248 272 249 273 
272 5921 0.96923828125000000000 -0.06591796875000000000 0 0 1 0 8 273 271 279 269 267 275 270 278 
273 5922 0.97412109375000000000 -0.06591796875000000000 0 0 1 0 8 290 284 292 272 270 278 271 279 
274 5923 0.95947265625000000000 -0.07080078125000000000 0 0 1 0 8 275 269 277 263 257 265 268 276 
275 5924 0.96435546875000000000 -0.07080078125000000000 0 0 1 0 8 278 272 280 274 268 276 269 277 
276 5925 0.95947265625000000000 -0.07568359375000000000 0 0 1 0 8 277 275 369 265 263 366 274 370 
277 5926 0.96435546875000000000 -0.07568359375000000000 0 0 1 0 8 280 278 370 276 274 369 275 366 
278 5927 0.96923828125000000000 -0.07080078125000000000 0 0 1 0 8 279 273 281 275 269 277 272 280 
279 5928 0.97412109375000000000 -0.07080078125000000000 0 0 1 0 8 292 290 381 278 272 280 273 281 
280 5929 0.96923828125000000000 -0.07568359375000000000 0 0 1 0 8 281 279 370 277 275 369 278 381 
281 5930 0.97412109375000000000 -0.07568359375000000000 0 0 1 0 8 292 290 381 280 278 370 279 369 
282 5931 0.98144531250000000000 -0.04394531250000000000 0 0 1 0 11 283 204 285 239 193 241 247 201 200 284 249 
283 5932 0.99121093750000000000 -0.04394531250000000000 0 0 1 0 9 286 212 288 282 201 284 205 204 285 
284 5933 0.98144531250000000000 -0.05371093750000000000 0 0 1 0 10 285 283 291 247 241 249 271 282 290 273 
285 5934 0.99121093750000000000 -0.05371093750000000000 0 0 1 0 8 288 286 294 284 282 290 283 291 
286 5935 1.00097656250000000000 -0.04394531250000000000 0 0 1 0 9 287 216 289 283 205 285 213 212 288 
287 5936 1.01074218750000000000 -0.04394531250000000000 0 0 1 0 9 333 304 335 286 213 288 217 216 289 
288 5937 1.00097656250000000000 -0.05371093750000000000 0 0 1 0 8 289 287 295 285 283 291 286 294 
289 5938 1.01074218750000000000 -0.05371093750000000000 0 0 1 0 8 335 333 341 288 286 294 287 295 
290 5939 0.98144531250000000000 -0.06347656250000000000 0 0 1 0 10 291 285 293 271 249 273 279 284 292 281 
291 5940 0.99121093750000000000 -0.06347656250000000000 0 0 1 0 8 294 288 296 290 284 292 285 293 
292 5941 0.98144531250000000000 -0.07324218750000000000 0 0 1 0 9 293 291 382 279 273 281 370 290 381 
293 5942 0.99121093750000000000 -0.07324218750000000000 0 0 1 0 8 296 294 385 292 290 381 291 382 
294 5943 1.00097656250000000000 -0.06347656250000000000 0 0 1 0 8 295 289 297 291 285 293 288 296 
295 5944 1.01074218750000000000 -0.06347656250000000000 0 0 1 0 8 341 335 343 294 288 296 289 297 
296 5945 1.00097656250000000000 -0.07324218750000000000 0 0 1 0 8 297 295 386 293 291 382 294 385 
297 5946 1.01074218750000000000 -0.07324218750000000000 0 0 1 0 8 343 341 429 296 294 385 295 386 
298 5947 1.01806640625000000000 -0.02685546875000000000 0 0 1 0 8 299 526 303 209 523 215 525 302 
299 5948 1.02294921875000000000 -0.02685546875000000000 0 0 1 0 8 300 527 306 298 525 302 526 303 
300 5949 1.02783203125000000000 -0.02685546875000000000 0 0 1 0 8 301 528 307 299 526 303 527 306 
301 5950 1.03271484375000000000 -0.02685546875000000000 0 0 1 0 8 310 529 314 300 527 306 528 307 
302 5951 1.01806640625000000000 -0.03173828125000000000 0 0 1 0 8 303 299 305 215 209 217 298 304 
303 5952 1.02294921875000000000 -0.03173828125000000000 0 0 1 0 8 306 300 308 302 298 304 299 305 
304 5953 1.01806640625000000000 -0.03662109375000000000 0 0 1 0 8 305 303 333 217 215 287 302 334 
305 5954 1.02294921875000000000 -0.03662109375000000000 0 0 1 0 8 308 306 334 304 302 333 303 287 
306 5955 1.02783203125000000000 -0.03173828125000000000 0 0 1 0 8 307 301 309 303 299 305 300 308 
307 5956 1.03271484375000000000 -0.03173828125000000000 0 0 1 0 8 314 310 316 306 300 308 301 309 
308 5957 1.02783203125000000000 -0.03662109375000000000 0 0 1 0 8 309 307 334 305 303 333 306 337 
309 5958 1.03271484375000000000 -0.03662109375000000000 0 0 1 0 8 316 314 337 308 306 334 307 333 
310 5959 1.03759765625000000000 -0.02685546875000000000 0 0 1 0 8 311 530 315 301 528 307 529 314 
311 5960 1.04248046875000000000 -0.02685546875000000000 0 0 1 0 8 312 531 318 310 529 314 530 315 
312 5961 1.04736328125000000000 -0.02685546875000000000 0 0 1 0 8 313 532 319 311 530 315 531 318 
313 5962 1.05224609375000000000 -0.02685546875000000000 0 0 1 0 8 325 534 327 312 531 318 532 319 
314 5963 1.03759765625000000000 -0.03173828125000000000 0 0 1 0 8 315 311 317 307 301 309 310 316 
315 5964 1.04248046875000000000 -0.03173828125000000000 0 0 1 0 8 318 312 320 314 310 316 311 317 
316 5965 1.03759765625000000000 -0.03662109375000000000 0 0 1 0 8 317 315 337 309 307 334 314 338 
317 5966 1.04248046875000000000 -0.03662109375000000000 0 0 1 0 8 320 318 338 316 314 337 315 334 
318 5967 1.04736328125000000000 -0.03173828125000000000 0 0 1 0 8 319 313 321 315 311 317 312 320 
319 5968 1.05224609375000000000 -0.03173828125000000000 0 0 1 0 8 327 325 349 318 312 320 313 321 
320 5969 1.04736328125000000000 -0.03662109375000000000 0 0 1 0 8 321 319 338 317 315 337 318 349 
321 5970 1.05224609375000000000 -0.03662109375000000000 0 0 1 0 8 327 325 349 320 318 338 319 337 
322 5971 1.08886718750000000000 -0.00488281250000000000 0 0 1 0 8 439 451 440 536 449 323 450 324 
323 5972 1.07910156250000000000 -0.01464843750000000000 0 0 1 0 8 324 322 330 535 533 326 536 329 
324 5973 1.08886718750000000000 -0.01464843750000000000 0 0 1 0 8 439 451 440 323 536 329 322 330 
325 5974 1.05957031250000000000 -0.02441406250000000000 0 0 1 0 10 326 535 328 532 524 313 319 534 327 321 
326 5975 1.06933593750000000000 -0.02441406250000000000 0 0 1 0 8 329 323 331 325 534 327 535 328 
327 5976 1.05957031250000000000 -0.03417968750000000000 0 0 1 0 9 328 326 350 319 313 321 338 325 349 
328 5977 1.06933593750000000000 -0.03417968750000000000 0 0 1 0 8 331 329 353 327 325 349 326 350 
329 5978 1.07910156250000000000 -0.02441406250000000000 0 0 1 0 8 330 324 332 326 535 328 323 331 
330 5979 1.08886718750000000000 -0.02441406250000000000 0 0 1 0 8 440 439 441 329 323 331 324 332 
331 5980 1.07910156250000000000 -0.03417968750000000000 0 0 1 0 8 332 330 354 328 326 350 329 353 
332 5981 1.08886718750000000000 -0.03417968750000000000 0 0 1 0 8 440 439 441 331 329 353 330 354 
333 5982 1.02050781250000000000 -0.04394531250000000000 0 0 1 0 9 334 308 336 287 217 289 305 304 335 
334 5983 1.03027343750000000000 -0.04394531250000000000 0 0 1 0 9 337 316 339 333 305 335 309 308 336 
335 5984 1.02050781250000000000 -0.05371093750000000000 0 0 1 0 8 336 334 342 289 287 295 333 341 
336 5985 1.03027343750000000000 -0.05371093750000000000 0 0 1 0 8 339 337 345 335 333 341 334 342 
337 5986 1.04003906250000000000 -0.04394531250000000000 0 0 1 0 9 338 320 340 334 309 336 317 316 339 
338 5987 1.04980468750000000000 -0.04394531250000000000 0 0 1 0 9 349 327 351 337 317 339 321 320 340 
339 5988 1.04003906250000000000 -0.05371093750000000000 0 0 1 0 8 340 338 346 336 334 342 337 345 
340 5989 1.04980468750000000000 -0.05371093750000000000 0 0 1 0 8 351 349 357 339 337 345 338 346 
341 5990 1.02050781250000000000 -0.06347656250000000000 0 0 1 0 8 342 336 344 295 289 297 335 343 
342 5991 1.03027343750000000000 -0.06347656250000000000 0 0 1 0 8 345 339 347 341 335 343 336 344 
343 5992 1.02050781250000000000 -0.07324218750000000000 0 0 1 0 8 344 342 429 297 295 386 341 430 
344 5993 1.03027343750000000000 -0.07324218750000000000 0 0 1 0 7 347 345 430 343 341 429 342 
345 5994 1.04003906250000000000 -0.06347656250000000000 0 0 1 0 8 346 340 348 342 336 344 339 347 
346 5995 1.04980468750000000000 -0.06347656250000000000 0 0 1 0 8 357 351 359 345 339 347 340 348 
347 5996 1.04003906250000000000 -0.07324218750000000000 0 0 1 0 8 348 346 430 344 342 429 345 433 
348 5997 1.04980468750000000000 -0.07324218750000000000 0 0 1 0 8 359 357 433 347 345 430 346 429 
349 5998 1.05957031250000000000 -0.04394531250000000000 0 0 1 0 8 350 328 352 338 321 340 327 351 
350 5999 1.06933593750000000000 -0.04394531250000000000 0 0 1 0 8 353 331 355 349 327 351 328 352 
351 6000 1.05957031250000000000 -0.05371093750000000000 0 0 1 0 8 352 350 358 340 338 346 349 357 
352 6001 1.06933593750000000000 -0.05371093750000000000 0 0 1 0 8 355 353 361 351 349 357 350 358 
353 6002 1.07910156250000000000 -0.04394531250000000000 0 0 1 0 8 354 332 356 350 328 352 331 355 
354 6003 1.08886718750000000000 -0.04394531250000000000 0 0 1 0 8 441 440 442 353 331 355 332 356 
355 6004 1.07910156250000000000 -0.05371093750000000000 0 0 1 0 8 356 354 362 352 350 358 353 361 
356 6005 1.08886718750000000000 -0.05371093750000000000 0 0 1 0 8 441 440 442 355 353 361 354 362 
357 6006 1.05957031250000000000 -0.06347656250000000000 0 0 1 0 8 358 352 360 346 340 348 351 359 
358 6007 1.06933593750000000000 -0.06347656250000000000 0 0 1 0 8 361 355 363 357 351 359 352 360 
359 6008 1.05957031250000000000 -0.07324218750000000000 0 0 1 0 8 360 358 433 348 346 430 357 434 
360 6009 1.06933593750000000000 -0.07324218750000000000 0 0 1 0 8 363 361 434 359 357 433 358 430 
361 6010 1.07910156250000000000 -0.06347656250000000000 0 0 1 0 8 362 356 364 358 352 360 355 363 
362 6011 1.08886718750000000000 -0.06347656250000000000 0 0 1 0 8 442 441 546 361 355 363 356 364 
363 6012 1.07910156250000000000 -0.07324218750000000000 0 0 1 0 8 364 362 434 360 358 433 361 546 
364 6013 1.08886718750000000000 -0.07324218750000000000 0 0 1 0 8 442 441 546 363 361 434 362 433 
365 6014 0.94238281250000000000 -0.08300781250000000000 0 0 1 0 9 366 264 368 117 100 119 261 260 367 
366 6015 0.95214843750000000000 -0.08300781250000000000 0 0 1 0 9 369 276 371 365 261 367 265 264 368 
367 6016 0.94238281250000000000 -0.09277343750000000000 0 0 1 0 8 368 366 374 119 117 125 365 373 
368 6017 0.95214843750000000000 -0.09277343750000000000 0 0 1 0 8 371 369 377 367 365 373 366 374 
369 6018 0.96191406250000000000 -0.08300781250000000000 0 0 1 0 9 370 280 372 366 265 368 277 276 371 
370 6019 0.97167968750000000000 -0.08300781250000000000 0 0 1 0 9 381 292 383 369 277 371 281 280 372 
371 6020 0.96191406250000000000 -0.09277343750000000000 0 0 1 0 8 372 370 378 368 366 374 369 377 
372 6021 0.97167968750000000000 -0.09277343750000000000 0 0 1 0 8 383 381 389 371 369 377 370 378 
373 6022 0.94238281250000000000 -0.10253906250000000000 0 0 1 0 8 374 368 376 125 119 127 367 375 
374 6023 0.95214843750000000000 -0.10253906250000000000 0 0 1 0 8 377 371 379 373 367 375 368 376 
375 6024 0.94238281250000000000 -0.11230468750000000000 0 0 1 0 8 376 374 398 127 125 149 373 397 
376 6025 0.95214843750000000000 -0.11230468750000000000 0 0 1 0 8 379 377 401 375 373 397 374 398 
377 6026 0.96191406250000000000 -0.10253906250000000000 0 0 1 0 8 378 372 380 374 368 376 371 379 
378 6027 0.97167968750000000000 -0.10253906250000000000 0 0 1 0 8 389 383 391 377 371 379 372 380 
379 6028 0.96191406250000000000 -0.11230468750000000000 0 0 1 0 8 380 378 402 376 374 398 377 401 
380 6029 0.97167968750000000000 -0.11230468750000000000 0 0 1 0 8 391 389 413 379 377 401 378 402 
381 6030 0.98144531250000000000 -0.08300781250000000000 0 0 1 0 8 382 293 384 370 281 372 292 383 
382 6031 0.99121093750000000000 -0.08300781250000000000 0 0 1 0 8 385 296 387 381 292 383 293 384 
383 6032 0.98144531250000000000 -0.09277343750000000000 0 0 1 0 8 384 382 390 372 370 378 381 389 
384 6033 0.99121093750000000000 -0.09277343750000000000 0 0 1 0 8 387 385 393 383 381 389 382 390 
385 6034 1.00097656250000000000 -0.08300781250000000000 0 0 1 0 8 386 297 388 382 293 384 296 387 
386 6035 1.01074218750000000000 -0.08300781250000000000 0 0 1 0 8 429 431 385 296 387 297 343 388 
387 6036 1.00097656250000000000 -0.09277343750000000000 0 0 1 0 8 388 386 394 384 382 390 385 393 
388 6037 1.01074218750000000000 -0.09277343750000000000 0 0 1 0 7 429 431 387 385 393 386 394 
389 6038 0.98144531250000000000 -0.10253906250000000000 0 0 1 0 8 390 384 392 378 372 380 383 391 
390 6039 0.99121093750000000000 -0.10253906250000000000 0 0 1 0 8 393 387 395 389 383 391 384 392 
391 6040 0.98144531250000000000 -0.11230468750000000000 0 0 1 0 8 392 390 414 380 378 402 389 413 
392 6041 0.99121093750000000000 -0.11230468750000000000 0 0 1 0 8 395 393 417 391 389 413 390 414 
393 6042 1.00097656250000000000 -0.10253906250000000000 0 0 1 0 8 394 388 396 390 384 392 387 395 
394 6043 1.01074218750000000000 -0.10253906250000000000 0 0 1 0 8 431 429 436 393 387 395 388 396 
395 6044 1.00097656250000000000 -0.11230468750000000000 0 0 1 0 8 396 394 418 392 390 414 393 417 
396 6045 1.01074218750000000000 -0.11230468750000000000 0 0 1 0 8 431 429 436 395 393 417 394 418 
397 6046 0.94238281250000000000 -0.12207031250000000000 0 0 1 0 8 398 376 400 149 127 151 375 399 
398 6047 0.95214843750000000000 -0.12207031250000000000 0 0 1 0 8 401 379 403 397 375 399 376 400 
399 6048 0.94238281250000000000 -0.13183593750000000000 0 0 1 0 8 400 398 406 151 149 157 397 405 
400 6049 0.95214843750000000000 -0.13183593750000000000 0 0 1 0 8 403 401 409 399 397 405 398 406 
401 6050 0.96191406250000000000 -0.12207031250000000000 0 0 1 0 8 402 380 404 398 376 400 379 403 
402 6051 0.97167968750000000000 -0.12207031250000000000 0 0 1 0 8 413 391 415 401 379 403 380 404 
403 6052 0.96191406250000000000 -0.13183593750000000000 0 0 1 0 8 404 402 410 400 398 406 401 409 
404 6053 0.97167968750000000000 -0.13183593750000000000 0 0 1 0 8 415 413 421 403 401 409 402 410 
405 6054 0.94238281250000000000 -0.14160156250000000000 0 0 1 0 8 406 400 408 157 151 159 399 407 
406 6055 0.95214843750000000000 -0.14160156250000000000 0 0 1 0 8 409 403 411 405 399 407 400 408 
407 6056 0.94238281250000000000 -0.15136718750000000000 0 0 1 0 8 408 406 443 159 157 164 405 444 
408 6057 0.95214843750000000000 -0.15136718750000000000 0 0 1 0 8 411 409 444 407 405 443 406 164 
409 6058 0.96191406250000000000 -0.14160156250000000000 0 0 1 0 8 410 404 412 406 400 408 403 411 
410 6059 0.97167968750000000000 -0.14160156250000000000 0 0 1 0 8 421 415 423 409 403 411 404 412 
411 6060 0.96191406250000000000 -0.15136718750000000000 0 0 1 0 8 412 410 444 408 406 443 409 445 
412 6061 0.97167968750000000000 -0.15136718750000000000 0 0 1 0 8 423 421 445 411 409 444 410 443 
413 6062 0.98144531250000000000 -0.12207031250000000000 0 0 1 0 8 414 392 416 402 380 404 391 415 
414 6063 0.99121093750000000000 -0.12207031250000000000 0 0 1 0 8 417 395 419 413 391 415 392 416 
415 6064 0.98144531250000000000 -0.13183593750000000000 0 0 1 0 8 416 414 422 404 402 410 413 421 
416 6065 0.99121093750000000000 -0.13183593750000000000 0 0 1 0 8 419 417 425 415 413 421 414 422 
417 6066 1.00097656250000000000 -0.12207031250000000000 0 0 1 0 8 418 396 420 414 392 416 395 419 
418 6067 1.01074218750000000000 -0.12207031250000000000 0 0 1 0 8 436 431 438 417 395 419 396 420 
419 6068 1.00097656250000000000 -0.13183593750000000000 0 0 1 0 8 420 418 426 416 414 422 417 425 
420 6069 1.01074218750000000000 -0.13183593750000000000 0 0 1 0 8 436 431 438 419 417 425 418 426 
421 6070 0.98144531250000000000 -0.14160156250000000000 0 0 1 0 8 422 416 424 410 404 412 415 423 
422 6071 0.99121093750000000000 -0.14160156250000000000 0 0 1 0 8 425 419 427 421 415 423 416 424 
423 6072 0.98144531250000000000 -0.15136718750000000000 0 0 1 0 8 424 422 445 412 410 444 421 446 
424 6073 0.99121093750000000000 -0.15136718750000000000 0 0 1 0 8 427 425 446 423 421 445 422 444 
425 6074 1.00097656250000000000 -0.14160156250000000000 0 0 1 0 8 426 420 428 422 416 424 419 427 
426 6075 1.01074218750000000000 -0.14160156250000000000 0 0 1 0 8 438 436 553 425 419 427 420 428 
427 6076 1.00097656250000000000 -0.15136718750000000000 0 0 1 0 8 428 426 446 424 422 445 425 553 
428 6077 1.01074218750000000000 -0.15136718750000000000 0 0 1 0 8 438 436 553 427 425 446 426 445 
429 6078 1.02539062500000000000 -0.08789062500000000000 0 0 1 0 11 430 347 432 386 297 388 394 344 343 431 396 
430 6079 1.04492187500000000000 -0.08789062500000000000 0 0 1 0 9 433 359 435 429 344 431 348 347 432 
431 6080 1.02539062500000000000 -0.10742187500000000000 0 0 1 0 10 432 430 437 394 388 396 418 429 436 420 
432 6081 1.04492187500000000000 -0.10742187500000000000 0 0 1 0 8 435 433 539 431 429 436 430 437 
433 6082 1.06445312500000000000 -0.08789062500000000000 0 0 1 0 9 434 363 537 430 348 432 360 359 435 
434 6083 1.08398437500000000000 -0.08789062500000000000 0 0 1 0 9 546 442 548 433 360 435 364 363 537 
435 6084 1.06445312500000000000 -0.10742187500000000000 0 0 1 0 8 537 434 540 432 430 437 433 539 
436 6085 1.02539062500000000000 -0.12695312500000000000 0 0 1 0 10 437 432 538 418 396 420 426 431 438 428 
437 6086 1.04492187500000000000 -0.12695312500000000000 0 0 1 0 8 539 435 541 436 431 438 432 538 
438 6087 1.02539062500000000000 -0.14648437500000000000 0 0 1 0 9 538 437 554 426 420 428 446 436 553 
439 6088 1.10351562500000000000 -0.00976562500000000000 0 0 1 0 10 542 452 543 322 450 324 330 451 440 332 
440 6089 1.10351562500000000000 -0.02929687500000000000 0 0 1 0 10 543 542 544 330 324 332 354 439 441 356 
441 6090 1.10351562500000000000 -0.04882812500000000000 0 0 1 0 10 544 543 545 354 332 356 362 440 442 364 
442 6091 1.10351562500000000000 -0.06835937500000000000 0 0 1 0 9 545 544 547 362 356 364 434 441 546 
443 6092 0.94726562500000000000 -0.16601562500000000000 0 0 1 0 9 444 411 550 164 159 501 408 407 549 
444 6093 0.96679687500000000000 -0.16601562500000000000 0 0 1 0 9 445 423 551 443 408 549 412 411 550 
445 6094 0.98632812500000000000 -0.16601562500000000000 0 0 1 0 9 446 427 552 444 412 550 424 423 551 
446 6095 1.00585937500000000000 -0.16601562500000000000 0 0 1 0 9 553 438 555 445 424 551 428 427 552 
