435 3499 0.77905530000000000612 0.02752167000000000155 
436 2204 0.82200280908646583544 0.02272063011094730550 
437 16872 0.60546875000000000000 0.52734375000000000000 
438 16873 0.56640625000000000000 0.48828125000000000000 
439 16874 0.60546875000000000000 0.48828125000000000000 
440 16884 0.52734375000000000000 0.44921875000000000000 
441 16886 0.52734375000000000000 0.41015625000000000000 
442 16887 0.56640625000000000000 0.44921875000000000000 
443 914 0.52734375000000000000 0.37109375000000000000 
444 916 0.52734375000000000000 0.33203125000000000000 
445 917 0.56640625000000000000 0.33203125000000000000 
446 1086 0.57617187500000000000 0.30273437500000000000 
447 1088 0.57617187500000000000 0.28320312500000000000 
448 1089 0.59570312500000000000 0.30273437500000000000 
449 1090 0.59570312500000000000 0.28320312500000000000 
450 1095 0.59570312500000000000 0.26367187500000000000 
451 1096 0.59570312500000000000 0.24414062500000000000 
452 1117 0.59570312500000000000 0.22460937500000000000 
453 1118 0.59570312500000000000 0.20507812500000000000 
454 1123 0.59570312500000000000 0.18554687500000000000 
455 3075 0.59570312500000000000 0.16601562500000000000 
456 3076 0.61523437500000000000 0.16601562500000000000 
457 16903 0.64453125000000000000 0.56640625000000000000 
458 16205 0.68359375000000000000 0.56640625000000000000 
459 16208 0.72265625000000000000 0.56640625000000000000 
460 16904 0.64453125000000000000 0.52734375000000000000 
461 16210 0.72265625000000000000 0.52734375000000000000 
462 16211 0.76171875000000000000 0.52734375000000000000 
463 16212 0.76171875000000000000 0.48828125000000000000 
464 16223 0.80078125000000000000 0.48828125000000000000 
465 16229 0.80078125000000000000 0.44921875000000000000 
466 16230 0.83984375000000000000 0.44921875000000000000 
467 16231 0.83984375000000000000 0.41015625000000000000 
468 16234 0.87890625000000000000 0.41015625000000000000 
469 16236 0.87890625000000000000 0.37109375000000000000 
470 16237 0.91796875000000000000 0.37109375000000000000 
471 16278 0.95703125000000000000 0.37109375000000000000 
472 16279 0.99609375000000000000 0.37109375000000000000 
473 16280 1.03515625000000000000 0.37109375000000000000 
474 6964 1.03515625000000000000 0.33203125000000000000 
475 3357 0.63476562500000000000 0.16601562500000000000 
476 2215 0.88867187500000000000 0.16601562500000000000 
477 2216 0.90820312500000000000 0.16601562500000000000 
478 2217 0.92773437500000000000 0.16601562500000000000 
479 3359 0.63964843750000000000 0.15136718750000000000 
480 3361 0.63964843750000000000 0.14160156250000000000 
481 3362 0.64941406250000000000 0.15136718750000000000 
482 3363 0.64941406250000000000 0.14160156250000000000 
483 3368 0.64941406250000000000 0.13183593750000000000 
484 3369 0.65917968750000000000 0.13183593750000000000 
485 3371 0.65917968750000000000 0.12207031250000000000 
486 3372 0.66894531250000000000 0.12207031250000000000 
487 3389 0.66894531250000000000 0.11230468750000000000 
488 3500 0.67871093750000000000 0.11230468750000000000 
489 3503 0.68847656250000000000 0.11230468750000000000 
490 3504 0.69824218750000000000 0.11230468750000000000 
491 3515 0.70800781250000000000 0.11230468750000000000 
492 3516 0.71777343750000000000 0.11230468750000000000 
493 3518 0.71777343750000000000 0.10253906250000000000 
494 3519 0.72753906250000000000 0.10253906250000000000 
495 3520 0.73730468750000000000 0.10253906250000000000 
496 3529 0.74707031250000000000 0.10253906250000000000 
497 3530 0.75683593750000000000 0.10253906250000000000 
498 3532 0.75683593750000000000 0.09277343750000000000 
499 3535 0.76660156250000000000 0.09277343750000000000 
500 3536 0.76660156250000000000 0.08300781250000000000 
501 3537 0.77636718750000000000 0.08300781250000000000 
502 3795 0.77880859375000000000 0.07568359375000000000 
503 3797 0.77880859375000000000 0.07080078125000000000 
504 2218 0.85449218750000000000 0.12207031250000000000 
505 2219 0.83496093750000000000 0.10253906250000000000 
506 2220 0.84472656250000000000 0.11230468750000000000 
507 2221 0.85449218750000000000 0.11230468750000000000 
508 2222 0.84472656250000000000 0.10253906250000000000 
509 2224 0.82519531250000000000 0.09277343750000000000 
510 2225 0.83496093750000000000 0.09277343750000000000 
511 2226 0.82519531250000000000 0.08300781250000000000 
512 2232 0.87402343750000000000 0.14160156250000000000 
513 2233 0.88378906250000000000 0.15136718750000000000 
514 2235 0.88378906250000000000 0.14160156250000000000 
515 2237 0.86425781250000000000 0.13183593750000000000 
516 2238 0.87402343750000000000 0.13183593750000000000 
517 2239 0.86425781250000000000 0.12207031250000000000 
518 3874 0.78369140625000000000 0.07568359375000000000 
519 3875 0.78369140625000000000 0.07080078125000000000 
520 3876 0.78857421875000000000 0.07080078125000000000 
521 3878 0.78857421875000000000 0.06591796875000000000 
522 3880 0.78857421875000000000 0.06103515625000000000 
523 2293 0.81787109375000000000 0.07568359375000000000 
524 2294 0.81787109375000000000 0.07080078125000000000 
525 2295 0.81787109375000000000 0.06591796875000000000 
526 2296 0.81787109375000000000 0.06103515625000000000 
527 3882 0.78857421875000000000 0.05615234375000000000 
528 3884 0.78857421875000000000 0.05126953125000000000 
529 3886 0.78857421875000000000 0.04638671875000000000 
530 3888 0.78857421875000000000 0.04150390625000000000 
531 3889 0.79345703125000000000 0.04150390625000000000 
532 2297 0.81787109375000000000 0.05615234375000000000 
533 2298 0.81787109375000000000 0.05126953125000000000 
534 2299 0.81787109375000000000 0.04638671875000000000 
535 2300 0.82275390625000000000 0.07568359375000000000 
536 2302 0.82275390625000000000 0.07080078125000000000 
537 2340 0.82275390625000000000 0.04638671875000000000 
538 2342 0.82275390625000000000 0.04150390625000000000 
539 2343 0.82763671875000000000 0.04150390625000000000 
540 3895 0.78979492187500000000 0.03784179687500000000 
541 3896 0.78735351562500000000 0.03540039062500000000 
542 3897 0.78979492187500000000 0.03540039062500000000 
543 3899 0.78491210937500000000 0.03295898437500000000 
544 3901 0.78491210937500000000 0.03051757812500000000 
545 3902 0.78735351562500000000 0.03295898437500000000 
546 3903 0.79223632812500000000 0.03784179687500000000 
547 2364 0.82397460937500000000 0.03784179687500000000 
548 2365 0.82397460937500000000 0.03540039062500000000 
549 2370 0.82397460937500000000 0.03295898437500000000 
550 2371 0.82397460937500000000 0.03051757812500000000 
551 2392 0.82397460937500000000 0.02807617187500000000 
552 2393 0.82397460937500000000 0.02563476562500000000 
553 2398 0.82397460937500000000 0.02319335937500000000 
554 6973 1.00585937500000000000 0.24414062500000000000 
555 6974 1.02539062500000000000 0.30273437500000000000 
556 6976 1.02539062500000000000 0.28320312500000000000 
557 6982 1.02539062500000000000 0.26367187500000000000 
558 6984 1.02539062500000000000 0.24414062500000000000 
559 6990 0.96679687500000000000 0.20507812500000000000 
560 6991 0.98632812500000000000 0.22460937500000000000 
561 6992 1.00585937500000000000 0.22460937500000000000 
562 6993 0.98632812500000000000 0.20507812500000000000 
563 6995 0.94726562500000000000 0.18554687500000000000 
564 6996 0.96679687500000000000 0.18554687500000000000 
565 6997 0.94726562500000000000 0.16601562500000000000 
