425 3908 0.81825932000000001221 0.02314901100000000059 
426 2628 0.87450488000000003996 0.01650936100000000017 
427 4070 0.86914062500000000000 0.18554687500000000000 
428 4071 0.88867187500000000000 0.18554687500000000000 
429 4072 0.86914062500000000000 0.16601562500000000000 
430 4073 0.90820312500000000000 0.18554687500000000000 
431 4074 0.92773437500000000000 0.18554687500000000000 
432 4156 0.85449218750000000000 0.14160156250000000000 
433 4160 0.83496093750000000000 0.12207031250000000000 
434 4161 0.84472656250000000000 0.13183593750000000000 
435 4162 0.85449218750000000000 0.13183593750000000000 
436 4163 0.84472656250000000000 0.12207031250000000000 
437 4171 0.81542968750000000000 0.10253906250000000000 
438 4177 0.81542968750000000000 0.09277343750000000000 
439 4178 0.80566406250000000000 0.08300781250000000000 
440 4179 0.81542968750000000000 0.08300781250000000000 
441 4180 0.82519531250000000000 0.11230468750000000000 
442 4181 0.83496093750000000000 0.11230468750000000000 
443 4182 0.82519531250000000000 0.10253906250000000000 
444 4183 0.86425781250000000000 0.15136718750000000000 
445 4184 0.87402343750000000000 0.15136718750000000000 
446 4185 0.86425781250000000000 0.14160156250000000000 
447 4199 0.81298828125000000000 0.07568359375000000000 
448 4200 0.81298828125000000000 0.07080078125000000000 
449 4205 0.81298828125000000000 0.06591796875000000000 
450 4206 0.81298828125000000000 0.06103515625000000000 
451 4218 0.81298828125000000000 0.05615234375000000000 
452 4219 0.81298828125000000000 0.05126953125000000000 
453 4224 0.81298828125000000000 0.04638671875000000000 
454 4225 0.81298828125000000000 0.04150390625000000000 
455 4226 0.81787109375000000000 0.04150390625000000000 
456 4267 0.81909179687500000000 0.03784179687500000000 
457 4269 0.81909179687500000000 0.03540039062500000000 
458 4313 0.81970214843750000000 0.02502441406250000000 
459 4314 0.82153320312500000000 0.03784179687500000000 
460 4315 0.82153320312500000000 0.03540039062500000000 
461 4316 0.82153320312500000000 0.03295898437500000000 
462 4317 0.82153320312500000000 0.03051757812500000000 
463 4318 0.82153320312500000000 0.02807617187500000000 
464 4319 0.82153320312500000000 0.02563476562500000000 
465 2645 0.89599609375000000000 0.05615234375000000000 
466 2646 0.89111328125000000000 0.05126953125000000000 
467 2647 0.89599609375000000000 0.05126953125000000000 
468 2648 0.88623046875000000000 0.04638671875000000000 
469 2649 0.88134765625000000000 0.04150390625000000000 
470 2650 0.88623046875000000000 0.04150390625000000000 
471 2651 0.89111328125000000000 0.04638671875000000000 
472 6970 0.93505859375000000000 0.07080078125000000000 
473 6971 0.93505859375000000000 0.06591796875000000000 
474 6972 0.93505859375000000000 0.06103515625000000000 
475 2655 0.90087890625000000000 0.05615234375000000000 
476 2656 0.90576171875000000000 0.05615234375000000000 
477 2659 0.91064453125000000000 0.05615234375000000000 
478 2660 0.91552734375000000000 0.05615234375000000000 
479 2671 0.92041015625000000000 0.05615234375000000000 
480 2672 0.92529296875000000000 0.05615234375000000000 
481 2675 0.93017578125000000000 0.05615234375000000000 
482 2676 0.93505859375000000000 0.05615234375000000000 
483 2687 0.87768554687500000000 0.03784179687500000000 
484 2688 0.87768554687500000000 0.03540039062500000000 
485 2689 0.87768554687500000000 0.03295898437500000000 
486 2690 0.87768554687500000000 0.03051757812500000000 
487 2691 0.87280273437500000000 0.02563476562500000000 
488 2692 0.87524414062500000000 0.02807617187500000000 
489 2693 0.87768554687500000000 0.02807617187500000000 
490 2694 0.87524414062500000000 0.02563476562500000000 
491 2696 0.87280273437500000000 0.02319335937500000000 
492 2697 0.87280273437500000000 0.02075195312500000000 
493 2700 0.87524414062500000000 0.02075195312500000000 
494 2702 0.88012695312500000000 0.03784179687500000000 
495 2704 0.88012695312500000000 0.03540039062500000000 
496 6995 0.94726562500000000000 0.18554687500000000000 
497 6997 0.94726562500000000000 0.16601562500000000000 
498 7035 0.94238281250000000000 0.15136718750000000000 
499 7037 0.94238281250000000000 0.14160156250000000000 
500 7043 0.94238281250000000000 0.13183593750000000000 
501 7045 0.94238281250000000000 0.12207031250000000000 
502 7046 0.95214843750000000000 0.12207031250000000000 
503 7067 0.95214843750000000000 0.11230468750000000000 
504 7068 0.95214843750000000000 0.10253906250000000000 
505 7073 0.95214843750000000000 0.09277343750000000000 
506 7074 0.94238281250000000000 0.08300781250000000000 
507 7075 0.95214843750000000000 0.08300781250000000000 
508 7112 0.93994140625000000000 0.07568359375000000000 
509 7114 0.93994140625000000000 0.07080078125000000000 
