445 10463 0.11593133999999999384 -0.04901951200000000120 
446 10875 0.02283595600000000100 -0.02496500700000000086 
447 11275 0.01647949218750000000 -0.02868652343750000000 
448 11277 0.01892089843750000000 -0.02746582031250000000 
449 11278 0.01770019531250000000 -0.02868652343750000000 
450 11279 0.01892089843750000000 -0.02868652343750000000 
451 11289 0.01342773437500000000 -0.03051757812500000000 
452 11291 0.01342773437500000000 -0.03295898437500000000 
453 11292 0.01586914062500000000 -0.03051757812500000000 
454 9357 0.01342773437500000000 -0.03540039062500000000 
455 9359 0.01342773437500000000 -0.03784179687500000000 
456 9360 0.01586914062500000000 -0.03784179687500000000 
457 11294 0.02136230468750000000 -0.02502441406250000000 
458 11295 0.02014160156250000000 -0.02624511718750000000 
459 11296 0.02136230468750000000 -0.02624511718750000000 
460 11297 0.02014160156250000000 -0.02746582031250000000 
461 9381 0.01586914062500000000 -0.04028320312500000000 
462 9382 0.01831054687500000000 -0.04028320312500000000 
463 9384 0.01831054687500000000 -0.04272460937500000000 
464 9425 0.02075195312500000000 -0.04272460937500000000 
465 9426 0.02319335937500000000 -0.04272460937500000000 
466 9427 0.02563476562500000000 -0.04272460937500000000 
467 9428 0.02807617187500000000 -0.04272460937500000000 
468 9434 0.02807617187500000000 -0.04516601562500000000 
469 9437 0.03051757812500000000 -0.04516601562500000000 
470 9438 0.03051757812500000000 -0.04760742187500000000 
471 9439 0.03295898437500000000 -0.04760742187500000000 
472 9440 0.03540039062500000000 -0.04760742187500000000 
473 9461 0.03540039062500000000 -0.05004882812500000000 
474 9462 0.03784179687500000000 -0.05004882812500000000 
475 9464 0.03784179687500000000 -0.05249023437500000000 
476 9505 0.04028320312500000000 -0.05249023437500000000 
477 9506 0.04028320312500000000 -0.05493164062500000000 
478 9507 0.04272460937500000000 -0.05493164062500000000 
479 9509 0.04272460937500000000 -0.05737304687500000000 
480 9510 0.04516601562500000000 -0.05737304687500000000 
481 9511 0.04150390625000000000 -0.06103515625000000000 
482 9512 0.04638671875000000000 -0.06103515625000000000 
483 9514 0.04638671875000000000 -0.06591796875000000000 
484 9515 0.05126953125000000000 -0.06591796875000000000 
485 9520 0.05126953125000000000 -0.07080078125000000000 
486 9521 0.05615234375000000000 -0.07080078125000000000 
487 9523 0.05615234375000000000 -0.07568359375000000000 
488 9524 0.06103515625000000000 -0.07568359375000000000 
489 10464 0.11474609375000000000 -0.05615234375000000000 
490 10465 0.08544921875000000000 -0.07080078125000000000 
491 10466 0.08056640625000000000 -0.07568359375000000000 
492 10467 0.08544921875000000000 -0.07568359375000000000 
493 10468 0.09033203125000000000 -0.07080078125000000000 
494 10469 0.09521484375000000000 -0.07080078125000000000 
495 10472 0.10498046875000000000 -0.06591796875000000000 
496 10473 0.10986328125000000000 -0.06103515625000000000 
497 10474 0.11474609375000000000 -0.06103515625000000000 
498 10475 0.10986328125000000000 -0.06591796875000000000 
499 10477 0.10009765625000000000 -0.07080078125000000000 
500 10478 0.10498046875000000000 -0.07080078125000000000 
501 10485 0.11840820312500000000 -0.05249023437500000000 
502 9542 0.05371093750000000000 -0.08300781250000000000 
503 9545 0.06347656250000000000 -0.08300781250000000000 
504 10647 0.07324218750000000000 -0.08300781250000000000 
505 10651 0.08056640625000000000 -0.08056640625000000000 
