529 432 97
1 8267 0.99792480468750000000 0.00671386718750000000 0 0 1 0 8 4 439 6 441 437 2 438 3 
2 8268 0.99670410156250000000 0.00549316406250000000 0 0 1 0 11 3 1 18 434 433 435 441 15 436 16 20 
3 8269 0.99792480468750000000 0.00549316406250000000 0 0 1 0 11 6 4 25 2 441 16 1 18 17 19 27 
4 8270 0.99914550781250000000 0.00671386718750000000 0 0 1 0 8 5 440 7 1 438 3 439 6 
5 8271 1.00036621093750000000 0.00671386718750000000 0 0 1 0 8 8 442 10 4 439 6 440 7 
6 8272 0.99914550781250000000 0.00549316406250000000 0 0 1 0 11 7 5 29 3 1 19 4 25 21 26 31 
7 8273 1.00036621093750000000 0.00549316406250000000 0 0 1 0 11 10 8 136 6 4 26 5 29 28 30 138 
8 8274 1.00158691406250000000 0.00671386718750000000 0 0 1 0 8 9 443 11 5 440 7 442 10 
9 8275 1.00280761718750000000 0.00671386718750000000 0 0 1 0 8 12 444 13 8 442 10 443 11 
10 8276 1.00158691406250000000 0.00549316406250000000 0 0 1 0 11 11 9 140 7 5 30 8 136 32 137 142 
11 8277 1.00280761718750000000 0.00549316406250000000 0 0 1 0 11 13 12 152 10 8 137 9 140 139 141 154 
12 8278 1.00402832031250000000 0.00671386718750000000 0 0 1 0 8 446 445 14 9 443 11 444 13 
13 8279 1.00402832031250000000 0.00549316406250000000 0 0 1 0 11 14 446 156 11 9 141 12 152 143 153 158 
14 8280 1.00524902343750000000 0.00549316406250000000 0 0 1 0 10 482 481 248 13 12 153 446 156 155 157 
15 8281 0.99639892578125000000 0.00457763671875000000 0 0 1 0 8 16 2 17 435 434 436 3 447 
16 8282 0.99700927734375000000 0.00457763671875000000 0 0 1 0 8 18 3 20 15 2 447 434 17 
17 8283 0.99700927734375000000 0.00396728515625000000 0 0 1 0 8 20 18 22 447 15 448 16 449 
18 8284 0.99761962890625000000 0.00457763671875000000 0 0 1 0 8 19 3 21 16 2 17 6 20 
19 8285 0.99822998046875000000 0.00457763671875000000 0 0 1 0 8 25 6 27 18 3 20 2 21 
20 8286 0.99761962890625000000 0.00396728515625000000 0 0 1 0 8 21 19 23 17 16 449 18 22 
21 8287 0.99822998046875000000 0.00396728515625000000 0 0 1 0 8 27 25 33 20 18 22 19 23 
22 8288 0.99761962890625000000 0.00335693359375000000 0 0 1 0 8 23 21 24 449 17 450 20 451 
23 8289 0.99822998046875000000 0.00335693359375000000 0 0 1 0 8 33 27 35 22 20 451 21 24 
24 8290 0.99822998046875000000 0.00274658203125000000 0 0 1 0 11 35 33 46 451 22 452 23 41 453 42 48 
25 8291 0.99884033203125000000 0.00457763671875000000 0 0 1 0 8 26 6 28 19 3 21 7 27 
26 8292 0.99945068359375000000 0.00457763671875000000 0 0 1 0 8 29 7 31 25 6 27 3 28 
27 8293 0.99884033203125000000 0.00396728515625000000 0 0 1 0 8 28 26 34 21 19 23 25 33 
28 8294 0.99945068359375000000 0.00396728515625000000 0 0 1 0 8 31 29 37 27 25 33 26 34 
29 8295 1.00006103515625000000 0.00457763671875000000 0 0 1 0 8 30 7 32 26 6 28 10 31 
30 8296 1.00067138671875000000 0.00457763671875000000 0 0 1 0 8 136 10 138 29 7 31 6 32 
31 8297 1.00006103515625000000 0.00396728515625000000 0 0 1 0 8 32 30 38 28 26 34 29 37 
32 8298 1.00067138671875000000 0.00396728515625000000 0 0 1 0 8 138 136 144 31 29 37 30 38 
33 8299 0.99884033203125000000 0.00335693359375000000 0 0 1 0 8 34 28 36 23 21 24 27 35 
34 8300 0.99945068359375000000 0.00335693359375000000 0 0 1 0 8 37 31 39 33 27 35 28 36 
35 8301 0.99884033203125000000 0.00274658203125000000 0 0 1 0 11 36 34 50 24 23 42 33 46 44 47 52 
36 8302 0.99945068359375000000 0.00274658203125000000 0 0 1 0 11 39 37 62 35 33 47 34 50 49 51 64 
37 8303 1.00006103515625000000 0.00335693359375000000 0 0 1 0 8 38 32 40 34 28 36 31 39 
38 8304 1.00067138671875000000 0.00335693359375000000 0 0 1 0 8 144 138 146 37 31 39 32 40 
39 8305 1.00006103515625000000 0.00274658203125000000 0 0 1 0 11 40 38 66 36 34 51 37 62 53 63 68 
40 8306 1.00067138671875000000 0.00274658203125000000 0 0 1 0 11 146 144 168 39 37 63 38 66 65 67 170 
41 8307 0.99807739257812500000 0.00228881835937500000 0 0 1 0 8 42 24 44 452 451 453 35 43 
42 8308 0.99838256835937500000 0.00228881835937500000 0 0 1 0 8 46 35 48 41 24 43 451 44 
43 8309 0.99807739257812500000 0.00198364257812500000 0 0 1 0 8 44 42 45 453 452 454 41 455 
44 8310 0.99838256835937500000 0.00198364257812500000 0 0 1 0 8 48 46 54 43 41 455 42 45 
45 8311 0.99838256835937500000 0.00167846679687500000 0 0 1 0 8 54 48 56 455 43 456 44 457 
46 8312 0.99868774414062500000 0.00228881835937500000 0 0 1 0 8 47 35 49 42 24 44 36 48 
47 8313 0.99899291992187500000 0.00228881835937500000 0 0 1 0 8 50 36 52 46 35 48 24 49 
48 8314 0.99868774414062500000 0.00198364257812500000 0 0 1 0 8 49 47 55 44 42 45 46 54 
49 8315 0.99899291992187500000 0.00198364257812500000 0 0 1 0 8 52 50 58 48 46 54 47 55 
50 8316 0.99929809570312500000 0.00228881835937500000 0 0 1 0 8 51 36 53 47 35 49 39 52 
51 8317 0.99960327148437500000 0.00228881835937500000 0 0 1 0 8 62 39 64 50 36 52 35 53 
52 8318 0.99929809570312500000 0.00198364257812500000 0 0 1 0 8 53 51 59 49 47 55 50 58 
53 8319 0.99960327148437500000 0.00198364257812500000 0 0 1 0 8 64 62 70 52 50 58 51 59 
54 8320 0.99868774414062500000 0.00167846679687500000 0 0 1 0 8 55 49 57 45 44 457 48 56 
55 8321 0.99899291992187500000 0.00167846679687500000 0 0 1 0 8 58 52 60 54 48 56 49 57 
56 8322 0.99868774414062500000 0.00137329101562500000 0 0 1 0 11 57 55 79 457 45 458 54 460 459 78 81 
57 8323 0.99899291992187500000 0.00137329101562500000 0 0 1 0 11 60 58 84 56 54 78 55 79 462 80 86 
58 8324 0.99929809570312500000 0.00167846679687500000 0 0 1 0 8 59 53 61 55 49 57 52 60 
59 8325 0.99960327148437500000 0.00167846679687500000 0 0 1 0 8 70 64 72 58 52 60 53 61 
60 8326 0.99929809570312500000 0.00137329101562500000 0 0 1 0 11 61 59 88 57 55 80 58 84 82 85 90 
61 8327 0.99960327148437500000 0.00137329101562500000 0 0 1 0 11 72 70 96 60 58 85 59 88 87 89 98 
62 8328 0.99990844726562500000 0.00228881835937500000 0 0 1 0 8 63 39 65 51 36 53 40 64 
63 8329 1.00021362304687500000 0.00228881835937500000 0 0 1 0 8 66 40 68 62 39 64 36 65 
64 8330 0.99990844726562500000 0.00198364257812500000 0 0 1 0 8 65 63 71 53 51 59 62 70 
65 8331 1.00021362304687500000 0.00198364257812500000 0 0 1 0 8 68 66 74 64 62 70 63 71 
66 8332 1.00051879882812500000 0.00228881835937500000 0 0 1 0 8 67 40 69 63 39 65 146 68 
67 8333 1.00082397460937500000 0.00228881835937500000 0 0 1 0 8 168 146 170 66 40 68 39 69 
68 8334 1.00051879882812500000 0.00198364257812500000 0 0 1 0 8 69 67 75 65 63 71 66 74 
69 8335 1.00082397460937500000 0.00198364257812500000 0 0 1 0 8 170 168 176 68 66 74 67 75 
70 8336 0.99990844726562500000 0.00167846679687500000 0 0 1 0 8 71 65 73 59 53 61 64 72 
71 8337 1.00021362304687500000 0.00167846679687500000 0 0 1 0 8 74 68 76 70 64 72 65 73 
72 8338 0.99990844726562500000 0.00137329101562500000 0 0 1 0 11 73 71 100 61 59 89 70 96 91 97 102 
73 8339 1.00021362304687500000 0.00137329101562500000 0 0 1 0 11 76 74 108 72 70 97 71 100 99 101 110 
74 8340 1.00051879882812500000 0.00167846679687500000 0 0 1 0 8 75 69 77 71 65 73 68 76 
75 8341 1.00082397460937500000 0.00167846679687500000 0 0 1 0 8 176 170 178 74 68 76 69 77 
76 8342 1.00051879882812500000 0.00137329101562500000 0 0 1 0 11 77 75 112 73 71 101 74 108 103 109 114 
77 8343 1.00082397460937500000 0.00137329101562500000 0 0 1 0 10 178 176 200 76 74 109 75 112 111 113 
78 8344 0.99876403808593750000 0.00114440917968750000 0 0 1 0 8 79 57 81 460 56 461 457 462 
79 8345 0.99891662597656250000 0.00114440917968750000 0 0 1 0 8 80 57 82 78 56 462 60 81 
80 8346 0.99906921386718750000 0.00114440917968750000 0 0 1 0 8 84 60 86 79 57 81 56 82 
81 8347 0.99891662597656250000 0.00099182128906250000 0 0 1 0 8 82 80 83 462 78 463 79 464 
82 8348 0.99906921386718750000 0.00099182128906250000 0 0 1 0 8 86 84 92 81 79 464 80 83 
83 8349 0.99906921386718750000 0.00083923339843750000 0 0 1 0 8 92 86 467 464 81 465 82 466 
84 8350 0.99922180175781250000 0.00114440917968750000 0 0 1 0 8 85 60 87 80 57 82 61 86 
85 8351 0.99937438964843750000 0.00114440917968750000 0 0 1 0 8 88 61 90 84 60 86 57 87 
86 8352 0.99922180175781250000 0.00099182128906250000 0 0 1 0 8 87 85 93 82 80 83 84 92 
87 8353 0.99937438964843750000 0.00099182128906250000 0 0 1 0 8 90 88 94 86 84 92 85 93 
88 8354 0.99952697753906250000 0.00114440917968750000 0 0 1 0 8 89 61 91 85 60 87 72 90 
89 8355 0.99967956542968750000 0.00114440917968750000 0 0 1 0 8 96 72 98 88 61 90 60 91 
90 8356 0.99952697753906250000 0.00099182128906250000 0 0 1 0 8 91 89 95 87 85 93 88 94 
91 8357 0.99967956542968750000 0.00099182128906250000 0 0 1 0 8 98 96 104 90 88 94 89 95 
92 8358 0.99922180175781250000 0.00083923339843750000 0 0 1 0 8 93 87 468 83 82 466 86 467 
93 8359 0.99937438964843750000 0.00083923339843750000 0 0 1 0 8 94 90 469 92 86 467 87 468 
94 8360 0.99952697753906250000 0.00083923339843750000 0 0 1 0 8 95 91 470 93 87 468 90 469 
95 8361 0.99967956542968750000 0.00083923339843750000 0 0 1 0 8 104 98 471 94 90 469 91 470 
96 8362 0.99983215332031250000 0.00114440917968750000 0 0 1 0 8 97 72 99 89 61 91 73 98 
97 8363 0.99998474121093750000 0.00114440917968750000 0 0 1 0 8 100 73 102 96 72 98 61 99 
98 8364 0.99983215332031250000 0.00099182128906250000 0 0 1 0 8 99 97 105 91 89 95 96 104 
99 8365 0.99998474121093750000 0.00099182128906250000 0 0 1 0 8 102 100 106 98 96 104 97 105 
100 8366 1.00013732910156250000 0.00114440917968750000 0 0 1 0 8 101 73 103 97 72 99 76 102 
101 8367 1.00028991699218750000 0.00114440917968750000 0 0 1 0 8 108 76 110 100 73 102 72 103 
102 8368 1.00013732910156250000 0.00099182128906250000 0 0 1 0 8 103 101 107 99 97 105 100 106 
103 8369 1.00028991699218750000 0.00099182128906250000 0 0 1 0 8 110 108 116 102 100 106 101 107 
104 8370 0.99983215332031250000 0.00083923339843750000 0 0 1 0 8 105 99 472 95 91 470 98 471 
105 8371 0.99998474121093750000 0.00083923339843750000 0 0 1 0 8 106 102 473 104 98 471 99 472 
106 8372 1.00013732910156250000 0.00083923339843750000 0 0 1 0 8 107 103 474 105 99 472 102 473 
107 8373 1.00028991699218750000 0.00083923339843750000 0 0 1 0 8 116 110 118 106 102 473 103 474 
108 8374 1.00044250488281250000 0.00114440917968750000 0 0 1 0 8 109 76 111 101 73 103 77 110 
109 8375 1.00059509277343750000 0.00114440917968750000 0 0 1 0 8 112 77 114 108 76 110 73 111 
110 8376 1.00044250488281250000 0.00099182128906250000 0 0 1 0 8 111 109 117 103 101 107 108 116 
111 8377 1.00059509277343750000 0.00099182128906250000 0 0 1 0 8 114 112 120 110 108 116 109 117 
112 8378 1.00074768066406250000 0.00114440917968750000 0 0 1 0 8 113 77 115 109 76 111 178 114 
113 8379 1.00090026855468750000 0.00114440917968750000 0 0 1 0 8 200 178 202 112 77 114 76 115 
114 8380 1.00074768066406250000 0.00099182128906250000 0 0 1 0 8 115 113 121 111 109 117 112 120 
115 8381 1.00090026855468750000 0.00099182128906250000 0 0 1 0 8 200 178 202 114 112 120 113 121 
116 8382 1.00044250488281250000 0.00083923339843750000 0 0 1 0 8 117 111 119 107 103 474 110 118 
117 8383 1.00059509277343750000 0.00083923339843750000 0 0 1 0 8 120 114 122 116 110 118 111 119 
118 8384 1.00044250488281250000 0.00068664550781250000 0 0 1 0 9 119 117 124 474 107 475 116 477 476 
119 8385 1.00059509277343750000 0.00068664550781250000 0 0 1 0 8 122 120 126 118 116 477 117 124 
120 8386 1.00074768066406250000 0.00083923339843750000 0 0 1 0 8 121 115 123 117 111 119 114 122 
121 8387 1.00090026855468750000 0.00083923339843750000 0 0 1 0 8 202 200 208 120 114 122 115 123 
122 8388 1.00074768066406250000 0.00068664550781250000 0 0 1 0 8 123 121 127 119 117 124 120 126 
123 8389 1.00090026855468750000 0.00068664550781250000 0 0 1 0 8 202 200 208 122 120 126 121 127 
124 8390 1.00059509277343750000 0.00053405761718750000 0 0 1 0 8 126 122 128 477 118 478 119 125 
125 8391 1.00059509277343750000 0.00038146972656250000 0 0 1 0 8 128 126 132 478 477 479 124 130 
126 8392 1.00074768066406250000 0.00053405761718750000 0 0 1 0 8 127 123 129 124 119 125 122 128 
127 8393 1.00090026855468750000 0.00053405761718750000 0 0 1 0 8 208 202 210 126 122 128 123 129 
128 8394 1.00074768066406250000 0.00038146972656250000 0 0 1 0 8 129 127 133 125 124 130 126 132 
129 8395 1.00090026855468750000 0.00038146972656250000 0 0 1 0 8 208 202 210 128 126 132 127 133 
130 8396 1.00059509277343750000 0.00022888183593750000 0 0 1 0 8 132 128 134 479 478 480 125 131 
131 8397 1.00059509277343750000 0.00007629394531250000 0 0 1 0 8 134 132 254 480 479 490 130 252 
132 8398 1.00074768066406250000 0.00022888183593750000 0 0 1 0 8 133 129 135 130 125 131 128 134 
133 8399 1.00090026855468750000 0.00022888183593750000 0 0 1 0 8 210 208 311 132 128 134 129 135 
134 8400 1.00074768066406250000 0.00007629394531250000 0 0 1 0 8 135 133 255 131 130 252 132 254 
135 8401 1.00090026855468750000 0.00007629394531250000 0 0 1 0 8 210 208 311 134 132 254 133 255 
136 8402 1.00128173828125000000 0.00457763671875000000 0 0 1 0 8 137 10 139 30 7 32 11 138 
137 8403 1.00189208984375000000 0.00457763671875000000 0 0 1 0 8 140 11 142 136 10 138 7 139 
138 8404 1.00128173828125000000 0.00396728515625000000 0 0 1 0 8 139 137 145 32 30 38 136 144 
139 8405 1.00189208984375000000 0.00396728515625000000 0 0 1 0 8 142 140 148 138 136 144 137 145 
140 8406 1.00250244140625000000 0.00457763671875000000 0 0 1 0 8 141 11 143 137 10 139 13 142 
141 8407 1.00311279296875000000 0.00457763671875000000 0 0 1 0 8 152 13 154 140 11 142 10 143 
142 8408 1.00250244140625000000 0.00396728515625000000 0 0 1 0 8 143 141 149 139 137 145 140 148 
143 8409 1.00311279296875000000 0.00396728515625000000 0 0 1 0 8 154 152 160 142 140 148 141 149 
144 8410 1.00128173828125000000 0.00335693359375000000 0 0 1 0 8 145 139 147 38 32 40 138 146 
145 8411 1.00189208984375000000 0.00335693359375000000 0 0 1 0 8 148 142 150 144 138 146 139 147 
146 8412 1.00128173828125000000 0.00274658203125000000 0 0 1 0 11 147 145 172 40 38 67 144 168 69 169 174 
147 8413 1.00189208984375000000 0.00274658203125000000 0 0 1 0 11 150 148 184 146 144 169 145 172 171 173 186 
148 8414 1.00250244140625000000 0.00335693359375000000 0 0 1 0 8 149 143 151 145 139 147 142 150 
149 8415 1.00311279296875000000 0.00335693359375000000 0 0 1 0 8 160 154 162 148 142 150 143 151 
150 8416 1.00250244140625000000 0.00274658203125000000 0 0 1 0 11 151 149 188 147 145 173 148 184 175 185 190 
151 8417 1.00311279296875000000 0.00274658203125000000 0 0 1 0 10 162 160 232 150 148 185 149 188 187 189 
152 8418 1.00372314453125000000 0.00457763671875000000 0 0 1 0 8 153 13 155 141 11 143 14 154 
153 8419 1.00433349609375000000 0.00457763671875000000 0 0 1 0 8 156 14 158 152 13 154 11 155 
154 8420 1.00372314453125000000 0.00396728515625000000 0 0 1 0 8 155 153 161 143 141 149 152 160 
155 8421 1.00433349609375000000 0.00396728515625000000 0 0 1 0 8 158 156 164 154 152 160 153 161 
156 8422 1.00494384765625000000 0.00457763671875000000 0 0 1 0 8 157 14 159 153 13 155 482 158 
157 8423 1.00555419921875000000 0.00457763671875000000 0 0 1 0 8 248 482 249 156 14 158 13 159 
158 8424 1.00494384765625000000 0.00396728515625000000 0 0 1 0 8 159 157 165 155 153 161 156 164 
159 8425 1.00555419921875000000 0.00396728515625000000 0 0 1 0 8 248 482 249 158 156 164 157 165 
160 8426 1.00372314453125000000 0.00335693359375000000 0 0 1 0 8 161 155 163 149 143 151 154 162 
161 8427 1.00433349609375000000 0.00335693359375000000 0 0 1 0 8 164 158 166 160 154 162 155 163 
162 8428 1.00372314453125000000 0.00274658203125000000 0 0 1 0 9 163 161 233 151 149 189 160 232 191 
163 8429 1.00433349609375000000 0.00274658203125000000 0 0 1 0 8 166 164 236 162 160 232 161 233 
164 8430 1.00494384765625000000 0.00335693359375000000 0 0 1 0 8 165 159 167 161 155 163 158 166 
165 8431 1.00555419921875000000 0.00335693359375000000 0 0 1 0 8 249 248 250 164 158 166 159 167 
166 8432 1.00494384765625000000 0.00274658203125000000 0 0 1 0 8 167 165 237 163 161 233 164 236 
167 8433 1.00555419921875000000 0.00274658203125000000 0 0 1 0 8 249 248 250 166 164 236 165 237 
168 8434 1.00112915039062500000 0.00228881835937500000 0 0 1 0 8 169 146 171 67 40 69 147 170 
169 8435 1.00143432617187500000 0.00228881835937500000 0 0 1 0 8 172 147 174 168 146 170 40 171 
170 8436 1.00112915039062500000 0.00198364257812500000 0 0 1 0 8 171 169 177 69 67 75 168 176 
171 8437 1.00143432617187500000 0.00198364257812500000 0 0 1 0 8 174 172 180 170 168 176 169 177 
172 8438 1.00173950195312500000 0.00228881835937500000 0 0 1 0 8 173 147 175 169 146 171 150 174 
173 8439 1.00204467773437500000 0.00228881835937500000 0 0 1 0 8 184 150 186 172 147 174 146 175 
174 8440 1.00173950195312500000 0.00198364257812500000 0 0 1 0 8 175 173 181 171 169 177 172 180 
175 8441 1.00204467773437500000 0.00198364257812500000 0 0 1 0 8 186 184 192 174 172 180 173 181 
176 8442 1.00112915039062500000 0.00167846679687500000 0 0 1 0 8 177 171 179 75 69 77 170 178 
177 8443 1.00143432617187500000 0.00167846679687500000 0 0 1 0 8 180 174 182 176 170 178 171 179 
178 8444 1.00112915039062500000 0.00137329101562500000 0 0 1 0 9 179 177 201 77 75 113 176 200 115 
179 8445 1.00143432617187500000 0.00137329101562500000 0 0 1 0 8 182 180 204 178 176 200 177 201 
180 8446 1.00173950195312500000 0.00167846679687500000 0 0 1 0 8 181 175 183 177 171 179 174 182 
181 8447 1.00204467773437500000 0.00167846679687500000 0 0 1 0 8 192 186 194 180 174 182 175 183 
182 8448 1.00173950195312500000 0.00137329101562500000 0 0 1 0 8 183 181 205 179 177 201 180 204 
183 8449 1.00204467773437500000 0.00137329101562500000 0 0 1 0 8 194 192 216 182 180 204 181 205 
184 8450 1.00234985351562500000 0.00228881835937500000 0 0 1 0 8 185 150 187 173 147 175 151 186 
185 8451 1.00265502929687500000 0.00228881835937500000 0 0 1 0 8 188 151 190 184 150 186 147 187 
186 8452 1.00234985351562500000 0.00198364257812500000 0 0 1 0 8 187 185 193 175 173 181 184 192 
187 8453 1.00265502929687500000 0.00198364257812500000 0 0 1 0 8 190 188 196 186 184 192 185 193 
188 8454 1.00296020507812500000 0.00228881835937500000 0 0 1 0 8 189 151 191 185 150 187 162 190 
189 8455 1.00326538085937500000 0.00228881835937500000 0 0 1 0 8 232 162 234 188 151 190 150 191 
190 8456 1.00296020507812500000 0.00198364257812500000 0 0 1 0 8 191 189 197 187 185 193 188 196 
191 8457 1.00326538085937500000 0.00198364257812500000 0 0 1 0 8 232 162 234 190 188 196 189 197 
192 8458 1.00234985351562500000 0.00167846679687500000 0 0 1 0 8 193 187 195 181 175 183 186 194 
193 8459 1.00265502929687500000 0.00167846679687500000 0 0 1 0 8 196 190 198 192 186 194 187 195 
194 8460 1.00234985351562500000 0.00137329101562500000 0 0 1 0 8 195 193 217 183 181 205 192 216 
195 8461 1.00265502929687500000 0.00137329101562500000 0 0 1 0 8 198 196 220 194 192 216 193 217 
196 8462 1.00296020507812500000 0.00167846679687500000 0 0 1 0 8 197 191 199 193 187 195 190 198 
197 8463 1.00326538085937500000 0.00167846679687500000 0 0 1 0 8 234 232 240 196 190 198 191 199 
198 8464 1.00296020507812500000 0.00137329101562500000 0 0 1 0 8 199 197 221 195 193 217 196 220 
199 8465 1.00326538085937500000 0.00137329101562500000 0 0 1 0 8 234 232 240 198 196 220 197 221 
200 8466 1.00112915039062500000 0.00106811523437500000 0 0 1 0 10 201 179 203 113 77 115 121 178 202 123 
201 8467 1.00143432617187500000 0.00106811523437500000 0 0 1 0 8 204 182 206 200 178 202 179 203 
202 8468 1.00112915039062500000 0.00076293945312500000 0 0 1 0 10 203 201 209 121 115 123 127 200 208 129 
203 8469 1.00143432617187500000 0.00076293945312500000 0 0 1 0 8 206 204 212 202 200 208 201 209 
204 8470 1.00173950195312500000 0.00106811523437500000 0 0 1 0 8 205 183 207 201 179 203 182 206 
205 8471 1.00204467773437500000 0.00106811523437500000 0 0 1 0 8 216 194 218 204 182 206 183 207 
206 8472 1.00173950195312500000 0.00076293945312500000 0 0 1 0 8 207 205 213 203 201 209 204 212 
207 8473 1.00204467773437500000 0.00076293945312500000 0 0 1 0 8 218 216 224 206 204 212 205 213 
208 8474 1.00112915039062500000 0.00045776367187500000 0 0 1 0 10 209 203 211 127 123 129 133 202 210 135 
209 8475 1.00143432617187500000 0.00045776367187500000 0 0 1 0 8 212 206 214 208 202 210 203 211 
210 8476 1.00112915039062500000 0.00015258789062500000 0 0 1 0 10 211 209 312 133 129 135 255 208 311 257 
211 8477 1.00143432617187500000 0.00015258789062500000 0 0 1 0 8 214 212 315 210 208 311 209 312 
212 8478 1.00173950195312500000 0.00045776367187500000 0 0 1 0 8 213 207 215 209 203 211 206 214 
213 8479 1.00204467773437500000 0.00045776367187500000 0 0 1 0 8 224 218 226 212 206 214 207 215 
214 8480 1.00173950195312500000 0.00015258789062500000 0 0 1 0 8 215 213 316 211 209 312 212 315 
215 8481 1.00204467773437500000 0.00015258789062500000 0 0 1 0 8 226 224 327 214 212 315 213 316 
216 8482 1.00234985351562500000 0.00106811523437500000 0 0 1 0 8 217 195 219 205 183 207 194 218 
217 8483 1.00265502929687500000 0.00106811523437500000 0 0 1 0 8 220 198 222 216 194 218 195 219 
218 8484 1.00234985351562500000 0.00076293945312500000 0 0 1 0 8 219 217 225 207 205 213 216 224 
219 8485 1.00265502929687500000 0.00076293945312500000 0 0 1 0 8 222 220 228 218 216 224 217 225 
220 8486 1.00296020507812500000 0.00106811523437500000 0 0 1 0 8 221 199 223 217 195 219 198 222 
221 8487 1.00326538085937500000 0.00106811523437500000 0 0 1 0 8 240 234 242 220 198 222 199 223 
222 8488 1.00296020507812500000 0.00076293945312500000 0 0 1 0 8 223 221 229 219 217 225 220 228 
223 8489 1.00326538085937500000 0.00076293945312500000 0 0 1 0 8 240 234 242 222 220 228 221 229 
224 8490 1.00234985351562500000 0.00045776367187500000 0 0 1 0 8 225 219 227 213 207 215 218 226 
225 8491 1.00265502929687500000 0.00045776367187500000 0 0 1 0 8 228 222 230 224 218 226 219 227 
226 8492 1.00234985351562500000 0.00015258789062500000 0 0 1 0 8 227 225 328 215 213 316 224 327 
227 8493 1.00265502929687500000 0.00015258789062500000 0 0 1 0 8 230 228 331 226 224 327 225 328 
228 8494 1.00296020507812500000 0.00045776367187500000 0 0 1 0 8 229 223 231 225 219 227 222 230 
229 8495 1.00326538085937500000 0.00045776367187500000 0 0 1 0 8 242 240 375 228 222 230 223 231 
230 8496 1.00296020507812500000 0.00015258789062500000 0 0 1 0 8 231 229 332 227 225 328 228 331 
231 8497 1.00326538085937500000 0.00015258789062500000 0 0 1 0 8 242 240 375 230 228 331 229 332 
232 8498 1.00372314453125000000 0.00213623046875000000 0 0 1 0 10 233 163 235 189 151 191 197 162 234 199 
233 8499 1.00433349609375000000 0.00213623046875000000 0 0 1 0 8 236 166 238 232 162 234 163 235 
234 8500 1.00372314453125000000 0.00152587890625000000 0 0 1 0 10 235 233 241 197 191 199 221 232 240 223 
235 8501 1.00433349609375000000 0.00152587890625000000 0 0 1 0 8 238 236 244 234 232 240 233 241 
236 8502 1.00494384765625000000 0.00213623046875000000 0 0 1 0 8 237 167 239 233 163 235 166 238 
237 8503 1.00555419921875000000 0.00213623046875000000 0 0 1 0 8 250 249 251 236 166 238 167 239 
238 8504 1.00494384765625000000 0.00152587890625000000 0 0 1 0 8 239 237 245 235 233 241 236 244 
239 8505 1.00555419921875000000 0.00152587890625000000 0 0 1 0 8 250 249 251 238 236 244 237 245 
240 8506 1.00372314453125000000 0.00091552734375000000 0 0 1 0 10 241 235 243 221 199 223 229 234 242 231 
241 8507 1.00433349609375000000 0.00091552734375000000 0 0 1 0 8 244 238 246 240 234 242 235 243 
242 8508 1.00372314453125000000 0.00030517578125000000 0 0 1 0 10 243 241 376 229 223 231 332 240 375 334 
243 8509 1.00433349609375000000 0.00030517578125000000 0 0 1 0 8 246 244 379 242 240 375 241 376 
244 8510 1.00494384765625000000 0.00091552734375000000 0 0 1 0 8 245 239 247 241 235 243 238 246 
245 8511 1.00555419921875000000 0.00091552734375000000 0 0 1 0 8 251 250 429 244 238 246 239 247 
246 8512 1.00494384765625000000 0.00030517578125000000 0 0 1 0 8 247 245 380 243 241 376 244 379 
247 8513 1.00555419921875000000 0.00030517578125000000 0 0 1 0 8 251 250 429 246 244 379 245 380 
248 8514 1.00646972656250000000 0.00427246093750000000 0 0 1 0 10 484 483 485 157 14 159 165 482 249 167 
249 8515 1.00646972656250000000 0.00305175781250000000 0 0 1 0 10 485 484 486 165 159 167 237 248 250 239 
250 8516 1.00646972656250000000 0.00183105468750000000 0 0 1 0 10 486 485 487 237 167 239 245 249 251 247 
251 8517 1.00646972656250000000 0.00061035156250000000 0 0 1 0 10 487 486 523 245 239 247 380 250 429 382 
252 8518 1.00059509277343750000 -0.00007629394531250000 0 0 1 0 8 254 134 256 490 480 491 131 253 
253 8519 1.00059509277343750000 -0.00022888183593750000 0 0 1 0 8 256 254 260 491 490 492 252 258 
254 8520 1.00074768066406250000 -0.00007629394531250000 0 0 1 0 8 255 135 257 252 131 253 134 256 
255 8521 1.00090026855468750000 -0.00007629394531250000 0 0 1 0 8 311 210 313 254 134 256 135 257 
256 8522 1.00074768066406250000 -0.00022888183593750000 0 0 1 0 8 257 255 261 253 252 258 254 260 
257 8523 1.00090026855468750000 -0.00022888183593750000 0 0 1 0 8 311 210 313 256 254 260 255 261 
258 8524 1.00059509277343750000 -0.00038146972656250000 0 0 1 0 8 260 256 262 492 491 493 253 259 
259 8525 1.00059509277343750000 -0.00053405761718750000 0 0 1 0 8 262 260 268 493 492 264 258 265 
260 8526 1.00074768066406250000 -0.00038146972656250000 0 0 1 0 8 261 257 263 258 253 259 256 262 
261 8527 1.00090026855468750000 -0.00038146972656250000 0 0 1 0 8 313 311 319 260 256 262 257 263 
262 8528 1.00074768066406250000 -0.00053405761718750000 0 0 1 0 8 263 261 269 259 258 265 260 268 
263 8529 1.00090026855468750000 -0.00053405761718750000 0 0 1 0 8 313 311 319 262 260 268 261 269 
264 8530 1.00044250488281250000 -0.00068664550781250000 0 0 1 0 8 265 259 267 494 489 495 493 266 
265 8531 1.00059509277343750000 -0.00068664550781250000 0 0 1 0 8 268 262 270 264 493 266 259 267 
266 8532 1.00044250488281250000 -0.00083923339843750000 0 0 1 0 8 267 265 273 495 494 497 264 272 
267 8533 1.00059509277343750000 -0.00083923339843750000 0 0 1 0 8 270 268 276 266 264 272 265 273 
268 8534 1.00074768066406250000 -0.00068664550781250000 0 0 1 0 8 269 263 271 265 259 267 262 270 
269 8535 1.00090026855468750000 -0.00068664550781250000 0 0 1 0 8 319 313 321 268 262 270 263 271 
270 8536 1.00074768066406250000 -0.00083923339843750000 0 0 1 0 8 271 269 277 267 265 273 268 276 
271 8537 1.00090026855468750000 -0.00083923339843750000 0 0 1 0 8 319 313 321 270 268 276 269 277 
272 8538 1.00044250488281250000 -0.00099182128906250000 0 0 1 0 8 273 267 275 497 495 499 266 274 
273 8539 1.00059509277343750000 -0.00099182128906250000 0 0 1 0 8 276 270 278 272 266 274 267 275 
274 8540 1.00044250488281250000 -0.00114440917968750000 0 0 1 0 8 275 273 286 499 497 283 272 287 
275 8541 1.00059509277343750000 -0.00114440917968750000 0 0 1 0 8 278 276 287 274 272 286 273 283 
276 8542 1.00074768066406250000 -0.00099182128906250000 0 0 1 0 8 277 271 279 273 267 275 270 278 
277 8543 1.00090026855468750000 -0.00099182128906250000 0 0 1 0 8 321 319 343 276 270 278 271 279 
278 8544 1.00074768066406250000 -0.00114440917968750000 0 0 1 0 8 279 277 287 275 273 286 276 343 
279 8545 1.00090026855468750000 -0.00114440917968750000 0 0 1 0 8 321 319 343 278 276 287 277 286 
280 8546 0.99960327148437500000 -0.00198364257812500000 0 0 1 0 8 290 284 292 506 501 281 502 282 
281 8547 0.99929809570312500000 -0.00228881835937500000 0 0 1 0 8 282 280 299 505 503 298 506 302 
282 8548 0.99960327148437500000 -0.00228881835937500000 0 0 1 0 8 292 290 302 281 506 299 280 298 
283 8549 1.00021362304687500000 -0.00137329101562500000 0 0 1 0 9 286 274 288 507 496 284 499 498 285 
284 8550 0.99990844726562500000 -0.00167846679687500000 0 0 1 0 8 285 283 291 502 500 280 507 290 
285 8551 1.00021362304687500000 -0.00167846679687500000 0 0 1 0 8 288 286 294 284 507 290 283 291 
286 8552 1.00051879882812500000 -0.00137329101562500000 0 0 1 0 9 287 278 289 283 499 285 275 274 288 
287 8553 1.00082397460937500000 -0.00137329101562500000 0 0 1 0 9 343 321 345 286 275 288 279 278 289 
288 8554 1.00051879882812500000 -0.00167846679687500000 0 0 1 0 8 289 287 295 285 283 291 286 294 
289 8555 1.00082397460937500000 -0.00167846679687500000 0 0 1 0 8 345 343 351 288 286 294 287 295 
290 8556 0.99990844726562500000 -0.00198364257812500000 0 0 1 0 8 291 285 293 280 502 282 284 292 
291 8557 1.00021362304687500000 -0.00198364257812500000 0 0 1 0 8 294 288 296 290 284 292 285 293 
292 8558 0.99990844726562500000 -0.00228881835937500000 0 0 1 0 8 293 291 302 282 280 299 290 303 
293 8559 1.00021362304687500000 -0.00228881835937500000 0 0 1 0 8 296 294 303 292 290 302 291 299 
294 8560 1.00051879882812500000 -0.00198364257812500000 0 0 1 0 8 295 289 297 291 285 293 288 296 
295 8561 1.00082397460937500000 -0.00198364257812500000 0 0 1 0 8 351 345 353 294 288 296 289 297 
296 8562 1.00051879882812500000 -0.00228881835937500000 0 0 1 0 8 297 295 303 293 291 302 294 391 
297 8563 1.00082397460937500000 -0.00228881835937500000 0 0 1 0 8 353 351 391 296 294 303 295 302 
298 8564 0.99884033203125000000 -0.00274658203125000000 0 0 1 0 9 299 281 301 508 488 509 505 504 300 
299 8565 0.99945068359375000000 -0.00274658203125000000 0 0 1 0 9 302 292 304 298 505 300 282 281 301 
300 8566 0.99884033203125000000 -0.00335693359375000000 0 0 1 0 8 301 299 306 509 508 510 298 511 
301 8567 0.99945068359375000000 -0.00335693359375000000 0 0 1 0 8 304 302 307 300 298 511 299 306 
302 8568 1.00006103515625000000 -0.00274658203125000000 0 0 1 0 9 303 296 305 299 282 301 293 292 304 
303 8569 1.00067138671875000000 -0.00274658203125000000 0 0 1 0 9 391 353 393 302 293 304 297 296 305 
304 8570 1.00006103515625000000 -0.00335693359375000000 0 0 1 0 8 305 303 308 301 299 306 302 307 
305 8571 1.00067138671875000000 -0.00335693359375000000 0 0 1 0 8 393 391 399 304 302 307 303 308 
306 8572 0.99945068359375000000 -0.00396728515625000000 0 0 1 0 8 307 304 309 511 300 512 301 513 
307 8573 1.00006103515625000000 -0.00396728515625000000 0 0 1 0 8 308 305 310 306 301 513 304 309 
308 8574 1.00067138671875000000 -0.00396728515625000000 0 0 1 0 8 399 393 401 307 304 309 305 310 
309 8575 1.00006103515625000000 -0.00457763671875000000 0 0 1 0 8 310 308 515 513 306 514 307 423 
310 8576 1.00067138671875000000 -0.00457763671875000000 0 0 1 0 8 401 399 423 309 307 515 308 514 
311 8577 1.00112915039062500000 -0.00015258789062500000 0 0 1 0 10 312 211 314 255 135 257 261 210 313 263 
312 8578 1.00143432617187500000 -0.00015258789062500000 0 0 1 0 8 315 214 317 311 210 313 211 314 
313 8579 1.00112915039062500000 -0.00045776367187500000 0 0 1 0 10 314 312 320 261 257 263 269 311 319 271 
314 8580 1.00143432617187500000 -0.00045776367187500000 0 0 1 0 8 317 315 323 313 311 319 312 320 
315 8581 1.00173950195312500000 -0.00015258789062500000 0 0 1 0 8 316 215 318 312 211 314 214 317 
316 8582 1.00204467773437500000 -0.00015258789062500000 0 0 1 0 8 327 226 329 315 214 317 215 318 
317 8583 1.00173950195312500000 -0.00045776367187500000 0 0 1 0 8 318 316 324 314 312 320 315 323 
318 8584 1.00204467773437500000 -0.00045776367187500000 0 0 1 0 8 329 327 335 317 315 323 316 324 
319 8585 1.00112915039062500000 -0.00076293945312500000 0 0 1 0 10 320 314 322 269 263 271 277 313 321 279 
320 8586 1.00143432617187500000 -0.00076293945312500000 0 0 1 0 8 323 317 325 319 313 321 314 322 
321 8587 1.00112915039062500000 -0.00106811523437500000 0 0 1 0 9 322 320 344 277 271 279 287 319 343 
322 8588 1.00143432617187500000 -0.00106811523437500000 0 0 1 0 8 325 323 347 321 319 343 320 344 
323 8589 1.00173950195312500000 -0.00076293945312500000 0 0 1 0 8 324 318 326 320 314 322 317 325 
324 8590 1.00204467773437500000 -0.00076293945312500000 0 0 1 0 8 335 329 337 323 317 325 318 326 
325 8591 1.00173950195312500000 -0.00106811523437500000 0 0 1 0 8 326 324 348 322 320 344 323 347 
326 8592 1.00204467773437500000 -0.00106811523437500000 0 0 1 0 8 337 335 359 325 323 347 324 348 
327 8593 1.00234985351562500000 -0.00015258789062500000 0 0 1 0 8 328 227 330 316 215 318 226 329 
328 8594 1.00265502929687500000 -0.00015258789062500000 0 0 1 0 8 331 230 333 327 226 329 227 330 
329 8595 1.00234985351562500000 -0.00045776367187500000 0 0 1 0 8 330 328 336 318 316 324 327 335 
330 8596 1.00265502929687500000 -0.00045776367187500000 0 0 1 0 8 333 331 339 329 327 335 328 336 
331 8597 1.00296020507812500000 -0.00015258789062500000 0 0 1 0 8 332 231 334 328 227 330 230 333 
332 8598 1.00326538085937500000 -0.00015258789062500000 0 0 1 0 8 375 242 377 331 230 333 231 334 
333 8599 1.00296020507812500000 -0.00045776367187500000 0 0 1 0 8 334 332 340 330 328 336 331 339 
334 8600 1.00326538085937500000 -0.00045776367187500000 0 0 1 0 8 375 242 377 333 331 339 332 340 
335 8601 1.00234985351562500000 -0.00076293945312500000 0 0 1 0 8 336 330 338 324 318 326 329 337 
336 8602 1.00265502929687500000 -0.00076293945312500000 0 0 1 0 8 339 333 341 335 329 337 330 338 
337 8603 1.00234985351562500000 -0.00106811523437500000 0 0 1 0 8 338 336 360 326 324 348 335 359 
338 8604 1.00265502929687500000 -0.00106811523437500000 0 0 1 0 8 341 339 363 337 335 359 336 360 
339 8605 1.00296020507812500000 -0.00076293945312500000 0 0 1 0 8 340 334 342 336 330 338 333 341 
340 8606 1.00326538085937500000 -0.00076293945312500000 0 0 1 0 8 377 375 383 339 333 341 334 342 
341 8607 1.00296020507812500000 -0.00106811523437500000 0 0 1 0 8 342 340 364 338 336 360 339 363 
342 8608 1.00326538085937500000 -0.00106811523437500000 0 0 1 0 8 377 375 383 341 339 363 340 364 
343 8609 1.00112915039062500000 -0.00137329101562500000 0 0 1 0 8 344 322 346 287 279 289 321 345 
344 8610 1.00143432617187500000 -0.00137329101562500000 0 0 1 0 8 347 325 349 343 321 345 322 346 
345 8611 1.00112915039062500000 -0.00167846679687500000 0 0 1 0 8 346 344 352 289 287 295 343 351 
346 8612 1.00143432617187500000 -0.00167846679687500000 0 0 1 0 8 349 347 355 345 343 351 344 352 
347 8613 1.00173950195312500000 -0.00137329101562500000 0 0 1 0 8 348 326 350 344 322 346 325 349 
348 8614 1.00204467773437500000 -0.00137329101562500000 0 0 1 0 8 359 337 361 347 325 349 326 350 
349 8615 1.00173950195312500000 -0.00167846679687500000 0 0 1 0 8 350 348 356 346 344 352 347 355 
350 8616 1.00204467773437500000 -0.00167846679687500000 0 0 1 0 8 361 359 367 349 347 355 348 356 
351 8617 1.00112915039062500000 -0.00198364257812500000 0 0 1 0 8 352 346 354 295 289 297 345 353 
352 8618 1.00143432617187500000 -0.00198364257812500000 0 0 1 0 8 355 349 357 351 345 353 346 354 
353 8619 1.00112915039062500000 -0.00228881835937500000 0 0 1 0 8 354 352 391 297 295 303 351 392 
354 8620 1.00143432617187500000 -0.00228881835937500000 0 0 1 0 8 357 355 392 353 351 391 352 303 
355 8621 1.00173950195312500000 -0.00198364257812500000 0 0 1 0 8 356 350 358 352 346 354 349 357 
356 8622 1.00204467773437500000 -0.00198364257812500000 0 0 1 0 8 367 361 369 355 349 357 350 358 
357 8623 1.00173950195312500000 -0.00228881835937500000 0 0 1 0 8 358 356 392 354 352 391 355 395 
358 8624 1.00204467773437500000 -0.00228881835937500000 0 0 1 0 8 369 367 395 357 355 392 356 391 
359 8625 1.00234985351562500000 -0.00137329101562500000 0 0 1 0 8 360 338 362 348 326 350 337 361 
360 8626 1.00265502929687500000 -0.00137329101562500000 0 0 1 0 8 363 341 365 359 337 361 338 362 
361 8627 1.00234985351562500000 -0.00167846679687500000 0 0 1 0 8 362 360 368 350 348 356 359 367 
362 8628 1.00265502929687500000 -0.00167846679687500000 0 0 1 0 8 365 363 371 361 359 367 360 368 
363 8629 1.00296020507812500000 -0.00137329101562500000 0 0 1 0 8 364 342 366 360 338 362 341 365 
364 8630 1.00326538085937500000 -0.00137329101562500000 0 0 1 0 8 383 377 385 363 341 365 342 366 
365 8631 1.00296020507812500000 -0.00167846679687500000 0 0 1 0 8 366 364 372 362 360 368 363 371 
366 8632 1.00326538085937500000 -0.00167846679687500000 0 0 1 0 8 383 377 385 365 363 371 364 372 
367 8633 1.00234985351562500000 -0.00198364257812500000 0 0 1 0 8 368 362 370 356 350 358 361 369 
368 8634 1.00265502929687500000 -0.00198364257812500000 0 0 1 0 8 371 365 373 367 361 369 362 370 
369 8635 1.00234985351562500000 -0.00228881835937500000 0 0 1 0 8 370 368 395 358 356 392 367 396 
370 8636 1.00265502929687500000 -0.00228881835937500000 0 0 1 0 8 373 371 396 369 367 395 368 392 
371 8637 1.00296020507812500000 -0.00198364257812500000 0 0 1 0 8 372 366 374 368 362 370 365 373 
372 8638 1.00326538085937500000 -0.00198364257812500000 0 0 1 0 8 385 383 407 371 365 373 366 374 
373 8639 1.00296020507812500000 -0.00228881835937500000 0 0 1 0 8 374 372 396 370 368 395 371 407 
374 8640 1.00326538085937500000 -0.00228881835937500000 0 0 1 0 8 385 383 407 373 371 396 372 395 
375 8641 1.00372314453125000000 -0.00030517578125000000 0 0 1 0 10 376 243 378 332 231 334 340 242 377 342 
376 8642 1.00433349609375000000 -0.00030517578125000000 0 0 1 0 8 379 246 381 375 242 377 243 378 
377 8643 1.00372314453125000000 -0.00091552734375000000 0 0 1 0 10 378 376 384 340 334 342 364 375 383 366 
378 8644 1.00433349609375000000 -0.00091552734375000000 0 0 1 0 8 381 379 387 377 375 383 376 384 
379 8645 1.00494384765625000000 -0.00030517578125000000 0 0 1 0 8 380 247 382 376 243 378 246 381 
380 8646 1.00555419921875000000 -0.00030517578125000000 0 0 1 0 8 429 251 430 379 246 381 247 382 
381 8647 1.00494384765625000000 -0.00091552734375000000 0 0 1 0 8 382 380 388 378 376 384 379 387 
382 8648 1.00555419921875000000 -0.00091552734375000000 0 0 1 0 8 429 251 430 381 379 387 380 388 
383 8649 1.00372314453125000000 -0.00152587890625000000 0 0 1 0 10 384 378 386 364 342 366 372 377 385 374 
384 8650 1.00433349609375000000 -0.00152587890625000000 0 0 1 0 8 387 381 389 383 377 385 378 386 
385 8651 1.00372314453125000000 -0.00213623046875000000 0 0 1 0 9 386 384 408 372 366 374 396 383 407 
386 8652 1.00433349609375000000 -0.00213623046875000000 0 0 1 0 8 389 387 411 385 383 407 384 408 
387 8653 1.00494384765625000000 -0.00152587890625000000 0 0 1 0 8 388 382 390 384 378 386 381 389 
388 8654 1.00555419921875000000 -0.00152587890625000000 0 0 1 0 8 430 429 431 387 381 389 382 390 
389 8655 1.00494384765625000000 -0.00213623046875000000 0 0 1 0 8 390 388 412 386 384 408 387 411 
390 8656 1.00555419921875000000 -0.00213623046875000000 0 0 1 0 8 430 429 431 389 387 411 388 412 
391 8657 1.00128173828125000000 -0.00274658203125000000 0 0 1 0 9 392 357 394 303 297 305 354 353 393 
392 8658 1.00189208984375000000 -0.00274658203125000000 0 0 1 0 9 395 369 397 391 354 393 358 357 394 
393 8659 1.00128173828125000000 -0.00335693359375000000 0 0 1 0 8 394 392 400 305 303 308 391 399 
394 8660 1.00189208984375000000 -0.00335693359375000000 0 0 1 0 8 397 395 403 393 391 399 392 400 
395 8661 1.00250244140625000000 -0.00274658203125000000 0 0 1 0 9 396 373 398 392 358 394 370 369 397 
396 8662 1.00311279296875000000 -0.00274658203125000000 0 0 1 0 9 407 385 409 395 370 397 374 373 398 
397 8663 1.00250244140625000000 -0.00335693359375000000 0 0 1 0 8 398 396 404 394 392 400 395 403 
398 8664 1.00311279296875000000 -0.00335693359375000000 0 0 1 0 8 409 407 415 397 395 403 396 404 
399 8665 1.00128173828125000000 -0.00396728515625000000 0 0 1 0 8 400 394 402 308 305 310 393 401 
400 8666 1.00189208984375000000 -0.00396728515625000000 0 0 1 0 8 403 397 405 399 393 401 394 402 
401 8667 1.00128173828125000000 -0.00457763671875000000 0 0 1 0 8 402 400 423 310 308 515 399 424 
402 8668 1.00189208984375000000 -0.00457763671875000000 0 0 1 0 8 405 403 424 401 399 423 400 515 
403 8669 1.00250244140625000000 -0.00396728515625000000 0 0 1 0 8 404 398 406 400 394 402 397 405 
404 8670 1.00311279296875000000 -0.00396728515625000000 0 0 1 0 8 415 409 417 403 397 405 398 406 
405 8671 1.00250244140625000000 -0.00457763671875000000 0 0 1 0 8 406 404 424 402 400 423 403 426 
406 8672 1.00311279296875000000 -0.00457763671875000000 0 0 1 0 8 417 415 426 405 403 424 404 423 
407 8673 1.00372314453125000000 -0.00274658203125000000 0 0 1 0 8 408 386 410 396 374 398 385 409 
408 8674 1.00433349609375000000 -0.00274658203125000000 0 0 1 0 8 411 389 413 407 385 409 386 410 
409 8675 1.00372314453125000000 -0.00335693359375000000 0 0 1 0 8 410 408 416 398 396 404 407 415 
410 8676 1.00433349609375000000 -0.00335693359375000000 0 0 1 0 8 413 411 419 409 407 415 408 416 
411 8677 1.00494384765625000000 -0.00274658203125000000 0 0 1 0 8 412 390 414 408 386 410 389 413 
412 8678 1.00555419921875000000 -0.00274658203125000000 0 0 1 0 8 431 430 432 411 389 413 390 414 
413 8679 1.00494384765625000000 -0.00335693359375000000 0 0 1 0 8 414 412 420 410 408 416 411 419 
414 8680 1.00555419921875000000 -0.00335693359375000000 0 0 1 0 8 431 430 432 413 411 419 412 420 
415 8681 1.00372314453125000000 -0.00396728515625000000 0 0 1 0 8 416 410 418 404 398 406 409 417 
416 8682 1.00433349609375000000 -0.00396728515625000000 0 0 1 0 8 419 413 421 415 409 417 410 418 
417 8683 1.00372314453125000000 -0.00457763671875000000 0 0 1 0 8 418 416 426 406 404 424 415 427 
418 8684 1.00433349609375000000 -0.00457763671875000000 0 0 1 0 8 421 419 427 417 415 426 416 424 
419 8685 1.00494384765625000000 -0.00396728515625000000 0 0 1 0 8 420 414 422 416 410 418 413 421 
420 8686 1.00555419921875000000 -0.00396728515625000000 0 0 1 0 8 432 431 527 419 413 421 414 422 
421 8687 1.00494384765625000000 -0.00457763671875000000 0 0 1 0 8 422 420 427 418 416 426 419 527 
422 8688 1.00555419921875000000 -0.00457763671875000000 0 0 1 0 8 432 431 527 421 419 427 420 426 
423 8689 1.00158691406250000000 -0.00549316406250000000 0 0 1 0 9 424 405 425 515 310 516 402 401 517 
424 8690 1.00280761718750000000 -0.00549316406250000000 0 0 1 0 9 426 417 428 423 402 517 406 405 425 
425 8691 1.00280761718750000000 -0.00671386718750000000 0 0 1 0 8 428 426 521 517 423 519 424 520 
426 8692 1.00402832031250000000 -0.00549316406250000000 0 0 1 0 9 427 421 518 424 406 425 418 417 428 
427 8693 1.00524902343750000000 -0.00549316406250000000 0 0 1 0 9 527 432 529 426 418 428 422 421 518 
428 8694 1.00402832031250000000 -0.00671386718750000000 0 0 1 0 8 518 427 522 425 424 520 426 521 
429 8695 1.00646972656250000000 -0.00061035156250000000 0 0 1 0 10 523 487 524 380 247 382 388 251 430 390 
430 8696 1.00646972656250000000 -0.00183105468750000000 0 0 1 0 10 524 523 525 388 382 390 412 429 431 414 
431 8697 1.00646972656250000000 -0.00305175781250000000 0 0 1 0 10 525 524 526 412 390 414 420 430 432 422 
432 8698 1.00646972656250000000 -0.00427246093750000000 0 0 1 0 9 526 525 528 420 414 422 427 431 527 
