429 7420 0.99655576000000001269 -0.00048760002000000001 
430 5650 0.94132055000000003364 -0.00802993460000000006 
431 5651 0.93663600000000002410 -0.00864659949999999934 
432 5814 0.93872070312500000000 -0.01098632812500000000 
433 5815 0.93872070312500000000 -0.01342773437500000000 
434 5816 0.93872070312500000000 -0.01586914062500000000 
435 5817 0.93872070312500000000 -0.01831054687500000000 
436 5818 0.93994140625000000000 -0.02197265625000000000 
437 5819 0.93994140625000000000 -0.02685546875000000000 
438 5820 0.94482421875000000000 -0.02685546875000000000 
439 5821 0.94970703125000000000 -0.02685546875000000000 
440 5822 0.95458984375000000000 -0.02685546875000000000 
441 5831 0.95947265625000000000 -0.02685546875000000000 
442 5832 0.96435546875000000000 -0.02685546875000000000 
443 5833 0.96923828125000000000 -0.02685546875000000000 
444 5834 0.97412109375000000000 -0.02685546875000000000 
445 7550 0.99624633789062500000 -0.00076293945312500000 
446 7552 0.99624633789062500000 -0.00106811523437500000 
447 7553 0.99655151367187500000 -0.00106811523437500000 
448 7593 0.99655151367187500000 -0.00137329101562500000 
449 7594 0.99685668945312500000 -0.00137329101562500000 
450 7596 0.99685668945312500000 -0.00167846679687500000 
451 7597 0.99716186523437500000 -0.00167846679687500000 
452 7598 0.99716186523437500000 -0.00198364257812500000 
453 7607 0.99746704101562500000 -0.00198364257812500000 
454 7609 0.99746704101562500000 -0.00228881835937500000 
455 7610 0.99777221679687500000 -0.00228881835937500000 
456 7613 0.99807739257812500000 -0.00228881835937500000 
457 7828 0.99822998046875000000 -0.00274658203125000000 
458 8564 0.99884033203125000000 -0.00274658203125000000 
459 8566 0.99884033203125000000 -0.00335693359375000000 
460 8567 0.99945068359375000000 -0.00335693359375000000 
461 8572 0.99945068359375000000 -0.00396728515625000000 
462 8573 1.00006103515625000000 -0.00396728515625000000 
463 8575 1.00006103515625000000 -0.00457763671875000000 
464 8576 1.00067138671875000000 -0.00457763671875000000 
465 8667 1.00128173828125000000 -0.00457763671875000000 
466 8689 1.00158691406250000000 -0.00549316406250000000 
467 8690 1.00280761718750000000 -0.00549316406250000000 
468 8691 1.00280761718750000000 -0.00671386718750000000 
469 8694 1.00402832031250000000 -0.00671386718750000000 
470 8090 1.00402832031250000000 -0.00793457031250000000 
471 8092 1.00402832031250000000 -0.00915527343750000000 
472 8154 1.00463867187500000000 -0.01098632812500000000 
473 8155 1.00463867187500000000 -0.01342773437500000000 
474 8158 1.00708007812500000000 -0.01342773437500000000 
475 8164 1.00708007812500000000 -0.01586914062500000000 
476 8166 1.00708007812500000000 -0.01831054687500000000 
477 5843 0.97900390625000000000 -0.02685546875000000000 
478 5844 0.98388671875000000000 -0.02685546875000000000 
479 5845 0.98876953125000000000 -0.02685546875000000000 
480 5846 0.99365234375000000000 -0.02685546875000000000 
481 5855 0.99853515625000000000 -0.02685546875000000000 
482 5856 1.00341796875000000000 -0.02685546875000000000 
483 8172 1.00830078125000000000 -0.02197265625000000000 
484 5857 1.00830078125000000000 -0.02685546875000000000 
