509 424 85
1 2204 0.82200280908646583544 0.02272063011094730550 425 2 0 1 6 195 190 458 464 425 2 
2 2205 0.82574612000000002787 0.02229036499999999948 1 3 0 1 7 198 195 190 194 193 1 3 
3 2206 0.83310812999999994677 0.02143858499999999959 2 4 0 1 7 204 202 194 199 198 2 4 
4 2207 0.84034251000000004250 0.02059433800000000023 3 5 0 1 7 3 5 203 205 270 271 248 
5 2208 0.84389458842040276920 0.02017717682112439917 4 6 0 1 7 4 6 264 270 271 272 273 
6 2209 0.84567057847111715141 0.01996794864211237641 5 7 0 1 7 284 5 7 265 271 272 273 
7 2210 0.84744649999999999146 0.01975829200000000022 6 8 0 1 8 282 284 6 8 268 271 272 273 
8 2211 0.85441738000000000408 0.01893111000000000099 7 9 0 1 7 284 285 286 287 288 7 9 
9 2212 0.86125247000000004771 0.01811345500000000053 8 10 0 1 6 415 289 412 411 8 10 
10 2213 0.86794915999999999734 0.01730598599999999890 9 11 0 1 8 420 421 493 9 11 412 415 416 
11 2214 0.87122709511917906244 0.01690842853790493205 10 426 0 1 6 493 416 492 421 10 426 
12 2215 0.88867187500000000000 0.16601562500000000000 0 0 1 0 11 13 430 42 429 427 445 428 30 29 31 44 
13 2216 0.90820312500000000000 0.16601562500000000000 0 0 1 0 11 14 431 46 12 428 31 430 42 33 43 48 
14 2217 0.92773437500000000000 0.16601562500000000000 0 0 1 0 11 497 496 498 13 430 43 431 46 45 47 499 
15 2218 0.85449218750000000000 0.12207031250000000000 0 0 1 0 8 36 34 58 436 434 17 435 18 
16 2219 0.83496093750000000000 0.10253906250000000000 0 0 1 0 8 19 17 25 443 441 21 442 22 
17 2220 0.84472656250000000000 0.11230468750000000000 0 0 1 0 8 18 15 20 442 433 16 436 19 
18 2221 0.85449218750000000000 0.11230468750000000000 0 0 1 0 8 58 36 60 17 436 19 15 20 
19 2222 0.84472656250000000000 0.10253906250000000000 0 0 1 0 8 20 18 26 16 442 22 17 25 
20 2223 0.85449218750000000000 0.10253906250000000000 0 0 1 0 8 60 58 66 19 17 25 18 26 
21 2224 0.82519531250000000000 0.09277343750000000000 0 0 1 0 8 22 16 24 438 437 440 443 23 
22 2225 0.83496093750000000000 0.09277343750000000000 0 0 1 0 8 25 19 27 21 443 23 16 24 
23 2226 0.82519531250000000000 0.08300781250000000000 0 0 1 0 11 24 22 101 440 438 90 21 97 91 98 103 
24 2227 0.83496093750000000000 0.08300781250000000000 0 0 1 0 11 27 25 113 23 21 98 22 101 100 102 115 
25 2228 0.84472656250000000000 0.09277343750000000000 0 0 1 0 8 26 20 28 22 16 24 19 27 
26 2229 0.85449218750000000000 0.09277343750000000000 0 0 1 0 8 66 60 68 25 19 27 20 28 
27 2230 0.84472656250000000000 0.08300781250000000000 0 0 1 0 11 28 26 117 24 22 102 25 113 104 114 119 
28 2231 0.85449218750000000000 0.08300781250000000000 0 0 1 0 11 68 66 290 27 25 114 26 117 116 118 292 
29 2232 0.87402343750000000000 0.14160156250000000000 0 0 1 0 8 32 30 38 446 444 34 445 35 
30 2233 0.88378906250000000000 0.15136718750000000000 0 0 1 0 8 31 12 33 445 429 29 13 32 
31 2234 0.89355468750000000000 0.15136718750000000000 0 0 1 0 8 42 13 44 30 12 32 429 33 
32 2235 0.88378906250000000000 0.14160156250000000000 0 0 1 0 8 33 31 39 29 445 35 30 38 
33 2236 0.89355468750000000000 0.14160156250000000000 0 0 1 0 8 44 42 50 32 30 38 31 39 
34 2237 0.86425781250000000000 0.13183593750000000000 0 0 1 0 8 35 29 37 435 432 15 446 36 
35 2238 0.87402343750000000000 0.13183593750000000000 0 0 1 0 8 38 32 40 34 446 36 29 37 
36 2239 0.86425781250000000000 0.12207031250000000000 0 0 1 0 8 37 35 59 15 435 18 34 58 
37 2240 0.87402343750000000000 0.12207031250000000000 0 0 1 0 8 40 38 62 36 34 58 35 59 
38 2241 0.88378906250000000000 0.13183593750000000000 0 0 1 0 8 39 33 41 35 29 37 32 40 
39 2242 0.89355468750000000000 0.13183593750000000000 0 0 1 0 8 50 44 52 38 32 40 33 41 
40 2243 0.88378906250000000000 0.12207031250000000000 0 0 1 0 8 41 39 63 37 35 59 38 62 
41 2244 0.89355468750000000000 0.12207031250000000000 0 0 1 0 8 52 50 74 40 38 62 39 63 
42 2245 0.90332031250000000000 0.15136718750000000000 0 0 1 0 8 43 13 45 31 12 33 14 44 
43 2246 0.91308593750000000000 0.15136718750000000000 0 0 1 0 8 46 14 48 42 13 44 12 45 
44 2247 0.90332031250000000000 0.14160156250000000000 0 0 1 0 8 45 43 51 33 31 39 42 50 
45 2248 0.91308593750000000000 0.14160156250000000000 0 0 1 0 8 48 46 54 44 42 50 43 51 
46 2249 0.92285156250000000000 0.15136718750000000000 0 0 1 0 8 47 14 49 43 13 45 497 48 
47 2250 0.93261718750000000000 0.15136718750000000000 0 0 1 0 8 498 497 499 46 14 48 13 49 
48 2251 0.92285156250000000000 0.14160156250000000000 0 0 1 0 8 49 47 55 45 43 51 46 54 
49 2252 0.93261718750000000000 0.14160156250000000000 0 0 1 0 8 499 498 500 48 46 54 47 55 
50 2253 0.90332031250000000000 0.13183593750000000000 0 0 1 0 8 51 45 53 39 33 41 44 52 
51 2254 0.91308593750000000000 0.13183593750000000000 0 0 1 0 8 54 48 56 50 44 52 45 53 
52 2255 0.90332031250000000000 0.12207031250000000000 0 0 1 0 8 53 51 75 41 39 63 50 74 
53 2256 0.91308593750000000000 0.12207031250000000000 0 0 1 0 8 56 54 78 52 50 74 51 75 
54 2257 0.92285156250000000000 0.13183593750000000000 0 0 1 0 8 55 49 57 51 45 53 48 56 
55 2258 0.93261718750000000000 0.13183593750000000000 0 0 1 0 8 500 499 501 54 48 56 49 57 
56 2259 0.92285156250000000000 0.12207031250000000000 0 0 1 0 8 57 55 79 53 51 75 54 78 
57 2260 0.93261718750000000000 0.12207031250000000000 0 0 1 0 8 501 500 422 56 54 78 55 79 
58 2261 0.86425781250000000000 0.11230468750000000000 0 0 1 0 8 59 37 61 18 15 20 36 60 
59 2262 0.87402343750000000000 0.11230468750000000000 0 0 1 0 8 62 40 64 58 36 60 37 61 
60 2263 0.86425781250000000000 0.10253906250000000000 0 0 1 0 8 61 59 67 20 18 26 58 66 
61 2264 0.87402343750000000000 0.10253906250000000000 0 0 1 0 8 64 62 70 60 58 66 59 67 
62 2265 0.88378906250000000000 0.11230468750000000000 0 0 1 0 8 63 41 65 59 37 61 40 64 
63 2266 0.89355468750000000000 0.11230468750000000000 0 0 1 0 8 74 52 76 62 40 64 41 65 
64 2267 0.88378906250000000000 0.10253906250000000000 0 0 1 0 8 65 63 71 61 59 67 62 70 
65 2268 0.89355468750000000000 0.10253906250000000000 0 0 1 0 8 76 74 82 64 62 70 63 71 
66 2269 0.86425781250000000000 0.09277343750000000000 0 0 1 0 8 67 61 69 26 20 28 60 68 
67 2270 0.87402343750000000000 0.09277343750000000000 0 0 1 0 8 70 64 72 66 60 68 61 69 
68 2271 0.86425781250000000000 0.08300781250000000000 0 0 1 0 11 69 67 294 28 26 118 66 290 120 291 296 
69 2272 0.87402343750000000000 0.08300781250000000000 0 0 1 0 11 72 70 306 68 66 291 67 294 293 295 308 
70 2273 0.88378906250000000000 0.09277343750000000000 0 0 1 0 8 71 65 73 67 61 69 64 72 
71 2274 0.89355468750000000000 0.09277343750000000000 0 0 1 0 8 82 76 84 70 64 72 65 73 
72 2275 0.88378906250000000000 0.08300781250000000000 0 0 1 0 11 73 71 310 69 67 295 70 306 297 307 312 
73 2276 0.89355468750000000000 0.08300781250000000000 0 0 1 0 11 84 82 344 72 70 307 71 310 309 311 346 
74 2277 0.90332031250000000000 0.11230468750000000000 0 0 1 0 8 75 53 77 63 41 65 52 76 
75 2278 0.91308593750000000000 0.11230468750000000000 0 0 1 0 8 78 56 80 74 52 76 53 77 
76 2279 0.90332031250000000000 0.10253906250000000000 0 0 1 0 8 77 75 83 65 63 71 74 82 
77 2280 0.91308593750000000000 0.10253906250000000000 0 0 1 0 8 80 78 86 76 74 82 75 83 
78 2281 0.92285156250000000000 0.11230468750000000000 0 0 1 0 8 79 57 81 75 53 77 56 80 
79 2282 0.93261718750000000000 0.11230468750000000000 0 0 1 0 8 422 501 423 78 56 80 57 81 
80 2283 0.92285156250000000000 0.10253906250000000000 0 0 1 0 8 81 79 87 77 75 83 78 86 
81 2284 0.93261718750000000000 0.10253906250000000000 0 0 1 0 8 423 422 424 80 78 86 79 87 
82 2285 0.90332031250000000000 0.09277343750000000000 0 0 1 0 8 83 77 85 71 65 73 76 84 
83 2286 0.91308593750000000000 0.09277343750000000000 0 0 1 0 8 86 80 88 82 76 84 77 85 
84 2287 0.90332031250000000000 0.08300781250000000000 0 0 1 0 11 85 83 348 73 71 311 82 344 313 345 350 
85 2288 0.91308593750000000000 0.08300781250000000000 0 0 1 0 11 88 86 360 84 82 345 83 348 347 349 362 
86 2289 0.92285156250000000000 0.09277343750000000000 0 0 1 0 8 87 81 89 83 77 85 80 88 
87 2290 0.93261718750000000000 0.09277343750000000000 0 0 1 0 8 424 423 506 86 80 88 81 89 
88 2291 0.92285156250000000000 0.08300781250000000000 0 0 1 0 11 89 87 364 85 83 349 86 360 351 361 366 
89 2292 0.93261718750000000000 0.08300781250000000000 0 0 1 0 11 506 424 508 88 86 361 87 364 363 365 509 
90 2293 0.81787109375000000000 0.07568359375000000000 0 0 1 0 8 97 23 99 447 440 448 439 91 
91 2294 0.81787109375000000000 0.07080078125000000000 0 0 1 0 8 99 97 105 448 447 449 90 92 
92 2295 0.81787109375000000000 0.06591796875000000000 0 0 1 0 8 105 99 107 449 448 450 91 93 
93 2296 0.81787109375000000000 0.06103515625000000000 0 0 1 0 8 107 105 129 450 449 451 92 94 
94 2297 0.81787109375000000000 0.05615234375000000000 0 0 1 0 8 129 107 131 451 450 452 93 95 
95 2298 0.81787109375000000000 0.05126953125000000000 0 0 1 0 8 131 129 137 452 451 453 94 96 
96 2299 0.81787109375000000000 0.04638671875000000000 0 0 1 0 8 137 131 139 453 452 454 95 455 
97 2300 0.82275390625000000000 0.07568359375000000000 0 0 1 0 8 98 23 100 90 440 91 24 99 
98 2301 0.82763671875000000000 0.07568359375000000000 0 0 1 0 8 101 24 103 97 23 99 440 100 
99 2302 0.82275390625000000000 0.07080078125000000000 0 0 1 0 8 100 98 106 91 90 92 97 105 
100 2303 0.82763671875000000000 0.07080078125000000000 0 0 1 0 8 103 101 109 99 97 105 98 106 
101 2304 0.83251953125000000000 0.07568359375000000000 0 0 1 0 8 102 24 104 98 23 100 27 103 
102 2305 0.83740234375000000000 0.07568359375000000000 0 0 1 0 8 113 27 115 101 24 103 23 104 
103 2306 0.83251953125000000000 0.07080078125000000000 0 0 1 0 8 104 102 110 100 98 106 101 109 
104 2307 0.83740234375000000000 0.07080078125000000000 0 0 1 0 8 115 113 121 103 101 109 102 110 
105 2308 0.82275390625000000000 0.06591796875000000000 0 0 1 0 8 106 100 108 92 91 93 99 107 
106 2309 0.82763671875000000000 0.06591796875000000000 0 0 1 0 8 109 103 111 105 99 107 100 108 
107 2310 0.82275390625000000000 0.06103515625000000000 0 0 1 0 8 108 106 130 93 92 94 105 129 
108 2311 0.82763671875000000000 0.06103515625000000000 0 0 1 0 8 111 109 133 107 105 129 106 130 
109 2312 0.83251953125000000000 0.06591796875000000000 0 0 1 0 8 110 104 112 106 100 108 103 111 
110 2313 0.83740234375000000000 0.06591796875000000000 0 0 1 0 8 121 115 123 109 103 111 104 112 
111 2314 0.83251953125000000000 0.06103515625000000000 0 0 1 0 8 112 110 134 108 106 130 109 133 
112 2315 0.83740234375000000000 0.06103515625000000000 0 0 1 0 8 123 121 145 111 109 133 110 134 
113 2316 0.84228515625000000000 0.07568359375000000000 0 0 1 0 8 114 27 116 102 24 104 28 115 
114 2317 0.84716796875000000000 0.07568359375000000000 0 0 1 0 8 117 28 119 113 27 115 24 116 
115 2318 0.84228515625000000000 0.07080078125000000000 0 0 1 0 8 116 114 122 104 102 110 113 121 
116 2319 0.84716796875000000000 0.07080078125000000000 0 0 1 0 8 119 117 125 115 113 121 114 122 
117 2320 0.85205078125000000000 0.07568359375000000000 0 0 1 0 8 118 28 120 114 27 116 68 119 
118 2321 0.85693359375000000000 0.07568359375000000000 0 0 1 0 8 290 68 292 117 28 119 27 120 
119 2322 0.85205078125000000000 0.07080078125000000000 0 0 1 0 8 120 118 126 116 114 122 117 125 
120 2323 0.85693359375000000000 0.07080078125000000000 0 0 1 0 8 292 290 298 119 117 125 118 126 
121 2324 0.84228515625000000000 0.06591796875000000000 0 0 1 0 8 122 116 124 110 104 112 115 123 
122 2325 0.84716796875000000000 0.06591796875000000000 0 0 1 0 8 125 119 127 121 115 123 116 124 
123 2326 0.84228515625000000000 0.06103515625000000000 0 0 1 0 8 124 122 146 112 110 134 121 145 
124 2327 0.84716796875000000000 0.06103515625000000000 0 0 1 0 8 127 125 149 123 121 145 122 146 
125 2328 0.85205078125000000000 0.06591796875000000000 0 0 1 0 8 126 120 128 122 116 124 119 127 
126 2329 0.85693359375000000000 0.06591796875000000000 0 0 1 0 8 298 292 300 125 119 127 120 128 
127 2330 0.85205078125000000000 0.06103515625000000000 0 0 1 0 8 128 126 150 124 122 146 125 149 
128 2331 0.85693359375000000000 0.06103515625000000000 0 0 1 0 8 300 298 322 127 125 149 126 150 
129 2332 0.82275390625000000000 0.05615234375000000000 0 0 1 0 8 130 108 132 94 93 95 107 131 
130 2333 0.82763671875000000000 0.05615234375000000000 0 0 1 0 8 133 111 135 129 107 131 108 132 
131 2334 0.82275390625000000000 0.05126953125000000000 0 0 1 0 8 132 130 138 95 94 96 129 137 
132 2335 0.82763671875000000000 0.05126953125000000000 0 0 1 0 8 135 133 141 131 129 137 130 138 
133 2336 0.83251953125000000000 0.05615234375000000000 0 0 1 0 8 134 112 136 130 108 132 111 135 
134 2337 0.83740234375000000000 0.05615234375000000000 0 0 1 0 8 145 123 147 133 111 135 112 136 
135 2338 0.83251953125000000000 0.05126953125000000000 0 0 1 0 8 136 134 142 132 130 138 133 141 
136 2339 0.83740234375000000000 0.05126953125000000000 0 0 1 0 8 147 145 153 135 133 141 134 142 
137 2340 0.82275390625000000000 0.04638671875000000000 0 0 1 0 8 138 132 140 96 95 455 131 139 
138 2341 0.82763671875000000000 0.04638671875000000000 0 0 1 0 8 141 135 143 137 131 139 132 140 
139 2342 0.82275390625000000000 0.04150390625000000000 0 0 1 0 11 140 138 163 455 96 456 137 459 457 161 165 
140 2343 0.82763671875000000000 0.04150390625000000000 0 0 1 0 11 143 141 173 139 137 161 138 163 162 164 175 
141 2344 0.83251953125000000000 0.04638671875000000000 0 0 1 0 8 142 136 144 138 132 140 135 143 
142 2345 0.83740234375000000000 0.04638671875000000000 0 0 1 0 8 153 147 155 141 135 143 136 144 
143 2346 0.83251953125000000000 0.04150390625000000000 0 0 1 0 11 144 142 177 140 138 164 141 173 166 174 179 
144 2347 0.83740234375000000000 0.04150390625000000000 0 0 1 0 11 155 153 206 143 141 174 142 177 176 178 208 
145 2348 0.84228515625000000000 0.05615234375000000000 0 0 1 0 8 146 124 148 134 112 136 123 147 
146 2349 0.84716796875000000000 0.05615234375000000000 0 0 1 0 8 149 127 151 145 123 147 124 148 
147 2350 0.84228515625000000000 0.05126953125000000000 0 0 1 0 8 148 146 154 136 134 142 145 153 
148 2351 0.84716796875000000000 0.05126953125000000000 0 0 1 0 8 151 149 157 147 145 153 146 154 
149 2352 0.85205078125000000000 0.05615234375000000000 0 0 1 0 8 150 128 152 146 124 148 127 151 
150 2353 0.85693359375000000000 0.05615234375000000000 0 0 1 0 8 322 300 324 149 127 151 128 152 
151 2354 0.85205078125000000000 0.05126953125000000000 0 0 1 0 8 152 150 158 148 146 154 149 157 
152 2355 0.85693359375000000000 0.05126953125000000000 0 0 1 0 8 324 322 330 151 149 157 150 158 
153 2356 0.84228515625000000000 0.04638671875000000000 0 0 1 0 8 154 148 156 142 136 144 147 155 
154 2357 0.84716796875000000000 0.04638671875000000000 0 0 1 0 8 157 151 159 153 147 155 148 156 
155 2358 0.84228515625000000000 0.04150390625000000000 0 0 1 0 11 156 154 210 144 142 178 153 206 180 207 212 
156 2359 0.84716796875000000000 0.04150390625000000000 0 0 1 0 11 159 157 222 155 153 207 154 210 209 211 224 
157 2360 0.85205078125000000000 0.04638671875000000000 0 0 1 0 8 158 152 160 154 148 156 151 159 
158 2361 0.85693359375000000000 0.04638671875000000000 0 0 1 0 8 330 324 332 157 151 159 152 160 
159 2362 0.85205078125000000000 0.04150390625000000000 0 0 1 0 11 160 158 226 156 154 211 157 222 213 223 228 
160 2363 0.85693359375000000000 0.04150390625000000000 0 0 1 0 11 332 330 373 159 157 223 158 226 225 227 375 
161 2364 0.82397460937500000000 0.03784179687500000000 0 0 1 0 8 163 140 165 459 139 460 455 162 
162 2365 0.82397460937500000000 0.03540039062500000000 0 0 1 0 8 165 163 169 460 459 461 161 167 
163 2366 0.82641601562500000000 0.03784179687500000000 0 0 1 0 8 164 140 166 161 139 162 143 165 
164 2367 0.82885742187500000000 0.03784179687500000000 0 0 1 0 8 173 143 175 163 140 165 139 166 
165 2368 0.82641601562500000000 0.03540039062500000000 0 0 1 0 8 166 164 170 162 161 167 163 169 
166 2369 0.82885742187500000000 0.03540039062500000000 0 0 1 0 8 175 173 181 165 163 169 164 170 
167 2370 0.82397460937500000000 0.03295898437500000000 0 0 1 0 8 169 165 171 461 460 462 162 168 
168 2371 0.82397460937500000000 0.03051757812500000000 0 0 1 0 8 171 169 191 462 461 463 167 189 
169 2372 0.82641601562500000000 0.03295898437500000000 0 0 1 0 8 170 166 172 167 162 168 165 171 
170 2373 0.82885742187500000000 0.03295898437500000000 0 0 1 0 8 181 175 183 169 165 171 166 172 
171 2374 0.82641601562500000000 0.03051757812500000000 0 0 1 0 8 172 170 192 168 167 189 169 191 
172 2375 0.82885742187500000000 0.03051757812500000000 0 0 1 0 8 183 181 196 171 169 191 170 192 
173 2376 0.83129882812500000000 0.03784179687500000000 0 0 1 0 8 174 143 176 164 140 166 144 175 
174 2377 0.83374023437500000000 0.03784179687500000000 0 0 1 0 8 177 144 179 173 143 175 140 176 
175 2378 0.83129882812500000000 0.03540039062500000000 0 0 1 0 8 176 174 182 166 164 170 173 181 
176 2379 0.83374023437500000000 0.03540039062500000000 0 0 1 0 8 179 177 185 175 173 181 174 182 
177 2380 0.83618164062500000000 0.03784179687500000000 0 0 1 0 8 178 144 180 174 143 176 155 179 
178 2381 0.83862304687500000000 0.03784179687500000000 0 0 1 0 8 206 155 208 177 144 179 143 180 
179 2382 0.83618164062500000000 0.03540039062500000000 0 0 1 0 8 180 178 186 176 174 182 177 185 
180 2383 0.83862304687500000000 0.03540039062500000000 0 0 1 0 8 208 206 214 179 177 185 178 186 
181 2384 0.83129882812500000000 0.03295898437500000000 0 0 1 0 8 182 176 184 170 166 172 175 183 
182 2385 0.83374023437500000000 0.03295898437500000000 0 0 1 0 8 185 179 187 181 175 183 176 184 
183 2386 0.83129882812500000000 0.03051757812500000000 0 0 1 0 8 184 182 197 172 170 192 181 196 
184 2387 0.83374023437500000000 0.03051757812500000000 0 0 1 0 8 187 185 200 183 181 196 182 197 
185 2388 0.83618164062500000000 0.03295898437500000000 0 0 1 0 8 186 180 188 182 176 184 179 187 
186 2389 0.83862304687500000000 0.03295898437500000000 0 0 1 0 8 214 208 216 185 179 187 180 188 
187 2390 0.83618164062500000000 0.03051757812500000000 0 0 1 0 8 188 186 201 184 182 197 185 200 
188 2391 0.83862304687500000000 0.03051757812500000000 0 0 1 0 9 216 214 238 187 185 200 186 201 240 
189 2392 0.82397460937500000000 0.02807617187500000000 0 0 1 0 8 191 171 193 463 462 464 168 190 
190 2393 0.82397460937500000000 0.02563476562500000000 0 0 1 0 8 193 191 2 464 463 1 189 195 
191 2394 0.82641601562500000000 0.02807617187500000000 0 0 1 0 8 192 172 194 189 168 190 171 193 
192 2395 0.82885742187500000000 0.02807617187500000000 0 0 1 0 8 196 183 198 191 171 193 172 194 
193 2396 0.82641601562500000000 0.02563476562500000000 0 0 1 0 8 194 192 2 190 189 195 191 3 
194 2397 0.82885742187500000000 0.02563476562500000000 0 0 1 0 7 198 196 3 193 191 2 192 
195 2398 0.82397460937500000000 0.02319335937500000000 0 0 1 0 5 2 1 464 190 193 
196 2399 0.83129882812500000000 0.02807617187500000000 0 0 1 0 8 197 184 199 192 172 194 183 198 
197 2400 0.83374023437500000000 0.02807617187500000000 0 0 1 0 8 200 187 202 196 183 198 184 199 
198 2401 0.83129882812500000000 0.02563476562500000000 0 0 1 0 7 199 197 3 194 192 2 196 
199 2402 0.83374023437500000000 0.02563476562500000000 0 0 1 0 8 202 200 204 198 196 3 197 2 
200 2403 0.83618164062500000000 0.02807617187500000000 0 0 1 0 8 201 188 203 197 184 199 187 202 
201 2404 0.83862304687500000000 0.02807617187500000000 0 0 1 0 10 238 216 240 246 200 187 202 188 203 248 
202 2405 0.83618164062500000000 0.02563476562500000000 0 0 1 0 8 203 201 205 199 197 3 200 204 
203 2406 0.83862304687500000000 0.02563476562500000000 0 0 1 0 9 246 240 248 270 202 200 204 201 205 
204 2407 0.83618164062500000000 0.02319335937500000000 0 0 1 0 6 4 202 205 3 203 199 
205 2408 0.83862304687500000000 0.02319335937500000000 0 0 1 0 6 270 248 4 204 202 203 
206 2409 0.84106445312500000000 0.03784179687500000000 0 0 1 0 8 207 155 209 178 144 180 156 208 
207 2410 0.84350585937500000000 0.03784179687500000000 0 0 1 0 8 210 156 212 206 155 208 144 209 
208 2411 0.84106445312500000000 0.03540039062500000000 0 0 1 0 8 209 207 215 180 178 186 206 214 
209 2412 0.84350585937500000000 0.03540039062500000000 0 0 1 0 8 212 210 218 208 206 214 207 215 
210 2413 0.84594726562500000000 0.03784179687500000000 0 0 1 0 8 211 156 213 207 155 209 159 212 
211 2414 0.84838867187500000000 0.03784179687500000000 0 0 1 0 8 222 159 224 210 156 212 155 213 
212 2415 0.84594726562500000000 0.03540039062500000000 0 0 1 0 8 213 211 219 209 207 215 210 218 
213 2416 0.84838867187500000000 0.03540039062500000000 0 0 1 0 8 224 222 230 212 210 218 211 219 
214 2417 0.84106445312500000000 0.03295898437500000000 0 0 1 0 8 215 209 217 186 180 188 208 216 
215 2418 0.84350585937500000000 0.03295898437500000000 0 0 1 0 8 218 212 220 214 208 216 209 217 
216 2419 0.84106445312500000000 0.03051757812500000000 0 0 1 0 10 217 215 242 188 186 201 214 238 239 244 
217 2420 0.84350585937500000000 0.03051757812500000000 0 0 1 0 11 220 218 254 216 214 239 215 242 241 243 256 
218 2421 0.84594726562500000000 0.03295898437500000000 0 0 1 0 8 219 213 221 215 209 217 212 220 
219 2422 0.84838867187500000000 0.03295898437500000000 0 0 1 0 8 230 224 232 218 212 220 213 221 
220 2423 0.84594726562500000000 0.03051757812500000000 0 0 1 0 11 221 219 258 217 215 243 218 254 245 255 260 
221 2424 0.84838867187500000000 0.03051757812500000000 0 0 1 0 10 232 230 274 220 218 255 219 258 257 259 
222 2425 0.85083007812500000000 0.03784179687500000000 0 0 1 0 8 223 159 225 211 156 213 160 224 
223 2426 0.85327148437500000000 0.03784179687500000000 0 0 1 0 8 226 160 228 222 159 224 156 225 
224 2427 0.85083007812500000000 0.03540039062500000000 0 0 1 0 8 225 223 231 213 211 219 222 230 
225 2428 0.85327148437500000000 0.03540039062500000000 0 0 1 0 8 228 226 234 224 222 230 223 231 
226 2429 0.85571289062500000000 0.03784179687500000000 0 0 1 0 8 227 160 229 223 159 225 332 228 
227 2430 0.85815429687500000000 0.03784179687500000000 0 0 1 0 8 373 332 375 226 160 228 159 229 
228 2431 0.85571289062500000000 0.03540039062500000000 0 0 1 0 8 229 227 235 225 223 231 226 234 
229 2432 0.85815429687500000000 0.03540039062500000000 0 0 1 0 8 375 373 381 228 226 234 227 235 
230 2433 0.85083007812500000000 0.03295898437500000000 0 0 1 0 8 231 225 233 219 213 221 224 232 
231 2434 0.85327148437500000000 0.03295898437500000000 0 0 1 0 8 234 228 236 230 224 232 225 233 
232 2435 0.85083007812500000000 0.03051757812500000000 0 0 1 0 9 233 231 275 221 219 259 230 274 261 
233 2436 0.85327148437500000000 0.03051757812500000000 0 0 1 0 8 236 234 278 232 230 274 231 275 
234 2437 0.85571289062500000000 0.03295898437500000000 0 0 1 0 8 235 229 237 231 225 233 228 236 
235 2438 0.85815429687500000000 0.03295898437500000000 0 0 1 0 8 381 375 383 234 228 236 229 237 
236 2439 0.85571289062500000000 0.03051757812500000000 0 0 1 0 8 237 235 279 233 231 275 234 278 
237 2440 0.85815429687500000000 0.03051757812500000000 0 0 1 0 8 383 381 401 236 234 278 235 279 
238 2441 0.84045410156250000000 0.02868652343750000000 0 0 1 0 8 239 216 241 201 188 203 217 240 
239 2442 0.84167480468750000000 0.02868652343750000000 0 0 1 0 8 242 217 244 238 216 240 188 241 
240 2443 0.84045410156250000000 0.02746582031250000000 0 0 1 0 8 241 239 247 201 188 203 238 246 
241 2444 0.84167480468750000000 0.02746582031250000000 0 0 1 0 8 244 242 250 240 238 246 239 247 
242 2445 0.84289550781250000000 0.02868652343750000000 0 0 1 0 8 243 217 245 239 216 241 220 244 
243 2446 0.84411621093750000000 0.02868652343750000000 0 0 1 0 8 254 220 256 242 217 244 216 245 
244 2447 0.84289550781250000000 0.02746582031250000000 0 0 1 0 8 245 243 251 241 239 247 242 250 
245 2448 0.84411621093750000000 0.02746582031250000000 0 0 1 0 8 256 254 262 244 242 250 243 251 
246 2449 0.84045410156250000000 0.02624511718750000000 0 0 1 0 8 247 241 249 203 201 205 240 248 
247 2450 0.84167480468750000000 0.02624511718750000000 0 0 1 0 8 250 244 252 246 240 248 241 249 
248 2451 0.84045410156250000000 0.02502441406250000000 0 0 1 0 8 249 247 270 203 201 205 246 271 
249 2452 0.84167480468750000000 0.02502441406250000000 0 0 1 0 8 252 250 271 248 246 270 247 205 
250 2453 0.84289550781250000000 0.02624511718750000000 0 0 1 0 8 251 245 253 247 241 249 244 252 
251 2454 0.84411621093750000000 0.02624511718750000000 0 0 1 0 8 262 256 264 250 244 252 245 253 
252 2455 0.84289550781250000000 0.02502441406250000000 0 0 1 0 8 253 251 271 249 247 270 250 272 
253 2456 0.84411621093750000000 0.02502441406250000000 0 0 1 0 8 264 262 272 252 250 271 251 270 
254 2457 0.84533691406250000000 0.02868652343750000000 0 0 1 0 8 255 220 257 243 217 245 221 256 
255 2458 0.84655761718750000000 0.02868652343750000000 0 0 1 0 8 258 221 260 254 220 256 217 257 
256 2459 0.84533691406250000000 0.02746582031250000000 0 0 1 0 8 257 255 263 245 243 251 254 262 
257 2460 0.84655761718750000000 0.02746582031250000000 0 0 1 0 8 260 258 266 256 254 262 255 263 
258 2461 0.84777832031250000000 0.02868652343750000000 0 0 1 0 8 259 221 261 255 220 257 232 260 
259 2462 0.84899902343750000000 0.02868652343750000000 0 0 1 0 8 274 232 276 258 221 260 220 261 
260 2463 0.84777832031250000000 0.02746582031250000000 0 0 1 0 8 261 259 267 257 255 263 258 266 
261 2464 0.84899902343750000000 0.02746582031250000000 0 0 1 0 8 274 232 276 260 258 266 259 267 
262 2465 0.84533691406250000000 0.02624511718750000000 0 0 1 0 8 263 257 265 251 245 253 256 264 
263 2466 0.84655761718750000000 0.02624511718750000000 0 0 1 0 8 266 260 268 262 256 264 257 265 
264 2467 0.84533691406250000000 0.02502441406250000000 0 0 1 0 8 265 263 272 253 251 271 262 273 
265 2468 0.84655761718750000000 0.02502441406250000000 0 0 1 0 8 268 266 273 264 262 272 263 271 
266 2469 0.84777832031250000000 0.02624511718750000000 0 0 1 0 8 267 261 269 263 257 265 260 268 
267 2470 0.84899902343750000000 0.02624511718750000000 0 0 1 0 8 276 274 282 266 260 268 261 269 
268 2471 0.84777832031250000000 0.02502441406250000000 0 0 1 0 8 269 267 273 265 263 272 266 282 
269 2472 0.84899902343750000000 0.02502441406250000000 0 0 1 0 8 276 274 282 268 266 273 267 272 
270 2473 0.84106445312500000000 0.02319335937500000000 0 0 1 0 8 271 252 5 205 203 249 248 4 
271 2474 0.84350585937500000000 0.02319335937500000000 0 0 1 0 9 272 264 6 270 249 4 253 252 5 
272 2475 0.84594726562500000000 0.02319335937500000000 0 0 1 0 9 273 268 7 271 253 5 265 264 6 
273 2476 0.84838867187500000000 0.02319335937500000000 0 0 1 0 9 282 276 284 272 265 6 269 268 7 
274 2477 0.85083007812500000000 0.02807617187500000000 0 0 1 0 10 275 233 277 259 221 261 267 232 276 269 
275 2478 0.85327148437500000000 0.02807617187500000000 0 0 1 0 8 278 236 280 274 232 276 233 277 
276 2479 0.85083007812500000000 0.02563476562500000000 0 0 1 0 9 277 275 283 267 261 269 273 274 282 
277 2480 0.85327148437500000000 0.02563476562500000000 0 0 1 0 8 280 278 286 276 274 282 275 283 
278 2481 0.85571289062500000000 0.02807617187500000000 0 0 1 0 8 279 237 281 275 233 277 236 280 
279 2482 0.85815429687500000000 0.02807617187500000000 0 0 1 0 8 401 383 403 278 236 280 237 281 
280 2483 0.85571289062500000000 0.02563476562500000000 0 0 1 0 8 281 279 287 277 275 283 278 286 
281 2484 0.85815429687500000000 0.02563476562500000000 0 0 1 0 8 403 401 409 280 278 286 279 287 
282 2485 0.85083007812500000000 0.02319335937500000000 0 0 1 0 8 283 277 285 273 269 7 276 284 
283 2486 0.85327148437500000000 0.02319335937500000000 0 0 1 0 8 286 280 288 282 276 284 277 285 
284 2487 0.85083007812500000000 0.02075195312500000000 0 0 1 0 6 285 283 8 7 273 282 
285 2488 0.85327148437500000000 0.02075195312500000000 0 0 1 0 6 288 286 284 282 8 283 
286 2489 0.85571289062500000000 0.02319335937500000000 0 0 1 0 8 287 281 289 283 277 285 280 288 
287 2490 0.85815429687500000000 0.02319335937500000000 0 0 1 0 8 409 403 411 286 280 288 281 289 
288 2491 0.85571289062500000000 0.02075195312500000000 0 0 1 0 7 289 287 285 283 8 286 9 
289 2492 0.85815429687500000000 0.02075195312500000000 0 0 1 0 7 411 409 9 288 286 287 8 
290 2493 0.86181640625000000000 0.07568359375000000000 0 0 1 0 8 291 68 293 118 28 120 69 292 
291 2494 0.86669921875000000000 0.07568359375000000000 0 0 1 0 8 294 69 296 290 68 292 28 293 
292 2495 0.86181640625000000000 0.07080078125000000000 0 0 1 0 8 293 291 299 120 118 126 290 298 
293 2496 0.86669921875000000000 0.07080078125000000000 0 0 1 0 8 296 294 302 292 290 298 291 299 
294 2497 0.87158203125000000000 0.07568359375000000000 0 0 1 0 8 295 69 297 291 68 293 72 296 
295 2498 0.87646484375000000000 0.07568359375000000000 0 0 1 0 8 306 72 308 294 69 296 68 297 
296 2499 0.87158203125000000000 0.07080078125000000000 0 0 1 0 8 297 295 303 293 291 299 294 302 
297 2500 0.87646484375000000000 0.07080078125000000000 0 0 1 0 8 308 306 314 296 294 302 295 303 
298 2501 0.86181640625000000000 0.06591796875000000000 0 0 1 0 8 299 293 301 126 120 128 292 300 
299 2502 0.86669921875000000000 0.06591796875000000000 0 0 1 0 8 302 296 304 298 292 300 293 301 
300 2503 0.86181640625000000000 0.06103515625000000000 0 0 1 0 8 301 299 323 128 126 150 298 322 
301 2504 0.86669921875000000000 0.06103515625000000000 0 0 1 0 8 304 302 326 300 298 322 299 323 
302 2505 0.87158203125000000000 0.06591796875000000000 0 0 1 0 8 303 297 305 299 293 301 296 304 
303 2506 0.87646484375000000000 0.06591796875000000000 0 0 1 0 8 314 308 316 302 296 304 297 305 
304 2507 0.87158203125000000000 0.06103515625000000000 0 0 1 0 8 305 303 327 301 299 323 302 326 
305 2508 0.87646484375000000000 0.06103515625000000000 0 0 1 0 8 316 314 338 304 302 326 303 327 
306 2509 0.88134765625000000000 0.07568359375000000000 0 0 1 0 8 307 72 309 295 69 297 73 308 
307 2510 0.88623046875000000000 0.07568359375000000000 0 0 1 0 8 310 73 312 306 72 308 69 309 
308 2511 0.88134765625000000000 0.07080078125000000000 0 0 1 0 8 309 307 315 297 295 303 306 314 
309 2512 0.88623046875000000000 0.07080078125000000000 0 0 1 0 8 312 310 318 308 306 314 307 315 
310 2513 0.89111328125000000000 0.07568359375000000000 0 0 1 0 8 311 73 313 307 72 309 84 312 
311 2514 0.89599609375000000000 0.07568359375000000000 0 0 1 0 8 344 84 346 310 73 312 72 313 
312 2515 0.89111328125000000000 0.07080078125000000000 0 0 1 0 8 313 311 319 309 307 315 310 318 
313 2516 0.89599609375000000000 0.07080078125000000000 0 0 1 0 8 346 344 352 312 310 318 311 319 
314 2517 0.88134765625000000000 0.06591796875000000000 0 0 1 0 8 315 309 317 303 297 305 308 316 
315 2518 0.88623046875000000000 0.06591796875000000000 0 0 1 0 8 318 312 320 314 308 316 309 317 
316 2519 0.88134765625000000000 0.06103515625000000000 0 0 1 0 8 317 315 339 305 303 327 314 338 
317 2520 0.88623046875000000000 0.06103515625000000000 0 0 1 0 8 320 318 342 316 314 338 315 339 
318 2521 0.89111328125000000000 0.06591796875000000000 0 0 1 0 8 319 313 321 315 309 317 312 320 
319 2522 0.89599609375000000000 0.06591796875000000000 0 0 1 0 8 352 346 354 318 312 320 313 321 
320 2523 0.89111328125000000000 0.06103515625000000000 0 0 1 0 8 321 319 465 317 315 339 318 342 
321 2524 0.89599609375000000000 0.06103515625000000000 0 0 1 0 8 354 352 475 320 318 342 319 465 
322 2525 0.86181640625000000000 0.05615234375000000000 0 0 1 0 8 323 301 325 150 128 152 300 324 
323 2526 0.86669921875000000000 0.05615234375000000000 0 0 1 0 8 326 304 328 322 300 324 301 325 
324 2527 0.86181640625000000000 0.05126953125000000000 0 0 1 0 8 325 323 331 152 150 158 322 330 
325 2528 0.86669921875000000000 0.05126953125000000000 0 0 1 0 8 328 326 334 324 322 330 323 331 
326 2529 0.87158203125000000000 0.05615234375000000000 0 0 1 0 8 327 305 329 323 301 325 304 328 
327 2530 0.87646484375000000000 0.05615234375000000000 0 0 1 0 8 338 316 340 326 304 328 305 329 
328 2531 0.87158203125000000000 0.05126953125000000000 0 0 1 0 8 329 327 335 325 323 331 326 334 
329 2532 0.87646484375000000000 0.05126953125000000000 0 0 1 0 8 340 338 343 328 326 334 327 335 
330 2533 0.86181640625000000000 0.04638671875000000000 0 0 1 0 8 331 325 333 158 152 160 324 332 
331 2534 0.86669921875000000000 0.04638671875000000000 0 0 1 0 8 334 328 336 330 324 332 325 333 
332 2535 0.86181640625000000000 0.04150390625000000000 0 0 1 0 11 333 331 377 160 158 227 330 373 229 374 379 
333 2536 0.86669921875000000000 0.04150390625000000000 0 0 1 0 11 336 334 389 332 330 374 331 377 376 378 391 
334 2537 0.87158203125000000000 0.04638671875000000000 0 0 1 0 8 335 329 337 331 325 333 328 336 
335 2538 0.87646484375000000000 0.04638671875000000000 0 0 1 0 8 343 340 469 334 328 336 329 337 
336 2539 0.87158203125000000000 0.04150390625000000000 0 0 1 0 11 337 335 393 333 331 378 334 389 380 390 394 
337 2540 0.87646484375000000000 0.04150390625000000000 0 0 1 0 11 469 343 494 336 334 390 335 393 392 483 495 
338 2541 0.88134765625000000000 0.05615234375000000000 0 0 1 0 8 339 317 341 327 305 329 316 340 
339 2542 0.88623046875000000000 0.05615234375000000000 0 0 1 0 8 342 320 466 338 316 340 317 341 
340 2543 0.88134765625000000000 0.05126953125000000000 0 0 1 0 8 341 339 468 329 327 335 338 343 
341 2544 0.88623046875000000000 0.05126953125000000000 0 0 1 0 8 466 342 471 340 338 343 339 468 
342 2545 0.89111328125000000000 0.05615234375000000000 0 0 1 0 8 465 321 467 339 317 341 320 466 
343 2546 0.88134765625000000000 0.04638671875000000000 0 0 1 0 8 468 341 470 335 329 337 340 469 
344 2547 0.90087890625000000000 0.07568359375000000000 0 0 1 0 8 345 84 347 311 73 313 85 346 
345 2548 0.90576171875000000000 0.07568359375000000000 0 0 1 0 8 348 85 350 344 84 346 73 347 
346 2549 0.90087890625000000000 0.07080078125000000000 0 0 1 0 8 347 345 353 313 311 319 344 352 
347 2550 0.90576171875000000000 0.07080078125000000000 0 0 1 0 8 350 348 356 346 344 352 345 353 
348 2551 0.91064453125000000000 0.07568359375000000000 0 0 1 0 8 349 85 351 345 84 347 88 350 
349 2552 0.91552734375000000000 0.07568359375000000000 0 0 1 0 8 360 88 362 348 85 350 84 351 
350 2553 0.91064453125000000000 0.07080078125000000000 0 0 1 0 8 351 349 357 347 345 353 348 356 
351 2554 0.91552734375000000000 0.07080078125000000000 0 0 1 0 8 362 360 367 350 348 356 349 357 
352 2555 0.90087890625000000000 0.06591796875000000000 0 0 1 0 8 353 347 355 319 313 321 346 354 
353 2556 0.90576171875000000000 0.06591796875000000000 0 0 1 0 8 356 350 358 352 346 354 347 355 
354 2557 0.90087890625000000000 0.06103515625000000000 0 0 1 0 8 355 353 476 321 319 465 352 475 
355 2558 0.90576171875000000000 0.06103515625000000000 0 0 1 0 8 358 356 477 354 352 475 353 476 
356 2559 0.91064453125000000000 0.06591796875000000000 0 0 1 0 8 357 351 359 353 347 355 350 358 
357 2560 0.91552734375000000000 0.06591796875000000000 0 0 1 0 8 367 362 369 356 350 358 351 359 
358 2561 0.91064453125000000000 0.06103515625000000000 0 0 1 0 8 359 357 478 355 353 476 356 477 
359 2562 0.91552734375000000000 0.06103515625000000000 0 0 1 0 8 369 367 479 358 356 477 357 478 
360 2563 0.92041015625000000000 0.07568359375000000000 0 0 1 0 8 361 88 363 349 85 351 89 362 
361 2564 0.92529296875000000000 0.07568359375000000000 0 0 1 0 8 364 89 366 360 88 362 85 363 
362 2565 0.92041015625000000000 0.07080078125000000000 0 0 1 0 8 363 361 368 351 349 357 360 367 
363 2566 0.92529296875000000000 0.07080078125000000000 0 0 1 0 8 366 364 371 362 360 367 361 368 
364 2567 0.93017578125000000000 0.07568359375000000000 0 0 1 0 8 365 89 472 361 88 363 506 366 
365 2568 0.93505859375000000000 0.07568359375000000000 0 0 1 0 8 508 506 509 364 89 366 88 472 
366 2569 0.93017578125000000000 0.07080078125000000000 0 0 1 0 8 472 365 473 363 361 368 364 371 
367 2570 0.92041015625000000000 0.06591796875000000000 0 0 1 0 8 368 363 370 357 351 359 362 369 
368 2571 0.92529296875000000000 0.06591796875000000000 0 0 1 0 8 371 366 372 367 362 369 363 370 
369 2572 0.92041015625000000000 0.06103515625000000000 0 0 1 0 8 370 368 480 359 357 478 367 479 
370 2573 0.92529296875000000000 0.06103515625000000000 0 0 1 0 8 372 371 481 369 367 479 368 480 
371 2574 0.93017578125000000000 0.06591796875000000000 0 0 1 0 8 473 472 474 368 363 370 366 372 
372 2575 0.93017578125000000000 0.06103515625000000000 0 0 1 0 8 474 473 482 370 368 480 371 481 
373 2576 0.86059570312500000000 0.03784179687500000000 0 0 1 0 8 374 332 376 227 160 229 333 375 
374 2577 0.86303710937500000000 0.03784179687500000000 0 0 1 0 8 377 333 379 373 332 375 160 376 
375 2578 0.86059570312500000000 0.03540039062500000000 0 0 1 0 8 376 374 382 229 227 235 373 381 
376 2579 0.86303710937500000000 0.03540039062500000000 0 0 1 0 8 379 377 385 375 373 381 374 382 
377 2580 0.86547851562500000000 0.03784179687500000000 0 0 1 0 8 378 333 380 374 332 376 336 379 
378 2581 0.86791992187500000000 0.03784179687500000000 0 0 1 0 8 389 336 391 377 333 379 332 380 
379 2582 0.86547851562500000000 0.03540039062500000000 0 0 1 0 8 380 378 386 376 374 382 377 385 
380 2583 0.86791992187500000000 0.03540039062500000000 0 0 1 0 8 391 389 395 379 377 385 378 386 
381 2584 0.86059570312500000000 0.03295898437500000000 0 0 1 0 8 382 376 384 235 229 237 375 383 
382 2585 0.86303710937500000000 0.03295898437500000000 0 0 1 0 8 385 379 387 381 375 383 376 384 
383 2586 0.86059570312500000000 0.03051757812500000000 0 0 1 0 8 384 382 402 237 235 279 381 401 
384 2587 0.86303710937500000000 0.03051757812500000000 0 0 1 0 8 387 385 405 383 381 401 382 402 
385 2588 0.86547851562500000000 0.03295898437500000000 0 0 1 0 8 386 380 388 382 376 384 379 387 
386 2589 0.86791992187500000000 0.03295898437500000000 0 0 1 0 8 395 391 397 385 379 387 380 388 
387 2590 0.86547851562500000000 0.03051757812500000000 0 0 1 0 8 388 386 406 384 382 402 385 405 
388 2591 0.86791992187500000000 0.03051757812500000000 0 0 1 0 8 397 395 417 387 385 405 386 406 
389 2592 0.87036132812500000000 0.03784179687500000000 0 0 1 0 8 390 336 392 378 333 380 337 391 
390 2593 0.87280273437500000000 0.03784179687500000000 0 0 1 0 8 393 337 394 389 336 391 333 392 
391 2594 0.87036132812500000000 0.03540039062500000000 0 0 1 0 8 392 390 396 380 378 386 389 395 
392 2595 0.87280273437500000000 0.03540039062500000000 0 0 1 0 8 394 393 399 391 389 395 390 396 
393 2596 0.87524414062500000000 0.03784179687500000000 0 0 1 0 8 483 337 484 390 336 392 469 394 
394 2597 0.87524414062500000000 0.03540039062500000000 0 0 1 0 8 484 483 485 392 390 396 393 399 
395 2598 0.87036132812500000000 0.03295898437500000000 0 0 1 0 8 396 392 398 386 380 388 391 397 
396 2599 0.87280273437500000000 0.03295898437500000000 0 0 1 0 8 399 394 400 395 391 397 392 398 
397 2600 0.87036132812500000000 0.03051757812500000000 0 0 1 0 8 398 396 418 388 386 406 395 417 
398 2601 0.87280273437500000000 0.03051757812500000000 0 0 1 0 8 400 399 488 397 395 417 396 418 
399 2602 0.87524414062500000000 0.03295898437500000000 0 0 1 0 8 485 484 486 396 392 398 394 400 
400 2603 0.87524414062500000000 0.03051757812500000000 0 0 1 0 8 486 485 489 398 396 418 399 488 
401 2604 0.86059570312500000000 0.02807617187500000000 0 0 1 0 8 402 384 404 279 237 281 383 403 
402 2605 0.86303710937500000000 0.02807617187500000000 0 0 1 0 8 405 387 407 401 383 403 384 404 
403 2606 0.86059570312500000000 0.02563476562500000000 0 0 1 0 8 404 402 410 281 279 287 401 409 
404 2607 0.86303710937500000000 0.02563476562500000000 0 0 1 0 8 407 405 413 403 401 409 402 410 
405 2608 0.86547851562500000000 0.02807617187500000000 0 0 1 0 8 406 388 408 402 384 404 387 407 
406 2609 0.86791992187500000000 0.02807617187500000000 0 0 1 0 8 417 397 419 405 387 407 388 408 
407 2610 0.86547851562500000000 0.02563476562500000000 0 0 1 0 8 408 406 414 404 402 410 405 413 
408 2611 0.86791992187500000000 0.02563476562500000000 0 0 1 0 8 419 417 420 407 405 413 406 414 
409 2612 0.86059570312500000000 0.02319335937500000000 0 0 1 0 8 410 404 412 287 281 289 403 411 
410 2613 0.86303710937500000000 0.02319335937500000000 0 0 1 0 8 413 407 415 409 403 411 404 412 
411 2614 0.86059570312500000000 0.02075195312500000000 0 0 1 0 7 412 410 9 289 287 409 10 
412 2615 0.86303710937500000000 0.02075195312500000000 0 0 1 0 7 415 413 10 411 409 9 410 
413 2616 0.86547851562500000000 0.02319335937500000000 0 0 1 0 8 414 408 416 410 404 412 407 415 
414 2617 0.86791992187500000000 0.02319335937500000000 0 0 1 0 8 420 419 421 413 407 415 408 416 
415 2618 0.86547851562500000000 0.02075195312500000000 0 0 1 0 8 416 414 10 412 410 9 413 11 
416 2619 0.86791992187500000000 0.02075195312500000000 0 0 1 0 8 421 420 11 415 413 10 414 9 
417 2620 0.87036132812500000000 0.02807617187500000000 0 0 1 0 8 418 398 487 406 388 408 397 419 
418 2621 0.87280273437500000000 0.02807617187500000000 0 0 1 0 8 488 400 490 417 397 419 398 487 
419 2622 0.87036132812500000000 0.02563476562500000000 0 0 1 0 8 487 418 491 408 406 414 417 420 
420 2623 0.87036132812500000000 0.02319335937500000000 0 0 1 0 8 491 487 492 414 408 416 419 421 
421 2624 0.87036132812500000000 0.02075195312500000000 0 0 1 0 8 492 491 11 416 414 10 420 426 
422 2625 0.94238281250000000000 0.11230468750000000000 0 0 1 0 8 503 502 504 79 57 81 501 423 
423 2626 0.94238281250000000000 0.10253906250000000000 0 0 1 0 8 504 503 505 81 79 87 422 424 
424 2627 0.94238281250000000000 0.09277343750000000000 0 0 1 0 8 505 504 507 87 81 89 423 506 
