432 1773 0.42444215000000001803 0.05635743399999999792 
433 3055 0.53178594999999995174 0.05004670399999999741 
434 16827 0.13671875000000000000 0.41015625000000000000 
435 16831 0.05859375000000000000 0.33203125000000000000 
436 16832 0.09765625000000000000 0.37109375000000000000 
437 16833 0.13671875000000000000 0.37109375000000000000 
438 16834 0.09765625000000000000 0.33203125000000000000 
439 16837 0.17578125000000000000 0.41015625000000000000 
440 16838 0.21484375000000000000 0.41015625000000000000 
441 16841 0.25390625000000000000 0.41015625000000000000 
442 16842 0.29296875000000000000 0.41015625000000000000 
443 16877 0.33203125000000000000 0.41015625000000000000 
444 16878 0.37109375000000000000 0.41015625000000000000 
445 16881 0.41015625000000000000 0.41015625000000000000 
446 16882 0.44921875000000000000 0.41015625000000000000 
447 16885 0.48828125000000000000 0.41015625000000000000 
448 16886 0.52734375000000000000 0.41015625000000000000 
449 3910 0.56640625000000000000 0.41015625000000000000 
450 3912 0.56640625000000000000 0.37109375000000000000 
451 3913 0.60546875000000000000 0.37109375000000000000 
452 3914 0.60546875000000000000 0.33203125000000000000 
453 16893 0.06835937500000000000 0.30273437500000000000 
454 16894 0.04882812500000000000 0.28320312500000000000 
455 16895 0.06835937500000000000 0.28320312500000000000 
456 16897 0.02929687500000000000 0.26367187500000000000 
457 16899 0.02929687500000000000 0.24414062500000000000 
458 16900 0.04882812500000000000 0.26367187500000000000 
459 16901 0.08789062500000000000 0.30273437500000000000 
460 12885 0.02929687500000000000 0.22460937500000000000 
461 12887 0.02929687500000000000 0.20507812500000000000 
462 12888 0.04882812500000000000 0.20507812500000000000 
463 12893 0.04882812500000000000 0.18554687500000000000 
464 12894 0.06835937500000000000 0.18554687500000000000 
465 12896 0.06835937500000000000 0.16601562500000000000 
466 12897 0.08789062500000000000 0.16601562500000000000 
467 456 0.10742187500000000000 0.16601562500000000000 
468 457 0.12695312500000000000 0.16601562500000000000 
469 458 0.14648437500000000000 0.16601562500000000000 
470 459 0.16601562500000000000 0.16601562500000000000 
471 1774 0.18554687500000000000 0.16601562500000000000 
472 1775 0.20507812500000000000 0.16601562500000000000 
473 1776 0.22460937500000000000 0.16601562500000000000 
474 1777 0.24414062500000000000 0.16601562500000000000 
475 1778 0.26367187500000000000 0.16601562500000000000 
476 1779 0.28320312500000000000 0.16601562500000000000 
477 1780 0.30273437500000000000 0.16601562500000000000 
478 1897 0.32226562500000000000 0.16601562500000000000 
479 1898 0.34179687500000000000 0.16601562500000000000 
480 3915 0.61523437500000000000 0.30273437500000000000 
481 3916 0.61523437500000000000 0.28320312500000000000 
482 3917 0.61523437500000000000 0.26367187500000000000 
483 3918 0.61523437500000000000 0.24414062500000000000 
484 3919 0.61523437500000000000 0.22460937500000000000 
485 3920 0.61523437500000000000 0.20507812500000000000 
486 3921 0.61523437500000000000 0.18554687500000000000 
487 3075 0.59570312500000000000 0.16601562500000000000 
488 3076 0.61523437500000000000 0.16601562500000000000 
489 1904 0.34667968750000000000 0.15136718750000000000 
490 1906 0.34667968750000000000 0.14160156250000000000 
491 1915 0.35644531250000000000 0.15136718750000000000 
492 1916 0.35644531250000000000 0.14160156250000000000 
493 1917 0.36621093750000000000 0.14160156250000000000 
494 1919 0.36621093750000000000 0.13183593750000000000 
495 1922 0.37597656250000000000 0.13183593750000000000 
496 1923 0.37597656250000000000 0.12207031250000000000 
497 1924 0.38574218750000000000 0.12207031250000000000 
498 2053 0.39550781250000000000 0.12207031250000000000 
499 2054 0.39550781250000000000 0.11230468750000000000 
500 2055 0.40527343750000000000 0.11230468750000000000 
501 2057 0.40527343750000000000 0.10253906250000000000 
502 2058 0.41503906250000000000 0.10253906250000000000 
503 2063 0.41503906250000000000 0.09277343750000000000 
504 2064 0.42480468750000000000 0.09277343750000000000 
505 2066 0.42480468750000000000 0.08300781250000000000 
506 2067 0.43457031250000000000 0.08300781250000000000 
507 2199 0.42724609375000000000 0.06103515625000000000 
508 2200 0.43212890625000000000 0.07568359375000000000 
509 2201 0.43212890625000000000 0.07080078125000000000 
510 2202 0.43212890625000000000 0.06591796875000000000 
511 2203 0.43212890625000000000 0.06103515625000000000 
512 3077 0.54199218750000000000 0.10253906250000000000 
513 3078 0.53222656250000000000 0.09277343750000000000 
514 3079 0.54199218750000000000 0.09277343750000000000 
515 3080 0.53222656250000000000 0.08300781250000000000 
516 3082 0.56152343750000000000 0.14160156250000000000 
517 3083 0.57128906250000000000 0.15136718750000000000 
518 3084 0.58105468750000000000 0.15136718750000000000 
519 3085 0.57128906250000000000 0.14160156250000000000 
520 3087 0.55175781250000000000 0.13183593750000000000 
521 3088 0.56152343750000000000 0.13183593750000000000 
522 3089 0.55175781250000000000 0.12207031250000000000 
523 3095 0.59082031250000000000 0.15136718750000000000 
524 3097 0.59082031250000000000 0.14160156250000000000 
525 3111 0.55175781250000000000 0.11230468750000000000 
526 3113 0.55175781250000000000 0.10253906250000000000 
527 3143 0.52978515625000000000 0.07568359375000000000 
528 3145 0.52978515625000000000 0.07080078125000000000 
529 3151 0.52978515625000000000 0.06591796875000000000 
530 3153 0.52978515625000000000 0.06103515625000000000 
531 3936 0.64453125000000000000 0.33203125000000000000 
