421 11305 0.00059852601999999997 0.00429350249999999999 
422 12139 0.01261394100000000004 0.01893134900000000009 
423 12841 -0.01098632812500000000 0.02807617187500000000 
424 12842 -0.01342773437500000000 0.02563476562500000000 
425 12843 -0.01098632812500000000 0.02563476562500000000 
426 12848 -0.01342773437500000000 0.02319335937500000000 
427 12849 -0.01342773437500000000 0.02075195312500000000 
428 12856 -0.00671386718750000000 0.02746582031250000000 
429 12857 -0.00549316406250000000 0.02746582031250000000 
430 12858 -0.00915527343750000000 0.02624511718750000000 
431 12859 -0.00793457031250000000 0.02624511718750000000 
432 12860 -0.00671386718750000000 0.02624511718750000000 
433 12863 -0.00427246093750000000 0.02746582031250000000 
434 12864 -0.00305175781250000000 0.02746582031250000000 
435 12867 -0.00183105468750000000 0.02746582031250000000 
436 12868 -0.00061035156250000000 0.02746582031250000000 
437 12880 -0.01586914062500000000 0.01831054687500000000 
438 12882 -0.01586914062500000000 0.01586914062500000000 
439 12883 -0.01342773437500000000 0.01831054687500000000 
440 11313 -0.01586914062500000000 0.01342773437500000000 
441 11316 -0.01342773437500000000 0.01342773437500000000 
442 11317 -0.01342773437500000000 0.01098632812500000000 
443 11318 -0.01098632812500000000 0.01098632812500000000 
444 11324 -0.01098632812500000000 0.00854492187500000000 
445 11335 -0.00915527343750000000 0.00915527343750000000 
446 11336 -0.00793457031250000000 0.00915527343750000000 
447 11338 -0.00793457031250000000 0.00793457031250000000 
448 11339 -0.00671386718750000000 0.00793457031250000000 
449 11344 -0.00671386718750000000 0.00671386718750000000 
450 11345 -0.00549316406250000000 0.00671386718750000000 
451 11347 -0.00549316406250000000 0.00549316406250000000 
452 11348 -0.00457763671875000000 0.00579833984375000000 
453 11349 -0.00457763671875000000 0.00518798828125000000 
454 11350 -0.00396728515625000000 0.00518798828125000000 
455 11368 -0.00396728515625000000 0.00457763671875000000 
456 11371 -0.00335693359375000000 0.00457763671875000000 
457 11372 -0.00274658203125000000 0.00457763671875000000 
458 11383 -0.00213623046875000000 0.00457763671875000000 
459 11384 -0.00152587890625000000 0.00457763671875000000 
460 11387 -0.00091552734375000000 0.00457763671875000000 
461 11388 -0.00030517578125000000 0.00457763671875000000 
462 11390 -0.00030517578125000000 0.00396728515625000000 
463 12985 0.00061035156250000000 0.02868652343750000000 
464 12986 0.00183105468750000000 0.02868652343750000000 
465 12987 0.00061035156250000000 0.02746582031250000000 
466 12329 0.00305175781250000000 0.02868652343750000000 
467 12330 0.00427246093750000000 0.02868652343750000000 
468 12331 0.00427246093750000000 0.02746582031250000000 
469 12334 0.00549316406250000000 0.02746582031250000000 
470 12340 0.00549316406250000000 0.02624511718750000000 
471 12341 0.00671386718750000000 0.02624511718750000000 
472 12342 0.00671386718750000000 0.02502441406250000000 
473 12345 0.00793457031250000000 0.02502441406250000000 
474 12347 0.00793457031250000000 0.02380371093750000000 
475 12348 0.00915527343750000000 0.02380371093750000000 
476 12349 0.00915527343750000000 0.02258300781250000000 
477 12384 0.01037597656250000000 0.02258300781250000000 
478 12390 0.01037597656250000000 0.02136230468750000000 
479 12391 0.01159667968750000000 0.02136230468750000000 
480 12392 0.01159667968750000000 0.02014160156250000000 
481 12395 0.01281738281250000000 0.02014160156250000000 
