447 2644 0.94132055000000003364 0.00802993460000000006 
448 7421 0.99913819999999997634 0.00012220342000000001 
449 3035 0.94970703125000000000 0.03173828125000000000 
450 3036 0.95458984375000000000 0.03173828125000000000 
451 3038 0.94482421875000000000 0.02685546875000000000 
452 3040 0.94482421875000000000 0.02197265625000000000 
453 3041 0.94970703125000000000 0.02685546875000000000 
454 7187 0.95947265625000000000 0.03173828125000000000 
455 7193 0.95947265625000000000 0.02685546875000000000 
456 7194 0.96435546875000000000 0.02685546875000000000 
457 7195 0.96923828125000000000 0.02685546875000000000 
458 7196 0.97412109375000000000 0.02685546875000000000 
459 3046 0.94360351562500000000 0.01831054687500000000 
460 3047 0.94604492187500000000 0.01831054687500000000 
461 3048 0.94360351562500000000 0.01586914062500000000 
462 3052 0.94116210937500000000 0.01098632812500000000 
463 3053 0.94360351562500000000 0.01342773437500000000 
464 3054 0.94360351562500000000 0.01098632812500000000 
465 7205 0.97900390625000000000 0.02685546875000000000 
466 7206 0.98388671875000000000 0.02685546875000000000 
467 7207 0.98876953125000000000 0.02685546875000000000 
468 7830 0.99365234375000000000 0.02685546875000000000 
469 7831 0.99365234375000000000 0.02197265625000000000 
470 7847 0.99243164062500000000 0.01831054687500000000 
471 7848 0.99487304687500000000 0.01831054687500000000 
472 7849 0.99487304687500000000 0.01586914062500000000 
473 7850 0.99487304687500000000 0.01342773437500000000 
474 7859 0.99731445312500000000 0.01342773437500000000 
475 7861 0.99731445312500000000 0.01098632812500000000 
476 7883 0.99670410156250000000 0.00915527343750000000 
477 7884 0.99792480468750000000 0.00915527343750000000 
478 7885 0.99792480468750000000 0.00793457031250000000 
479 8267 0.99792480468750000000 0.00671386718750000000 
480 8268 0.99670410156250000000 0.00549316406250000000 
481 8269 0.99792480468750000000 0.00549316406250000000 
482 8281 0.99639892578125000000 0.00457763671875000000 
483 8282 0.99700927734375000000 0.00457763671875000000 
484 8283 0.99700927734375000000 0.00396728515625000000 
485 8286 0.99761962890625000000 0.00396728515625000000 
486 8288 0.99761962890625000000 0.00335693359375000000 
487 8289 0.99822998046875000000 0.00335693359375000000 
488 8290 0.99822998046875000000 0.00274658203125000000 
489 8307 0.99807739257812500000 0.00228881835937500000 
490 8309 0.99807739257812500000 0.00198364257812500000 
491 8310 0.99838256835937500000 0.00198364257812500000 
492 8311 0.99838256835937500000 0.00167846679687500000 
493 8320 0.99868774414062500000 0.00167846679687500000 
494 8322 0.99868774414062500000 0.00137329101562500000 
495 8323 0.99899291992187500000 0.00137329101562500000 
496 8344 0.99876403808593750000 0.00114440917968750000 
497 8345 0.99891662597656250000 0.00114440917968750000 
498 8347 0.99891662597656250000 0.00099182128906250000 
499 8348 0.99906921386718750000 0.00099182128906250000 
500 8349 0.99906921386718750000 0.00083923339843750000 
501 7427 0.99906921386718750000 0.00068664550781250000 
502 7432 0.99891662597656250000 0.00053405761718750000 
503 7433 0.99906921386718750000 0.00053405761718750000 
504 7434 0.99891662597656250000 0.00038146972656250000 
505 7436 0.99891662597656250000 0.00022888183593750000 
