496 421 75
1 11298 0.00193835759999999992 -0.00766080530000000023 422 2 0 1 6 421 420 495 496 422 2 
2 11299 0.00117288630000000004 -0.00598481359999999962 1 3 0 1 8 284 246 286 292 420 294 1 3 
3 11300 0.00059852601999999997 -0.00429350249999999999 2 4 0 1 7 244 238 246 284 286 2 4 
4 11301 0.00021549688999999999 -0.00258716110000000018 3 5 0 1 9 244 213 214 246 3 5 235 236 238 
5 11302 0.00002394562800000000 -0.00086603815999999998 4 6 0 1 9 212 214 133 4 6 203 204 205 206 
6 11303 0.00002394562800000000 0.00086603815999999998 5 7 0 1 9 125 130 131 132 133 5 7 204 206 
7 11304 0.00021549688999999999 0.00258716110000000018 6 8 0 1 7 99 93 101 123 125 6 8 
8 11305 0.00059852601999999997 0.00429350249999999999 7 423 0 1 7 91 456 93 99 101 7 423 
9 11306 -0.02197265625000000000 0.01220703125000000000 0 0 1 0 10 15 432 17 22 428 426 11 427 12 24 
10 11307 -0.03173828125000000000 0.00244140625000000000 0 0 1 0 8 13 11 139 431 429 135 430 136 
11 11308 -0.02685546875000000000 0.00732421875000000000 0 0 1 0 8 12 9 14 430 425 10 428 13 
12 11309 -0.02197265625000000000 0.00732421875000000000 0 0 1 0 10 22 17 24 30 11 428 13 9 14 32 
13 11310 -0.02685546875000000000 0.00244140625000000000 0 0 1 0 8 14 12 140 10 430 136 11 139 
14 11311 -0.02197265625000000000 0.00244140625000000000 0 0 1 0 10 30 24 32 151 13 11 139 12 140 153 
15 11312 -0.01831054687500000000 0.01342773437500000000 0 0 1 0 8 16 433 18 9 427 12 432 17 
16 11313 -0.01586914062500000000 0.01342773437500000000 0 0 1 0 8 19 434 20 15 432 17 433 18 
17 11314 -0.01831054687500000000 0.01098632812500000000 0 0 1 0 8 18 16 23 9 427 12 15 22 
18 11315 -0.01586914062500000000 0.01098632812500000000 0 0 1 0 8 20 19 26 17 15 22 16 23 
19 11316 -0.01342773437500000000 0.01342773437500000000 0 0 1 0 8 436 435 21 16 433 18 434 20 
20 11317 -0.01342773437500000000 0.01098632812500000000 0 0 1 0 8 21 436 27 18 16 23 19 26 
21 11318 -0.01098632812500000000 0.01098632812500000000 0 0 1 0 10 438 437 439 38 20 19 26 436 27 40 
22 11319 -0.01831054687500000000 0.00854492187500000000 0 0 1 0 8 23 18 25 12 9 14 17 24 
23 11320 -0.01586914062500000000 0.00854492187500000000 0 0 1 0 8 26 20 28 22 17 24 18 25 
24 11321 -0.01831054687500000000 0.00610351562500000000 0 0 1 0 8 25 23 31 12 9 14 22 30 
25 11322 -0.01586914062500000000 0.00610351562500000000 0 0 1 0 8 28 26 34 24 22 30 23 31 
26 11323 -0.01342773437500000000 0.00854492187500000000 0 0 1 0 8 27 21 29 23 18 25 20 28 
27 11324 -0.01098632812500000000 0.00854492187500000000 0 0 1 0 10 38 439 40 43 26 20 28 21 29 45 
28 11325 -0.01342773437500000000 0.00610351562500000000 0 0 1 0 8 29 27 35 25 23 31 26 34 
29 11326 -0.01098632812500000000 0.00610351562500000000 0 0 1 0 10 43 40 45 54 28 26 34 27 35 56 
30 11327 -0.01831054687500000000 0.00366210937500000000 0 0 1 0 8 31 25 33 14 12 140 24 32 
31 11328 -0.01586914062500000000 0.00366210937500000000 0 0 1 0 8 34 28 36 30 24 32 25 33 
32 11329 -0.01831054687500000000 0.00122070312500000000 0 0 1 0 8 33 31 152 14 12 140 30 151 
33 11330 -0.01586914062500000000 0.00122070312500000000 0 0 1 0 8 36 34 155 32 30 151 31 152 
34 11331 -0.01342773437500000000 0.00366210937500000000 0 0 1 0 8 35 29 37 31 25 33 28 36 
35 11332 -0.01098632812500000000 0.00366210937500000000 0 0 1 0 10 54 45 56 62 34 28 36 29 37 64 
36 11333 -0.01342773437500000000 0.00122070312500000000 0 0 1 0 8 37 35 156 33 31 152 34 155 
37 11334 -0.01098632812500000000 0.00122070312500000000 0 0 1 0 10 62 56 64 167 36 34 155 35 156 169 
38 11335 -0.00915527343750000000 0.00915527343750000000 0 0 1 0 8 39 440 41 27 21 29 439 40 
39 11336 -0.00793457031250000000 0.00915527343750000000 0 0 1 0 8 442 441 42 38 439 40 440 41 
40 11337 -0.00915527343750000000 0.00793457031250000000 0 0 1 0 8 41 39 44 27 21 29 38 43 
41 11338 -0.00793457031250000000 0.00793457031250000000 0 0 1 0 8 42 442 47 40 38 43 39 44 
42 11339 -0.00671386718750000000 0.00793457031250000000 0 0 1 0 8 444 443 48 41 39 44 442 47 
43 11340 -0.00915527343750000000 0.00671386718750000000 0 0 1 0 8 44 41 46 29 27 35 40 45 
44 11341 -0.00793457031250000000 0.00671386718750000000 0 0 1 0 8 47 42 49 43 40 45 41 46 
45 11342 -0.00915527343750000000 0.00549316406250000000 0 0 1 0 8 46 44 55 29 27 35 43 54 
46 11343 -0.00793457031250000000 0.00549316406250000000 0 0 1 0 8 49 47 58 45 43 54 44 55 
47 11344 -0.00671386718750000000 0.00671386718750000000 0 0 1 0 8 48 444 50 44 41 46 42 49 
48 11345 -0.00549316406250000000 0.00671386718750000000 0 0 1 0 10 446 445 447 51 47 42 49 444 50 52 
49 11346 -0.00671386718750000000 0.00549316406250000000 0 0 1 0 8 50 48 59 46 44 55 47 58 
50 11347 -0.00549316406250000000 0.00549316406250000000 0 0 1 0 10 51 447 52 70 49 47 58 48 59 72 
51 11348 -0.00457763671875000000 0.00579833984375000000 0 0 1 0 8 449 448 53 50 48 59 447 52 
52 11349 -0.00457763671875000000 0.00518798828125000000 0 0 1 0 8 53 449 71 50 48 59 51 70 
53 11350 -0.00396728515625000000 0.00518798828125000000 0 0 1 0 8 451 450 74 52 51 70 449 71 
54 11351 -0.00915527343750000000 0.00427246093750000000 0 0 1 0 8 55 46 57 35 29 37 45 56 
55 11352 -0.00793457031250000000 0.00427246093750000000 0 0 1 0 8 58 49 60 54 45 56 46 57 
56 11353 -0.00915527343750000000 0.00305175781250000000 0 0 1 0 8 57 55 63 35 29 37 54 62 
57 11354 -0.00793457031250000000 0.00305175781250000000 0 0 1 0 8 60 58 66 56 54 62 55 63 
58 11355 -0.00671386718750000000 0.00427246093750000000 0 0 1 0 8 59 50 61 55 46 57 49 60 
59 11356 -0.00549316406250000000 0.00427246093750000000 0 0 1 0 10 70 52 72 78 58 49 60 50 61 80 
60 11357 -0.00671386718750000000 0.00305175781250000000 0 0 1 0 8 61 59 67 57 55 63 58 66 
61 11358 -0.00549316406250000000 0.00305175781250000000 0 0 1 0 10 78 72 80 102 60 58 66 59 67 104 
62 11359 -0.00915527343750000000 0.00183105468750000000 0 0 1 0 8 63 57 65 37 35 156 56 64 
63 11360 -0.00793457031250000000 0.00183105468750000000 0 0 1 0 8 66 60 68 62 56 64 57 65 
64 11361 -0.00915527343750000000 0.00061035156250000000 0 0 1 0 8 65 63 168 37 35 156 62 167 
65 11362 -0.00793457031250000000 0.00061035156250000000 0 0 1 0 8 68 66 171 64 62 167 63 168 
66 11363 -0.00671386718750000000 0.00183105468750000000 0 0 1 0 8 67 61 69 63 57 65 60 68 
67 11364 -0.00549316406250000000 0.00183105468750000000 0 0 1 0 10 102 80 104 110 66 60 68 61 69 112 
68 11365 -0.00671386718750000000 0.00061035156250000000 0 0 1 0 8 69 67 172 65 63 168 66 171 
69 11366 -0.00549316406250000000 0.00061035156250000000 0 0 1 0 10 110 104 112 183 68 66 171 67 172 185 
70 11367 -0.00457763671875000000 0.00457763671875000000 0 0 1 0 8 71 53 73 59 50 61 52 72 
71 11368 -0.00396728515625000000 0.00457763671875000000 0 0 1 0 8 74 451 76 70 52 72 53 73 
72 11369 -0.00457763671875000000 0.00396728515625000000 0 0 1 0 8 73 71 79 59 50 61 70 78 
73 11370 -0.00396728515625000000 0.00396728515625000000 0 0 1 0 8 76 74 82 72 70 78 71 79 
74 11371 -0.00335693359375000000 0.00457763671875000000 0 0 1 0 8 75 452 77 71 53 73 451 76 
75 11372 -0.00274658203125000000 0.00457763671875000000 0 0 1 0 8 86 453 88 74 451 76 452 77 
76 11373 -0.00335693359375000000 0.00396728515625000000 0 0 1 0 8 77 75 83 73 71 79 74 82 
77 11374 -0.00274658203125000000 0.00396728515625000000 0 0 1 0 8 88 86 94 76 74 82 75 83 
78 11375 -0.00457763671875000000 0.00335693359375000000 0 0 1 0 8 79 73 81 61 59 67 72 80 
79 11376 -0.00396728515625000000 0.00335693359375000000 0 0 1 0 8 82 76 84 78 72 80 73 81 
80 11377 -0.00457763671875000000 0.00274658203125000000 0 0 1 0 8 81 79 103 61 59 67 78 102 
81 11378 -0.00396728515625000000 0.00274658203125000000 0 0 1 0 8 84 82 106 80 78 102 79 103 
82 11379 -0.00335693359375000000 0.00335693359375000000 0 0 1 0 8 83 77 85 79 73 81 76 84 
83 11380 -0.00274658203125000000 0.00335693359375000000 0 0 1 0 8 94 88 96 82 76 84 77 85 
84 11381 -0.00335693359375000000 0.00274658203125000000 0 0 1 0 8 85 83 107 81 79 103 82 106 
85 11382 -0.00274658203125000000 0.00274658203125000000 0 0 1 0 8 96 94 118 84 82 106 83 107 
86 11383 -0.00213623046875000000 0.00457763671875000000 0 0 1 0 8 87 454 89 75 452 77 453 88 
87 11384 -0.00152587890625000000 0.00457763671875000000 0 0 1 0 8 90 455 92 86 453 88 454 89 
88 11385 -0.00213623046875000000 0.00396728515625000000 0 0 1 0 8 89 87 95 77 75 83 86 94 
89 11386 -0.00152587890625000000 0.00396728515625000000 0 0 1 0 8 92 90 98 88 86 94 87 95 
90 11387 -0.00091552734375000000 0.00457763671875000000 0 0 1 0 8 91 456 93 87 454 89 455 92 
91 11388 -0.00030517578125000000 0.00457763671875000000 0 0 1 0 8 8 423 7 90 455 92 456 93 
92 11389 -0.00091552734375000000 0.00396728515625000000 0 0 1 0 8 93 91 99 89 87 95 90 98 
93 11390 -0.00030517578125000000 0.00396728515625000000 0 0 1 0 8 8 423 7 92 90 98 91 99 
94 11391 -0.00213623046875000000 0.00335693359375000000 0 0 1 0 8 95 89 97 83 77 85 88 96 
95 11392 -0.00152587890625000000 0.00335693359375000000 0 0 1 0 8 98 92 100 94 88 96 89 97 
96 11393 -0.00213623046875000000 0.00274658203125000000 0 0 1 0 8 97 95 119 85 83 107 94 118 
97 11394 -0.00152587890625000000 0.00274658203125000000 0 0 1 0 8 100 98 122 96 94 118 95 119 
98 11395 -0.00091552734375000000 0.00335693359375000000 0 0 1 0 8 99 93 101 95 89 97 92 100 
99 11396 -0.00030517578125000000 0.00335693359375000000 0 0 1 0 7 7 8 98 92 100 93 101 
100 11397 -0.00091552734375000000 0.00274658203125000000 0 0 1 0 8 101 99 123 97 95 119 98 122 
101 11398 -0.00030517578125000000 0.00274658203125000000 0 0 1 0 7 7 8 100 98 122 99 123 
102 11399 -0.00457763671875000000 0.00213623046875000000 0 0 1 0 8 103 81 105 67 61 69 80 104 
103 11400 -0.00396728515625000000 0.00213623046875000000 0 0 1 0 8 106 84 108 102 80 104 81 105 
104 11401 -0.00457763671875000000 0.00152587890625000000 0 0 1 0 8 105 103 111 67 61 69 102 110 
105 11402 -0.00396728515625000000 0.00152587890625000000 0 0 1 0 8 108 106 114 104 102 110 103 111 
106 11403 -0.00335693359375000000 0.00213623046875000000 0 0 1 0 8 107 85 109 103 81 105 84 108 
107 11404 -0.00274658203125000000 0.00213623046875000000 0 0 1 0 8 118 96 120 106 84 108 85 109 
108 11405 -0.00335693359375000000 0.00152587890625000000 0 0 1 0 8 109 107 115 105 103 111 106 114 
109 11406 -0.00274658203125000000 0.00152587890625000000 0 0 1 0 8 120 118 126 108 106 114 107 115 
110 11407 -0.00457763671875000000 0.00091552734375000000 0 0 1 0 8 111 105 113 69 67 172 104 112 
111 11408 -0.00396728515625000000 0.00091552734375000000 0 0 1 0 8 114 108 116 110 104 112 105 113 
112 11409 -0.00457763671875000000 0.00030517578125000000 0 0 1 0 8 113 111 184 69 67 172 110 183 
113 11410 -0.00396728515625000000 0.00030517578125000000 0 0 1 0 8 116 114 187 112 110 183 111 184 
114 11411 -0.00335693359375000000 0.00091552734375000000 0 0 1 0 8 115 109 117 111 105 113 108 116 
115 11412 -0.00274658203125000000 0.00091552734375000000 0 0 1 0 8 126 120 128 114 108 116 109 117 
116 11413 -0.00335693359375000000 0.00030517578125000000 0 0 1 0 8 117 115 188 113 111 184 114 187 
117 11414 -0.00274658203125000000 0.00030517578125000000 0 0 1 0 8 128 126 199 116 114 187 115 188 
118 11415 -0.00213623046875000000 0.00213623046875000000 0 0 1 0 8 119 97 121 107 85 109 96 120 
119 11416 -0.00152587890625000000 0.00213623046875000000 0 0 1 0 8 122 100 124 118 96 120 97 121 
120 11417 -0.00213623046875000000 0.00152587890625000000 0 0 1 0 8 121 119 127 109 107 115 118 126 
121 11418 -0.00152587890625000000 0.00152587890625000000 0 0 1 0 8 124 122 130 120 118 126 119 127 
122 11419 -0.00091552734375000000 0.00213623046875000000 0 0 1 0 8 123 101 125 119 97 121 100 124 
123 11420 -0.00030517578125000000 0.00213623046875000000 0 0 1 0 7 7 6 122 100 124 101 125 
124 11421 -0.00091552734375000000 0.00152587890625000000 0 0 1 0 8 125 123 131 121 119 127 122 130 
125 11422 -0.00030517578125000000 0.00152587890625000000 0 0 1 0 7 7 6 124 122 130 123 131 
126 11423 -0.00213623046875000000 0.00091552734375000000 0 0 1 0 8 127 121 129 115 109 117 120 128 
127 11424 -0.00152587890625000000 0.00091552734375000000 0 0 1 0 8 130 124 132 126 120 128 121 129 
128 11425 -0.00213623046875000000 0.00030517578125000000 0 0 1 0 8 129 127 200 117 115 188 126 199 
129 11426 -0.00152587890625000000 0.00030517578125000000 0 0 1 0 8 132 130 203 128 126 199 127 200 
130 11427 -0.00091552734375000000 0.00091552734375000000 0 0 1 0 8 131 125 133 127 121 129 124 132 
131 11428 -0.00030517578125000000 0.00091552734375000000 0 0 1 0 8 5 132 130 6 125 7 124 133 
132 11429 -0.00091552734375000000 0.00030517578125000000 0 0 1 0 8 133 131 204 129 127 200 130 203 
133 11430 -0.00030517578125000000 0.00030517578125000000 0 0 1 0 7 6 5 132 130 203 131 204 
134 11431 -0.04394531250000000000 -0.01464843750000000000 0 0 1 0 10 143 137 145 384 459 457 460 458 461 476 
135 11432 -0.03662109375000000000 -0.00244140625000000000 0 0 1 0 8 136 10 138 458 424 134 431 137 
136 11433 -0.03173828125000000000 -0.00244140625000000000 0 0 1 0 8 139 13 141 135 431 137 10 138 
137 11434 -0.03662109375000000000 -0.00732421875000000000 0 0 1 0 8 138 136 144 458 424 134 135 143 
138 11435 -0.03173828125000000000 -0.00732421875000000000 0 0 1 0 8 141 139 147 137 135 143 136 144 
139 11436 -0.02685546875000000000 -0.00244140625000000000 0 0 1 0 8 140 14 142 136 10 138 13 141 
140 11437 -0.02197265625000000000 -0.00244140625000000000 0 0 1 0 10 151 32 153 159 139 13 141 14 142 161 
141 11438 -0.02685546875000000000 -0.00732421875000000000 0 0 1 0 8 142 140 148 138 136 144 139 147 
142 11439 -0.02197265625000000000 -0.00732421875000000000 0 0 1 0 10 159 153 161 327 141 139 147 140 148 329 
143 11440 -0.03662109375000000000 -0.01220703125000000000 0 0 1 0 8 144 138 146 134 458 461 137 145 
144 11441 -0.03173828125000000000 -0.01220703125000000000 0 0 1 0 8 147 141 149 143 137 145 138 146 
145 11442 -0.03662109375000000000 -0.01708984375000000000 0 0 1 0 8 146 144 385 134 458 461 143 384 
146 11443 -0.03173828125000000000 -0.01708984375000000000 0 0 1 0 8 149 147 386 145 143 384 144 385 
147 11444 -0.02685546875000000000 -0.01220703125000000000 0 0 1 0 8 148 142 150 144 138 146 141 149 
148 11445 -0.02197265625000000000 -0.01220703125000000000 0 0 1 0 10 327 161 329 335 147 141 149 142 150 337 
149 11446 -0.02685546875000000000 -0.01708984375000000000 0 0 1 0 8 150 148 387 146 144 385 147 386 
150 11447 -0.02197265625000000000 -0.01708984375000000000 0 0 1 0 10 335 329 337 388 149 147 386 148 387 390 
151 11448 -0.01831054687500000000 -0.00122070312500000000 0 0 1 0 8 152 33 154 140 14 142 32 153 
152 11449 -0.01586914062500000000 -0.00122070312500000000 0 0 1 0 8 155 36 157 151 32 153 33 154 
153 11450 -0.01831054687500000000 -0.00366210937500000000 0 0 1 0 8 154 152 160 140 14 142 151 159 
154 11451 -0.01586914062500000000 -0.00366210937500000000 0 0 1 0 8 157 155 163 153 151 159 152 160 
155 11452 -0.01342773437500000000 -0.00122070312500000000 0 0 1 0 8 156 37 158 152 33 154 36 157 
156 11453 -0.01098632812500000000 -0.00122070312500000000 0 0 1 0 10 167 64 169 175 155 36 157 37 158 177 
157 11454 -0.01342773437500000000 -0.00366210937500000000 0 0 1 0 8 158 156 164 154 152 160 155 163 
158 11455 -0.01098632812500000000 -0.00366210937500000000 0 0 1 0 10 175 169 177 247 157 155 163 156 164 249 
159 11456 -0.01831054687500000000 -0.00610351562500000000 0 0 1 0 8 160 154 162 142 140 148 153 161 
160 11457 -0.01586914062500000000 -0.00610351562500000000 0 0 1 0 8 163 157 165 159 153 161 154 162 
161 11458 -0.01831054687500000000 -0.00854492187500000000 0 0 1 0 8 162 160 328 142 140 148 159 327 
162 11459 -0.01586914062500000000 -0.00854492187500000000 0 0 1 0 8 165 163 331 161 159 327 160 328 
163 11460 -0.01342773437500000000 -0.00610351562500000000 0 0 1 0 8 164 158 166 160 154 162 157 165 
164 11461 -0.01098632812500000000 -0.00610351562500000000 0 0 1 0 10 247 177 249 255 163 157 165 158 166 257 
165 11462 -0.01342773437500000000 -0.00854492187500000000 0 0 1 0 8 166 164 332 162 160 328 163 331 
166 11463 -0.01098632812500000000 -0.00854492187500000000 0 0 1 0 10 255 249 257 343 165 163 331 164 332 345 
167 11464 -0.00915527343750000000 -0.00061035156250000000 0 0 1 0 8 168 65 170 156 37 158 64 169 
168 11465 -0.00793457031250000000 -0.00061035156250000000 0 0 1 0 8 171 68 173 167 64 169 65 170 
169 11466 -0.00915527343750000000 -0.00183105468750000000 0 0 1 0 8 170 168 176 156 37 158 167 175 
170 11467 -0.00793457031250000000 -0.00183105468750000000 0 0 1 0 8 173 171 179 169 167 175 168 176 
171 11468 -0.00671386718750000000 -0.00061035156250000000 0 0 1 0 8 172 69 174 168 65 170 68 173 
172 11469 -0.00549316406250000000 -0.00061035156250000000 0 0 1 0 10 183 112 185 191 171 68 173 69 174 193 
173 11470 -0.00671386718750000000 -0.00183105468750000000 0 0 1 0 8 174 172 180 170 168 176 171 179 
174 11471 -0.00549316406250000000 -0.00183105468750000000 0 0 1 0 10 191 185 193 215 173 171 179 172 180 217 
175 11472 -0.00915527343750000000 -0.00305175781250000000 0 0 1 0 8 176 170 178 158 156 164 169 177 
176 11473 -0.00793457031250000000 -0.00305175781250000000 0 0 1 0 8 179 173 181 175 169 177 170 178 
177 11474 -0.00915527343750000000 -0.00427246093750000000 0 0 1 0 8 178 176 248 158 156 164 175 247 
178 11475 -0.00793457031250000000 -0.00427246093750000000 0 0 1 0 8 181 179 251 177 175 247 176 248 
179 11476 -0.00671386718750000000 -0.00305175781250000000 0 0 1 0 8 180 174 182 176 170 178 173 181 
180 11477 -0.00549316406250000000 -0.00305175781250000000 0 0 1 0 10 215 193 217 223 179 173 181 174 182 225 
181 11478 -0.00671386718750000000 -0.00427246093750000000 0 0 1 0 8 182 180 252 178 176 248 179 251 
182 11479 -0.00549316406250000000 -0.00427246093750000000 0 0 1 0 10 223 217 225 263 181 179 251 180 252 265 
183 11480 -0.00457763671875000000 -0.00030517578125000000 0 0 1 0 8 184 113 186 172 69 174 112 185 
184 11481 -0.00396728515625000000 -0.00030517578125000000 0 0 1 0 8 187 116 189 183 112 185 113 186 
185 11482 -0.00457763671875000000 -0.00091552734375000000 0 0 1 0 8 186 184 192 172 69 174 183 191 
186 11483 -0.00396728515625000000 -0.00091552734375000000 0 0 1 0 8 189 187 195 185 183 191 184 192 
187 11484 -0.00335693359375000000 -0.00030517578125000000 0 0 1 0 8 188 117 190 184 113 186 116 189 
188 11485 -0.00274658203125000000 -0.00030517578125000000 0 0 1 0 8 199 128 201 187 116 189 117 190 
189 11486 -0.00335693359375000000 -0.00091552734375000000 0 0 1 0 8 190 188 196 186 184 192 187 195 
190 11487 -0.00274658203125000000 -0.00091552734375000000 0 0 1 0 8 201 199 207 189 187 195 188 196 
191 11488 -0.00457763671875000000 -0.00152587890625000000 0 0 1 0 8 192 186 194 174 172 180 185 193 
192 11489 -0.00396728515625000000 -0.00152587890625000000 0 0 1 0 8 195 189 197 191 185 193 186 194 
193 11490 -0.00457763671875000000 -0.00213623046875000000 0 0 1 0 8 194 192 216 174 172 180 191 215 
194 11491 -0.00396728515625000000 -0.00213623046875000000 0 0 1 0 8 197 195 219 193 191 215 192 216 
195 11492 -0.00335693359375000000 -0.00152587890625000000 0 0 1 0 8 196 190 198 192 186 194 189 197 
196 11493 -0.00274658203125000000 -0.00152587890625000000 0 0 1 0 8 207 201 209 195 189 197 190 198 
197 11494 -0.00335693359375000000 -0.00213623046875000000 0 0 1 0 8 198 196 220 194 192 216 195 219 
198 11495 -0.00274658203125000000 -0.00213623046875000000 0 0 1 0 8 209 207 231 197 195 219 196 220 
199 11496 -0.00213623046875000000 -0.00030517578125000000 0 0 1 0 8 200 129 202 188 117 190 128 201 
200 11497 -0.00152587890625000000 -0.00030517578125000000 0 0 1 0 8 203 132 205 199 128 201 129 202 
201 11498 -0.00213623046875000000 -0.00091552734375000000 0 0 1 0 8 202 200 208 190 188 196 199 207 
202 11499 -0.00152587890625000000 -0.00091552734375000000 0 0 1 0 8 205 203 211 201 199 207 200 208 
203 11500 -0.00091552734375000000 -0.00030517578125000000 0 0 1 0 8 204 133 206 200 129 202 132 205 
204 11501 -0.00030517578125000000 -0.00030517578125000000 0 0 1 0 7 5 6 203 132 205 133 206 
205 11502 -0.00091552734375000000 -0.00091552734375000000 0 0 1 0 8 206 204 212 202 200 208 203 211 
206 11503 -0.00030517578125000000 -0.00091552734375000000 0 0 1 0 8 5 211 203 204 6 205 4 212 
207 11504 -0.00213623046875000000 -0.00152587890625000000 0 0 1 0 8 208 202 210 196 190 198 201 209 
208 11505 -0.00152587890625000000 -0.00152587890625000000 0 0 1 0 8 211 205 213 207 201 209 202 210 
209 11506 -0.00213623046875000000 -0.00213623046875000000 0 0 1 0 8 210 208 232 198 196 220 207 231 
210 11507 -0.00152587890625000000 -0.00213623046875000000 0 0 1 0 8 213 211 235 209 207 231 208 232 
211 11508 -0.00091552734375000000 -0.00152587890625000000 0 0 1 0 8 212 206 214 208 202 210 205 213 
212 11509 -0.00030517578125000000 -0.00152587890625000000 0 0 1 0 7 5 4 211 205 213 206 214 
213 11510 -0.00091552734375000000 -0.00213623046875000000 0 0 1 0 8 214 212 236 210 208 232 211 235 
214 11511 -0.00030517578125000000 -0.00213623046875000000 0 0 1 0 7 5 4 213 211 235 212 236 
215 11512 -0.00457763671875000000 -0.00274658203125000000 0 0 1 0 8 216 194 218 180 174 182 193 217 
216 11513 -0.00396728515625000000 -0.00274658203125000000 0 0 1 0 8 219 197 221 215 193 217 194 218 
217 11514 -0.00457763671875000000 -0.00335693359375000000 0 0 1 0 8 218 216 224 180 174 182 215 223 
218 11515 -0.00396728515625000000 -0.00335693359375000000 0 0 1 0 8 221 219 227 217 215 223 216 224 
219 11516 -0.00335693359375000000 -0.00274658203125000000 0 0 1 0 8 220 198 222 216 194 218 197 221 
220 11517 -0.00274658203125000000 -0.00274658203125000000 0 0 1 0 8 231 209 233 219 197 221 198 222 
221 11518 -0.00335693359375000000 -0.00335693359375000000 0 0 1 0 8 222 220 228 218 216 224 219 227 
222 11519 -0.00274658203125000000 -0.00335693359375000000 0 0 1 0 8 233 231 239 221 219 227 220 228 
223 11520 -0.00457763671875000000 -0.00396728515625000000 0 0 1 0 8 224 218 226 182 180 252 217 225 
224 11521 -0.00396728515625000000 -0.00396728515625000000 0 0 1 0 8 227 221 229 223 217 225 218 226 
225 11522 -0.00457763671875000000 -0.00457763671875000000 0 0 1 0 8 226 224 264 182 180 252 223 263 
226 11523 -0.00396728515625000000 -0.00457763671875000000 0 0 1 0 8 229 227 267 225 223 263 224 264 
227 11524 -0.00335693359375000000 -0.00396728515625000000 0 0 1 0 8 228 222 230 224 218 226 221 229 
228 11525 -0.00274658203125000000 -0.00396728515625000000 0 0 1 0 8 239 233 241 227 221 229 222 230 
229 11526 -0.00335693359375000000 -0.00457763671875000000 0 0 1 0 8 230 228 268 226 224 264 227 267 
230 11527 -0.00274658203125000000 -0.00457763671875000000 0 0 1 0 8 241 239 279 229 227 267 228 268 
231 11528 -0.00213623046875000000 -0.00274658203125000000 0 0 1 0 8 232 210 234 220 198 222 209 233 
232 11529 -0.00152587890625000000 -0.00274658203125000000 0 0 1 0 8 235 213 237 231 209 233 210 234 
233 11530 -0.00213623046875000000 -0.00335693359375000000 0 0 1 0 8 234 232 240 222 220 228 231 239 
234 11531 -0.00152587890625000000 -0.00335693359375000000 0 0 1 0 8 237 235 243 233 231 239 232 240 
235 11532 -0.00091552734375000000 -0.00274658203125000000 0 0 1 0 8 236 214 238 232 210 234 213 237 
236 11533 -0.00030517578125000000 -0.00274658203125000000 0 0 1 0 7 4 3 235 213 237 214 238 
237 11534 -0.00091552734375000000 -0.00335693359375000000 0 0 1 0 8 238 236 244 234 232 240 235 243 
238 11535 -0.00030517578125000000 -0.00335693359375000000 0 0 1 0 7 4 3 237 235 243 236 244 
239 11536 -0.00213623046875000000 -0.00396728515625000000 0 0 1 0 8 240 234 242 228 222 230 233 241 
240 11537 -0.00152587890625000000 -0.00396728515625000000 0 0 1 0 8 243 237 245 239 233 241 234 242 
241 11538 -0.00213623046875000000 -0.00457763671875000000 0 0 1 0 8 242 240 280 230 228 268 239 279 
242 11539 -0.00152587890625000000 -0.00457763671875000000 0 0 1 0 8 245 243 283 241 239 279 240 280 
243 11540 -0.00091552734375000000 -0.00396728515625000000 0 0 1 0 8 244 238 246 240 234 242 237 245 
244 11541 -0.00030517578125000000 -0.00396728515625000000 0 0 1 0 8 3 4 2 243 237 245 238 246 
245 11542 -0.00091552734375000000 -0.00457763671875000000 0 0 1 0 8 246 244 284 242 240 280 243 283 
246 11543 -0.00030517578125000000 -0.00457763671875000000 0 0 1 0 8 3 4 2 245 243 283 244 284 
247 11544 -0.00915527343750000000 -0.00549316406250000000 0 0 1 0 8 248 178 250 164 158 166 177 249 
248 11545 -0.00793457031250000000 -0.00549316406250000000 0 0 1 0 8 251 181 253 247 177 249 178 250 
249 11546 -0.00915527343750000000 -0.00671386718750000000 0 0 1 0 8 250 248 256 164 158 166 247 255 
250 11547 -0.00793457031250000000 -0.00671386718750000000 0 0 1 0 8 253 251 259 249 247 255 248 256 
251 11548 -0.00671386718750000000 -0.00549316406250000000 0 0 1 0 8 252 182 254 248 178 250 181 253 
252 11549 -0.00549316406250000000 -0.00549316406250000000 0 0 1 0 10 263 225 265 271 251 181 253 182 254 273 
253 11550 -0.00671386718750000000 -0.00671386718750000000 0 0 1 0 8 254 252 260 250 248 256 251 259 
254 11551 -0.00549316406250000000 -0.00671386718750000000 0 0 1 0 10 271 265 273 295 253 251 259 252 260 297 
255 11552 -0.00915527343750000000 -0.00793457031250000000 0 0 1 0 8 256 250 258 166 164 332 249 257 
256 11553 -0.00793457031250000000 -0.00793457031250000000 0 0 1 0 8 259 253 261 255 249 257 250 258 
257 11554 -0.00915527343750000000 -0.00915527343750000000 0 0 1 0 8 258 256 344 166 164 332 255 343 
258 11555 -0.00793457031250000000 -0.00915527343750000000 0 0 1 0 8 261 259 347 257 255 343 256 344 
259 11556 -0.00671386718750000000 -0.00793457031250000000 0 0 1 0 8 260 254 262 256 250 258 253 261 
260 11557 -0.00549316406250000000 -0.00793457031250000000 0 0 1 0 10 295 273 297 303 259 253 261 254 262 305 
261 11558 -0.00671386718750000000 -0.00915527343750000000 0 0 1 0 8 262 260 348 258 256 344 259 347 
262 11559 -0.00549316406250000000 -0.00915527343750000000 0 0 1 0 9 303 297 305 359 261 259 347 260 348 
263 11560 -0.00457763671875000000 -0.00518798828125000000 0 0 1 0 8 264 226 266 252 182 254 225 265 
264 11561 -0.00396728515625000000 -0.00518798828125000000 0 0 1 0 8 267 229 269 263 225 265 226 266 
265 11562 -0.00457763671875000000 -0.00579833984375000000 0 0 1 0 8 266 264 272 252 182 254 263 271 
266 11563 -0.00396728515625000000 -0.00579833984375000000 0 0 1 0 8 269 267 275 265 263 271 264 272 
267 11564 -0.00335693359375000000 -0.00518798828125000000 0 0 1 0 8 268 230 270 264 226 266 229 269 
268 11565 -0.00274658203125000000 -0.00518798828125000000 0 0 1 0 8 279 241 281 267 229 269 230 270 
269 11566 -0.00335693359375000000 -0.00579833984375000000 0 0 1 0 8 270 268 276 266 264 272 267 275 
270 11567 -0.00274658203125000000 -0.00579833984375000000 0 0 1 0 8 281 279 287 269 267 275 268 276 
271 11568 -0.00457763671875000000 -0.00640869140625000000 0 0 1 0 8 272 266 274 254 252 260 265 273 
272 11569 -0.00396728515625000000 -0.00640869140625000000 0 0 1 0 8 275 269 277 271 265 273 266 274 
273 11570 -0.00457763671875000000 -0.00701904296875000000 0 0 1 0 8 274 272 296 254 252 260 271 295 
274 11571 -0.00396728515625000000 -0.00701904296875000000 0 0 1 0 8 277 275 299 273 271 295 272 296 
275 11572 -0.00335693359375000000 -0.00640869140625000000 0 0 1 0 8 276 270 278 272 266 274 269 277 
276 11573 -0.00274658203125000000 -0.00640869140625000000 0 0 1 0 8 287 281 289 275 269 277 270 278 
277 11574 -0.00335693359375000000 -0.00701904296875000000 0 0 1 0 8 278 276 300 274 272 296 275 299 
278 11575 -0.00274658203125000000 -0.00701904296875000000 0 0 1 0 8 289 287 311 277 275 299 276 300 
279 11576 -0.00213623046875000000 -0.00518798828125000000 0 0 1 0 8 280 242 282 268 230 270 241 281 
280 11577 -0.00152587890625000000 -0.00518798828125000000 0 0 1 0 8 283 245 285 279 241 281 242 282 
281 11578 -0.00213623046875000000 -0.00579833984375000000 0 0 1 0 8 282 280 288 270 268 276 279 287 
282 11579 -0.00152587890625000000 -0.00579833984375000000 0 0 1 0 8 285 283 291 281 279 287 280 288 
283 11580 -0.00091552734375000000 -0.00518798828125000000 0 0 1 0 8 284 246 286 280 242 282 245 285 
284 11581 -0.00030517578125000000 -0.00518798828125000000 0 0 1 0 8 2 3 420 283 245 285 246 286 
285 11582 -0.00091552734375000000 -0.00579833984375000000 0 0 1 0 8 286 284 292 282 280 288 283 291 
286 11583 -0.00030517578125000000 -0.00579833984375000000 0 0 1 0 8 2 3 420 285 283 291 284 292 
287 11584 -0.00213623046875000000 -0.00640869140625000000 0 0 1 0 8 288 282 290 276 270 278 281 289 
288 11585 -0.00152587890625000000 -0.00640869140625000000 0 0 1 0 8 291 285 293 287 281 289 282 290 
289 11586 -0.00213623046875000000 -0.00701904296875000000 0 0 1 0 8 290 288 312 278 276 300 287 311 
290 11587 -0.00152587890625000000 -0.00701904296875000000 0 0 1 0 8 293 291 315 289 287 311 288 312 
291 11588 -0.00091552734375000000 -0.00640869140625000000 0 0 1 0 8 292 286 294 288 282 290 285 293 
292 11589 -0.00030517578125000000 -0.00640869140625000000 0 0 1 0 8 420 2 421 291 285 293 286 294 
293 11590 -0.00091552734375000000 -0.00701904296875000000 0 0 1 0 8 294 292 316 290 288 312 291 315 
294 11591 -0.00030517578125000000 -0.00701904296875000000 0 0 1 0 8 420 2 421 293 291 315 292 316 
295 11592 -0.00457763671875000000 -0.00762939453125000000 0 0 1 0 8 296 274 298 260 254 262 273 297 
296 11593 -0.00396728515625000000 -0.00762939453125000000 0 0 1 0 8 299 277 301 295 273 297 274 298 
297 11594 -0.00457763671875000000 -0.00823974609375000000 0 0 1 0 8 298 296 304 260 254 262 295 303 
298 11595 -0.00396728515625000000 -0.00823974609375000000 0 0 1 0 8 301 299 307 297 295 303 296 304 
299 11596 -0.00335693359375000000 -0.00762939453125000000 0 0 1 0 8 300 278 302 296 274 298 277 301 
300 11597 -0.00274658203125000000 -0.00762939453125000000 0 0 1 0 8 311 289 313 299 277 301 278 302 
301 11598 -0.00335693359375000000 -0.00823974609375000000 0 0 1 0 8 302 300 308 298 296 304 299 307 
302 11599 -0.00274658203125000000 -0.00823974609375000000 0 0 1 0 8 313 311 319 301 299 307 300 308 
303 11600 -0.00457763671875000000 -0.00885009765625000000 0 0 1 0 8 304 298 306 262 260 348 297 305 
304 11601 -0.00396728515625000000 -0.00885009765625000000 0 0 1 0 8 307 301 309 303 297 305 298 306 
305 11602 -0.00457763671875000000 -0.00946044921875000000 0 0 1 0 8 306 304 359 262 260 348 303 360 
306 11603 -0.00396728515625000000 -0.00946044921875000000 0 0 1 0 8 309 307 360 305 303 359 304 348 
307 11604 -0.00335693359375000000 -0.00885009765625000000 0 0 1 0 8 308 302 310 304 298 306 301 309 
308 11605 -0.00274658203125000000 -0.00885009765625000000 0 0 1 0 8 319 313 321 307 301 309 302 310 
309 11606 -0.00335693359375000000 -0.00946044921875000000 0 0 1 0 8 310 308 360 306 304 359 307 363 
310 11607 -0.00274658203125000000 -0.00946044921875000000 0 0 1 0 8 321 319 363 309 307 360 308 359 
311 11608 -0.00213623046875000000 -0.00762939453125000000 0 0 1 0 8 312 290 314 300 278 302 289 313 
312 11609 -0.00152587890625000000 -0.00762939453125000000 0 0 1 0 8 315 293 317 311 289 313 290 314 
313 11610 -0.00213623046875000000 -0.00823974609375000000 0 0 1 0 8 314 312 320 302 300 308 311 319 
314 11611 -0.00152587890625000000 -0.00823974609375000000 0 0 1 0 8 317 315 323 313 311 319 312 320 
315 11612 -0.00091552734375000000 -0.00762939453125000000 0 0 1 0 8 316 294 318 312 290 314 293 317 
316 11613 -0.00030517578125000000 -0.00762939453125000000 0 0 1 0 8 421 420 495 315 293 317 294 318 
317 11614 -0.00091552734375000000 -0.00823974609375000000 0 0 1 0 8 318 316 324 314 312 320 315 323 
318 11615 -0.00030517578125000000 -0.00823974609375000000 0 0 1 0 8 421 420 495 317 315 323 316 324 
319 11616 -0.00213623046875000000 -0.00885009765625000000 0 0 1 0 8 320 314 322 308 302 310 313 321 
320 11617 -0.00152587890625000000 -0.00885009765625000000 0 0 1 0 8 323 317 325 319 313 321 314 322 
321 11618 -0.00213623046875000000 -0.00946044921875000000 0 0 1 0 8 322 320 363 310 308 360 319 463 
322 11619 -0.00152587890625000000 -0.00946044921875000000 0 0 1 0 8 325 323 463 321 319 363 320 360 
323 11620 -0.00091552734375000000 -0.00885009765625000000 0 0 1 0 8 324 318 326 320 314 322 317 325 
324 11621 -0.00030517578125000000 -0.00885009765625000000 0 0 1 0 7 495 421 323 317 325 318 326 
325 11622 -0.00091552734375000000 -0.00946044921875000000 0 0 1 0 7 326 324 463 322 320 363 323 
326 11623 -0.00030517578125000000 -0.00946044921875000000 0 0 1 0 7 495 421 325 323 463 324 363 
327 11624 -0.01831054687500000000 -0.01098632812500000000 0 0 1 0 8 328 162 330 148 142 150 161 329 
328 11625 -0.01586914062500000000 -0.01098632812500000000 0 0 1 0 8 331 165 333 327 161 329 162 330 
329 11626 -0.01831054687500000000 -0.01342773437500000000 0 0 1 0 8 330 328 336 148 142 150 327 335 
330 11627 -0.01586914062500000000 -0.01342773437500000000 0 0 1 0 8 333 331 339 329 327 335 328 336 
331 11628 -0.01342773437500000000 -0.01098632812500000000 0 0 1 0 8 332 166 334 328 162 330 165 333 
332 11629 -0.01098632812500000000 -0.01098632812500000000 0 0 1 0 10 343 257 345 351 331 165 333 166 334 353 
333 11630 -0.01342773437500000000 -0.01342773437500000000 0 0 1 0 8 334 332 340 330 328 336 331 339 
334 11631 -0.01098632812500000000 -0.01342773437500000000 0 0 1 0 10 351 345 353 370 333 331 339 332 340 372 
335 11632 -0.01831054687500000000 -0.01586914062500000000 0 0 1 0 8 336 330 338 150 148 387 329 337 
336 11633 -0.01586914062500000000 -0.01586914062500000000 0 0 1 0 8 339 333 341 335 329 337 330 338 
337 11634 -0.01831054687500000000 -0.01831054687500000000 0 0 1 0 8 338 336 389 150 148 387 335 388 
338 11635 -0.01586914062500000000 -0.01831054687500000000 0 0 1 0 8 341 339 392 337 335 388 336 389 
339 11636 -0.01342773437500000000 -0.01586914062500000000 0 0 1 0 8 340 334 342 336 330 338 333 341 
340 11637 -0.01098632812500000000 -0.01586914062500000000 0 0 1 0 10 370 353 372 378 339 333 341 334 342 380 
341 11638 -0.01342773437500000000 -0.01831054687500000000 0 0 1 0 8 342 340 393 338 336 389 339 392 
342 11639 -0.01098632812500000000 -0.01831054687500000000 0 0 1 0 10 378 372 380 404 341 339 392 340 393 406 
343 11640 -0.00915527343750000000 -0.01037597656250000000 0 0 1 0 8 344 258 346 332 166 334 257 345 
344 11641 -0.00793457031250000000 -0.01037597656250000000 0 0 1 0 8 347 261 349 343 257 345 258 346 
345 11642 -0.00915527343750000000 -0.01159667968750000000 0 0 1 0 8 346 344 352 332 166 334 343 351 
346 11643 -0.00793457031250000000 -0.01159667968750000000 0 0 1 0 8 349 347 355 345 343 351 344 352 
347 11644 -0.00671386718750000000 -0.01037597656250000000 0 0 1 0 8 348 262 350 344 258 346 261 349 
348 11645 -0.00549316406250000000 -0.01037597656250000000 0 0 1 0 8 359 305 361 347 261 349 262 350 
349 11646 -0.00671386718750000000 -0.01159667968750000000 0 0 1 0 8 350 348 356 346 344 352 347 355 
350 11647 -0.00549316406250000000 -0.01159667968750000000 0 0 1 0 8 361 359 365 349 347 355 348 356 
351 11648 -0.00915527343750000000 -0.01281738281250000000 0 0 1 0 8 352 346 354 334 332 340 345 353 
352 11649 -0.00793457031250000000 -0.01281738281250000000 0 0 1 0 8 355 349 357 351 345 353 346 354 
353 11650 -0.00915527343750000000 -0.01403808593750000000 0 0 1 0 8 354 352 371 334 332 340 351 370 
354 11651 -0.00793457031250000000 -0.01403808593750000000 0 0 1 0 8 357 355 374 353 351 370 352 371 
355 11652 -0.00671386718750000000 -0.01281738281250000000 0 0 1 0 8 356 350 358 352 346 354 349 357 
356 11653 -0.00549316406250000000 -0.01281738281250000000 0 0 1 0 8 365 361 367 355 349 357 350 358 
357 11654 -0.00671386718750000000 -0.01403808593750000000 0 0 1 0 8 358 356 375 354 352 371 355 374 
358 11655 -0.00549316406250000000 -0.01403808593750000000 0 0 1 0 8 367 365 383 357 355 374 356 375 
359 11656 -0.00427246093750000000 -0.01037597656250000000 0 0 1 0 9 360 309 362 348 262 350 306 305 361 
360 11657 -0.00305175781250000000 -0.01037597656250000000 0 0 1 0 9 363 321 364 359 306 361 310 309 362 
361 11658 -0.00427246093750000000 -0.01159667968750000000 0 0 1 0 8 362 360 366 350 348 356 359 365 
362 11659 -0.00305175781250000000 -0.01159667968750000000 0 0 1 0 8 364 363 369 361 359 365 360 366 
363 11660 -0.00183105468750000000 -0.01037597656250000000 0 0 1 0 9 463 325 464 360 310 362 322 321 364 
364 11661 -0.00183105468750000000 -0.01159667968750000000 0 0 1 0 8 464 463 465 362 360 366 363 369 
365 11662 -0.00427246093750000000 -0.01281738281250000000 0 0 1 0 8 366 362 368 356 350 358 361 367 
366 11663 -0.00305175781250000000 -0.01281738281250000000 0 0 1 0 8 369 364 466 365 361 367 362 368 
367 11664 -0.00427246093750000000 -0.01403808593750000000 0 0 1 0 8 368 366 471 358 356 375 365 383 
368 11665 -0.00305175781250000000 -0.01403808593750000000 0 0 1 0 8 466 369 474 367 365 383 366 471 
369 11666 -0.00183105468750000000 -0.01281738281250000000 0 0 1 0 8 465 464 467 366 362 368 364 466 
370 11667 -0.00915527343750000000 -0.01525878906250000000 0 0 1 0 8 371 354 373 340 334 342 353 372 
371 11668 -0.00793457031250000000 -0.01525878906250000000 0 0 1 0 8 374 357 376 370 353 372 354 373 
372 11669 -0.00915527343750000000 -0.01647949218750000000 0 0 1 0 8 373 371 379 340 334 342 370 378 
373 11670 -0.00793457031250000000 -0.01647949218750000000 0 0 1 0 8 376 374 382 372 370 378 371 379 
374 11671 -0.00671386718750000000 -0.01525878906250000000 0 0 1 0 8 375 358 377 371 354 373 357 376 
375 11672 -0.00549316406250000000 -0.01525878906250000000 0 0 1 0 8 383 367 472 374 357 376 358 377 
376 11673 -0.00671386718750000000 -0.01647949218750000000 0 0 1 0 8 377 375 468 373 371 379 374 382 
377 11674 -0.00549316406250000000 -0.01647949218750000000 0 0 1 0 8 472 383 475 376 374 382 375 468 
378 11675 -0.00915527343750000000 -0.01770019531250000000 0 0 1 0 8 379 373 381 342 340 393 372 380 
379 11676 -0.00793457031250000000 -0.01770019531250000000 0 0 1 0 8 382 376 469 378 372 380 373 381 
380 11677 -0.00915527343750000000 -0.01892089843750000000 0 0 1 0 8 381 379 405 342 340 393 378 404 
381 11678 -0.00793457031250000000 -0.01892089843750000000 0 0 1 0 8 469 382 481 380 378 404 379 405 
382 11679 -0.00671386718750000000 -0.01770019531250000000 0 0 1 0 8 468 377 470 379 373 381 376 469 
383 11680 -0.00427246093750000000 -0.01525878906250000000 0 0 1 0 8 471 368 473 375 358 377 367 472 
384 11681 -0.03662109375000000000 -0.02197265625000000000 0 0 1 0 8 385 146 477 461 134 462 145 476 
385 11682 -0.03173828125000000000 -0.02197265625000000000 0 0 1 0 8 386 149 478 384 145 476 146 477 
386 11683 -0.02685546875000000000 -0.02197265625000000000 0 0 1 0 8 387 150 479 385 146 477 149 478 
387 11684 -0.02197265625000000000 -0.02197265625000000000 0 0 1 0 10 388 337 390 396 386 149 478 150 479 398 
388 11685 -0.01831054687500000000 -0.02075195312500000000 0 0 1 0 8 389 338 391 387 150 479 337 390 
389 11686 -0.01586914062500000000 -0.02075195312500000000 0 0 1 0 8 392 341 394 388 337 390 338 391 
390 11687 -0.01831054687500000000 -0.02319335937500000000 0 0 1 0 8 391 389 397 387 150 479 388 396 
391 11688 -0.01586914062500000000 -0.02319335937500000000 0 0 1 0 8 394 392 400 390 388 396 389 397 
392 11689 -0.01342773437500000000 -0.02075195312500000000 0 0 1 0 8 393 342 395 389 338 391 341 394 
393 11690 -0.01098632812500000000 -0.02075195312500000000 0 0 1 0 10 404 380 406 408 392 341 394 342 395 410 
394 11691 -0.01342773437500000000 -0.02319335937500000000 0 0 1 0 8 395 393 401 391 389 397 392 400 
395 11692 -0.01098632812500000000 -0.02319335937500000000 0 0 1 0 10 408 406 410 412 394 392 400 393 401 414 
396 11693 -0.01831054687500000000 -0.02563476562500000000 0 0 1 0 8 397 391 399 479 387 480 390 398 
397 11694 -0.01586914062500000000 -0.02563476562500000000 0 0 1 0 8 400 394 402 396 390 398 391 399 
398 11695 -0.01831054687500000000 -0.02807617187500000000 0 0 1 0 8 399 397 490 479 387 480 396 489 
399 11696 -0.01586914062500000000 -0.02807617187500000000 0 0 1 0 8 402 400 491 398 396 489 397 490 
400 11697 -0.01342773437500000000 -0.02563476562500000000 0 0 1 0 8 401 395 403 397 391 399 394 402 
401 11698 -0.01098632812500000000 -0.02563476562500000000 0 0 1 0 10 412 410 414 416 400 394 402 395 403 418 
402 11699 -0.01342773437500000000 -0.02807617187500000000 0 0 1 0 8 403 401 492 399 397 490 400 491 
403 11700 -0.01098632812500000000 -0.02807617187500000000 0 0 1 0 9 416 414 418 493 402 400 491 401 492 
404 11701 -0.00915527343750000000 -0.02014160156250000000 0 0 1 0 8 405 381 407 393 342 395 380 406 
405 11702 -0.00793457031250000000 -0.02014160156250000000 0 0 1 0 8 481 469 482 404 380 406 381 407 
406 11703 -0.00915527343750000000 -0.02136230468750000000 0 0 1 0 8 407 405 409 393 342 395 404 408 
407 11704 -0.00793457031250000000 -0.02136230468750000000 0 0 1 0 8 482 481 483 406 404 408 405 409 
408 11705 -0.00915527343750000000 -0.02258300781250000000 0 0 1 0 8 409 407 411 395 393 401 406 410 
409 11706 -0.00793457031250000000 -0.02258300781250000000 0 0 1 0 8 483 482 484 408 406 410 407 411 
410 11707 -0.00915527343750000000 -0.02380371093750000000 0 0 1 0 8 411 409 413 395 393 401 408 412 
411 11708 -0.00793457031250000000 -0.02380371093750000000 0 0 1 0 8 484 483 485 410 408 412 409 413 
412 11709 -0.00915527343750000000 -0.02502441406250000000 0 0 1 0 8 413 411 415 401 395 403 410 414 
413 11710 -0.00793457031250000000 -0.02502441406250000000 0 0 1 0 8 485 484 486 412 410 414 411 415 
414 11711 -0.00915527343750000000 -0.02624511718750000000 0 0 1 0 8 415 413 417 401 395 403 412 416 
415 11712 -0.00793457031250000000 -0.02624511718750000000 0 0 1 0 8 486 485 487 414 412 416 413 417 
416 11713 -0.00915527343750000000 -0.02746582031250000000 0 0 1 0 8 417 415 419 403 401 492 414 418 
417 11714 -0.00793457031250000000 -0.02746582031250000000 0 0 1 0 8 487 486 488 416 414 418 415 419 
418 11715 -0.00915527343750000000 -0.02868652343750000000 0 0 1 0 8 419 417 493 403 401 492 416 494 
419 11716 -0.00793457031250000000 -0.02868652343750000000 0 0 1 0 8 488 487 494 418 416 493 417 492 
420 11717 0.00061035156250000000 -0.00671386718750000000 0 0 1 0 8 1 292 286 294 316 2 421 318 
421 11718 0.00061035156250000000 -0.00793457031250000000 0 0 1 0 9 1 496 316 294 318 324 420 495 326 
