475 423 52
1 10875 0.02283595600000000100 -0.02496500700000000086 424 2 0 1 6 470 420 422 469 424 2 
2 10876 0.02000361000000000153 -0.02348725999999999939 1 3 0 1 8 373 395 419 397 420 469 1 3 
3 10877 0.01735516100000000089 -0.02198863399999999996 2 4 0 1 8 373 361 363 369 372 371 2 4 
4 10878 0.01489162399999999914 -0.02046978600000000023 3 5 0 1 7 3 5 344 346 352 355 356 
5 10879 0.01261394100000000004 -0.01893134900000000009 4 6 0 1 8 274 340 343 342 344 355 4 6 
6 10880 0.01052298599999999980 -0.01737392800000000029 5 7 0 1 9 274 262 240 264 270 273 272 5 7 
7 10881 0.00861956040000000021 -0.01579810099999999842 6 8 0 1 7 238 6 240 8 239 272 262 
8 10882 0.00690439259999999985 -0.01420441199999999959 7 9 0 1 7 238 157 156 226 227 7 9 
9 10883 0.00537814000000000000 -0.01259337699999999935 8 10 0 1 7 139 127 105 129 138 8 10 
10 10884 0.00404138730000000012 -0.01096547500000000057 9 11 0 1 7 111 9 11 127 103 104 105 
11 10885 0.00289464670000000009 -0.00932114849999999932 10 425 0 1 8 10 425 86 88 91 92 94 103 
12 10886 -0.00061035156250000000 -0.01037597656250000000 0 0 1 0 11 87 85 89 95 431 427 432 430 429 13 97 
13 10887 -0.00061035156250000000 -0.01159667968750000000 0 0 1 0 10 95 89 97 106 432 431 436 12 14 108 
14 10888 -0.00061035156250000000 -0.01281738281250000000 0 0 1 0 10 106 97 108 114 436 432 15 13 16 116 
15 10889 -0.00183105468750000000 -0.01403808593750000000 0 0 1 0 8 16 14 24 435 433 20 436 23 
16 10890 -0.00061035156250000000 -0.01403808593750000000 0 0 1 0 10 114 108 116 158 15 436 23 14 24 160 
17 10891 -0.00549316406250000000 -0.01770019531250000000 0 0 1 0 8 27 21 29 442 438 18 439 19 
18 10892 -0.00671386718750000000 -0.01892089843750000000 0 0 1 0 8 19 17 36 441 440 444 442 35 
19 10893 -0.00549316406250000000 -0.01892089843750000000 0 0 1 0 8 29 27 43 18 442 35 17 36 
20 10894 -0.00305175781250000000 -0.01525878906250000000 0 0 1 0 8 23 15 25 443 434 21 435 22 
21 10895 -0.00427246093750000000 -0.01647949218750000000 0 0 1 0 8 22 20 28 439 437 17 443 27 
22 10896 -0.00305175781250000000 -0.01647949218750000000 0 0 1 0 8 25 23 31 21 443 27 20 28 
23 10897 -0.00183105468750000000 -0.01525878906250000000 0 0 1 0 8 24 16 26 20 435 22 15 25 
24 10898 -0.00061035156250000000 -0.01525878906250000000 0 0 1 0 10 158 116 160 166 23 15 25 16 26 168 
25 10899 -0.00183105468750000000 -0.01647949218750000000 0 0 1 0 8 26 24 32 22 20 28 23 31 
26 10900 -0.00061035156250000000 -0.01647949218750000000 0 0 1 0 10 166 160 168 190 25 23 31 24 32 192 
27 10901 -0.00427246093750000000 -0.01770019531250000000 0 0 1 0 8 28 22 30 17 439 19 21 29 
28 10902 -0.00305175781250000000 -0.01770019531250000000 0 0 1 0 8 31 25 33 27 21 29 22 30 
29 10903 -0.00427246093750000000 -0.01892089843750000000 0 0 1 0 8 30 28 44 19 17 36 27 43 
30 10904 -0.00305175781250000000 -0.01892089843750000000 0 0 1 0 8 33 31 47 29 27 43 28 44 
31 10905 -0.00183105468750000000 -0.01770019531250000000 0 0 1 0 8 32 26 34 28 22 30 25 33 
32 10906 -0.00061035156250000000 -0.01770019531250000000 0 0 1 0 10 190 168 192 198 31 25 33 26 34 200 
33 10907 -0.00183105468750000000 -0.01892089843750000000 0 0 1 0 8 34 32 48 30 28 44 31 47 
34 10908 -0.00061035156250000000 -0.01892089843750000000 0 0 1 0 9 198 192 200 275 33 31 47 32 48 
35 10909 -0.00671386718750000000 -0.02014160156250000000 0 0 1 0 8 36 19 38 444 441 445 18 37 
36 10910 -0.00549316406250000000 -0.02014160156250000000 0 0 1 0 8 43 29 45 35 18 37 19 38 
37 10911 -0.00671386718750000000 -0.02136230468750000000 0 0 1 0 8 38 36 40 445 444 446 35 39 
38 10912 -0.00549316406250000000 -0.02136230468750000000 0 0 1 0 8 45 43 51 37 35 39 36 40 
39 10913 -0.00671386718750000000 -0.02258300781250000000 0 0 1 0 8 40 38 42 446 445 447 37 41 
40 10914 -0.00549316406250000000 -0.02258300781250000000 0 0 1 0 8 51 45 53 39 37 41 38 42 
41 10915 -0.00671386718750000000 -0.02380371093750000000 0 0 1 0 8 42 40 60 447 446 448 39 59 
42 10916 -0.00549316406250000000 -0.02380371093750000000 0 0 1 0 8 53 51 67 41 39 59 40 60 
43 10917 -0.00427246093750000000 -0.02014160156250000000 0 0 1 0 8 44 30 46 36 19 38 29 45 
44 10918 -0.00305175781250000000 -0.02014160156250000000 0 0 1 0 8 47 33 49 43 29 45 30 46 
45 10919 -0.00427246093750000000 -0.02136230468750000000 0 0 1 0 8 46 44 52 38 36 40 43 51 
46 10920 -0.00305175781250000000 -0.02136230468750000000 0 0 1 0 8 49 47 55 45 43 51 44 52 
47 10921 -0.00183105468750000000 -0.02014160156250000000 0 0 1 0 8 48 34 50 44 30 46 33 49 
48 10922 -0.00061035156250000000 -0.02014160156250000000 0 0 1 0 8 275 200 277 47 33 49 34 50 
49 10923 -0.00183105468750000000 -0.02136230468750000000 0 0 1 0 8 50 48 56 46 44 52 47 55 
50 10924 -0.00061035156250000000 -0.02136230468750000000 0 0 1 0 8 277 275 283 49 47 55 48 56 
51 10925 -0.00427246093750000000 -0.02258300781250000000 0 0 1 0 8 52 46 54 40 38 42 45 53 
52 10926 -0.00305175781250000000 -0.02258300781250000000 0 0 1 0 8 55 49 57 51 45 53 46 54 
53 10927 -0.00427246093750000000 -0.02380371093750000000 0 0 1 0 8 54 52 68 42 40 60 51 67 
54 10928 -0.00305175781250000000 -0.02380371093750000000 0 0 1 0 8 57 55 71 53 51 67 52 68 
55 10929 -0.00183105468750000000 -0.02258300781250000000 0 0 1 0 8 56 50 58 52 46 54 49 57 
56 10930 -0.00061035156250000000 -0.02258300781250000000 0 0 1 0 8 283 277 285 55 49 57 50 58 
57 10931 -0.00183105468750000000 -0.02380371093750000000 0 0 1 0 8 58 56 72 54 52 68 55 71 
58 10932 -0.00061035156250000000 -0.02380371093750000000 0 0 1 0 8 285 283 307 57 55 71 56 72 
59 10933 -0.00671386718750000000 -0.02502441406250000000 0 0 1 0 8 60 42 62 448 447 449 41 61 
60 10934 -0.00549316406250000000 -0.02502441406250000000 0 0 1 0 8 67 53 69 59 41 61 42 62 
61 10935 -0.00671386718750000000 -0.02624511718750000000 0 0 1 0 8 62 60 64 449 448 450 59 63 
62 10936 -0.00549316406250000000 -0.02624511718750000000 0 0 1 0 8 69 67 75 61 59 63 60 64 
63 10937 -0.00671386718750000000 -0.02746582031250000000 0 0 1 0 8 64 62 66 450 449 451 61 65 
64 10938 -0.00549316406250000000 -0.02746582031250000000 0 0 1 0 8 75 69 77 63 61 65 62 66 
65 10939 -0.00671386718750000000 -0.02868652343750000000 0 0 1 0 8 66 64 453 451 450 452 63 83 
66 10940 -0.00549316406250000000 -0.02868652343750000000 0 0 1 0 8 77 75 83 65 63 453 64 452 
67 10941 -0.00427246093750000000 -0.02502441406250000000 0 0 1 0 8 68 54 70 60 42 62 53 69 
68 10942 -0.00305175781250000000 -0.02502441406250000000 0 0 1 0 8 71 57 73 67 53 69 54 70 
69 10943 -0.00427246093750000000 -0.02624511718750000000 0 0 1 0 8 70 68 76 62 60 64 67 75 
70 10944 -0.00305175781250000000 -0.02624511718750000000 0 0 1 0 8 73 71 79 69 67 75 68 76 
71 10945 -0.00183105468750000000 -0.02502441406250000000 0 0 1 0 8 72 58 74 68 54 70 57 73 
72 10946 -0.00061035156250000000 -0.02502441406250000000 0 0 1 0 8 307 285 309 71 57 73 58 74 
73 10947 -0.00183105468750000000 -0.02624511718750000000 0 0 1 0 8 74 72 80 70 68 76 71 79 
74 10948 -0.00061035156250000000 -0.02624511718750000000 0 0 1 0 8 309 307 315 73 71 79 72 80 
75 10949 -0.00427246093750000000 -0.02746582031250000000 0 0 1 0 8 76 70 78 64 62 66 69 77 
76 10950 -0.00305175781250000000 -0.02746582031250000000 0 0 1 0 8 79 73 81 75 69 77 70 78 
77 10951 -0.00427246093750000000 -0.02868652343750000000 0 0 1 0 8 78 76 83 66 64 453 75 84 
78 10952 -0.00305175781250000000 -0.02868652343750000000 0 0 1 0 8 81 79 84 77 75 83 76 453 
79 10953 -0.00183105468750000000 -0.02746582031250000000 0 0 1 0 8 80 74 82 76 70 78 73 81 
80 10954 -0.00061035156250000000 -0.02746582031250000000 0 0 1 0 8 315 309 317 79 73 81 74 82 
81 10955 -0.00183105468750000000 -0.02868652343750000000 0 0 1 0 8 82 80 84 78 76 83 79 406 
82 10956 -0.00061035156250000000 -0.02868652343750000000 0 0 1 0 8 317 315 406 81 79 84 80 83 
83 10957 -0.00366210937500000000 -0.03051757812500000000 0 0 1 0 9 84 81 456 453 66 454 78 77 455 
84 10958 -0.00122070312500000000 -0.03051757812500000000 0 0 1 0 9 406 317 408 83 78 455 82 81 456 
85 10959 0.00061035156250000000 -0.00915527343750000000 0 0 1 0 11 86 425 91 428 426 430 12 458 87 88 93 
86 10960 0.00183105468750000000 -0.00915527343750000000 0 0 1 0 9 11 103 85 458 88 425 91 90 92 
87 10961 0.00030517578125000000 -0.01007080078125000000 0 0 1 0 7 88 85 90 12 13 86 89 
88 10962 0.00091552734375000000 -0.01007080078125000000 0 0 1 0 7 91 86 93 87 85 89 90 
89 10963 0.00030517578125000000 -0.01068115234375000000 0 0 1 0 7 90 88 96 12 13 87 95 
90 10964 0.00091552734375000000 -0.01068115234375000000 0 0 1 0 8 93 91 99 89 87 95 88 96 
91 10965 0.00152587890625000000 -0.01007080078125000000 0 0 1 0 8 92 86 94 88 85 90 11 93 
92 10966 0.00213623046875000000 -0.01007080078125000000 0 0 1 0 8 103 11 104 91 86 93 85 94 
93 10967 0.00152587890625000000 -0.01068115234375000000 0 0 1 0 8 94 92 100 90 88 96 91 99 
94 10968 0.00213623046875000000 -0.01068115234375000000 0 0 1 0 8 103 11 104 93 91 99 92 100 
95 10969 0.00030517578125000000 -0.01129150390625000000 0 0 1 0 8 96 90 98 13 12 14 89 97 
96 10970 0.00091552734375000000 -0.01129150390625000000 0 0 1 0 8 99 93 101 95 89 97 90 98 
97 10971 0.00030517578125000000 -0.01190185546875000000 0 0 1 0 8 98 96 107 13 12 14 95 106 
98 10972 0.00091552734375000000 -0.01190185546875000000 0 0 1 0 8 101 99 110 97 95 106 96 107 
99 10973 0.00152587890625000000 -0.01129150390625000000 0 0 1 0 8 100 94 102 96 90 98 93 101 
100 10974 0.00213623046875000000 -0.01129150390625000000 0 0 1 0 7 104 103 99 93 101 94 102 
101 10975 0.00152587890625000000 -0.01190185546875000000 0 0 1 0 8 102 100 111 98 96 107 99 110 
102 10976 0.00213623046875000000 -0.01190185546875000000 0 0 1 0 8 104 103 101 99 110 100 111 122 
103 10977 0.00305175781250000000 -0.01037597656250000000 0 0 1 0 9 10 105 92 86 94 100 11 104 102 
104 10978 0.00305175781250000000 -0.01159667968750000000 0 0 1 0 12 105 10 126 100 94 102 111 103 122 113 123 128 
105 10979 0.00427246093750000000 -0.01159667968750000000 0 0 1 0 10 127 104 123 126 125 10 138 9 135 103 
106 10980 0.00030517578125000000 -0.01251220703125000000 0 0 1 0 8 107 98 109 14 13 16 97 108 
107 10981 0.00091552734375000000 -0.01251220703125000000 0 0 1 0 8 110 101 112 106 97 108 98 109 
108 10982 0.00030517578125000000 -0.01312255859375000000 0 0 1 0 8 109 107 115 14 13 16 106 114 
109 10983 0.00091552734375000000 -0.01312255859375000000 0 0 1 0 8 112 110 118 108 106 114 107 115 
110 10984 0.00152587890625000000 -0.01251220703125000000 0 0 1 0 8 111 102 113 107 98 109 101 112 
111 10985 0.00213623046875000000 -0.01251220703125000000 0 0 1 0 8 122 104 124 110 101 112 102 113 
112 10986 0.00152587890625000000 -0.01312255859375000000 0 0 1 0 8 113 111 119 109 107 115 110 118 
113 10987 0.00213623046875000000 -0.01312255859375000000 0 0 1 0 8 124 122 130 112 110 118 111 119 
114 10988 0.00030517578125000000 -0.01373291015625000000 0 0 1 0 8 115 109 117 16 14 24 108 116 
115 10989 0.00091552734375000000 -0.01373291015625000000 0 0 1 0 8 118 112 120 114 108 116 109 117 
116 10990 0.00030517578125000000 -0.01434326171875000000 0 0 1 0 8 117 115 159 16 14 24 114 158 
117 10991 0.00091552734375000000 -0.01434326171875000000 0 0 1 0 8 120 118 162 116 114 158 115 159 
118 10992 0.00152587890625000000 -0.01373291015625000000 0 0 1 0 8 119 113 121 115 109 117 112 120 
119 10993 0.00213623046875000000 -0.01373291015625000000 0 0 1 0 8 130 124 132 118 112 120 113 121 
120 10994 0.00152587890625000000 -0.01434326171875000000 0 0 1 0 8 121 119 163 117 115 159 118 162 
121 10995 0.00213623046875000000 -0.01434326171875000000 0 0 1 0 8 132 130 174 120 118 162 119 163 
122 10996 0.00274658203125000000 -0.01251220703125000000 0 0 1 0 8 123 104 125 111 102 113 105 124 
123 10997 0.00335693359375000000 -0.01251220703125000000 0 0 1 0 7 126 105 128 122 104 124 125 
124 10998 0.00274658203125000000 -0.01312255859375000000 0 0 1 0 8 125 123 131 113 111 119 122 130 
125 10999 0.00335693359375000000 -0.01312255859375000000 0 0 1 0 8 128 126 134 124 122 130 123 131 
126 11000 0.00396728515625000000 -0.01251220703125000000 0 0 1 0 7 127 105 129 123 104 125 128 
127 11001 0.00457763671875000000 -0.01251220703125000000 0 0 1 0 7 9 138 126 105 128 104 129 
128 11002 0.00396728515625000000 -0.01312255859375000000 0 0 1 0 8 129 127 135 125 123 131 126 134 
129 11003 0.00457763671875000000 -0.01312255859375000000 0 0 1 0 9 138 9 140 128 126 134 127 135 142 
130 11004 0.00274658203125000000 -0.01373291015625000000 0 0 1 0 8 131 125 133 119 113 121 124 132 
131 11005 0.00335693359375000000 -0.01373291015625000000 0 0 1 0 8 134 128 136 130 124 132 125 133 
132 11006 0.00274658203125000000 -0.01434326171875000000 0 0 1 0 8 133 131 175 121 119 163 130 174 
133 11007 0.00335693359375000000 -0.01434326171875000000 0 0 1 0 8 136 134 178 132 130 174 131 175 
134 11008 0.00396728515625000000 -0.01373291015625000000 0 0 1 0 8 135 129 137 131 125 133 128 136 
135 11009 0.00457763671875000000 -0.01373291015625000000 0 0 1 0 10 140 138 142 148 134 128 136 129 137 150 
136 11010 0.00396728515625000000 -0.01434326171875000000 0 0 1 0 8 137 135 179 133 131 175 134 178 
137 11011 0.00457763671875000000 -0.01434326171875000000 0 0 1 0 9 148 142 150 222 136 134 178 135 179 
138 11012 0.00518798828125000000 -0.01312255859375000000 0 0 1 0 9 139 144 129 127 135 9 140 141 146 
139 11013 0.00579833984375000000 -0.01312255859375000000 0 0 1 0 8 144 143 145 153 141 138 156 9 
140 11014 0.00503540039062500000 -0.01358032226562500000 0 0 1 0 8 141 138 143 135 129 137 139 142 
141 11015 0.00534057617187500000 -0.01358032226562500000 0 0 1 0 8 144 139 146 140 138 142 129 143 
142 11016 0.00503540039062500000 -0.01388549804687500000 0 0 1 0 8 143 141 149 135 129 137 140 148 
143 11017 0.00534057617187500000 -0.01388549804687500000 0 0 1 0 8 146 144 152 142 140 148 141 149 
144 11018 0.00564575195312500000 -0.01358032226562500000 0 0 1 0 7 145 139 147 141 138 143 146 
145 11019 0.00595092773437500000 -0.01358032226562500000 0 0 1 0 7 156 157 144 139 146 138 147 
146 11020 0.00564575195312500000 -0.01388549804687500000 0 0 1 0 8 147 145 153 143 141 149 144 152 
147 11021 0.00595092773437500000 -0.01388549804687500000 0 0 1 0 7 156 157 146 144 152 145 153 
148 11022 0.00503540039062500000 -0.01419067382812500000 0 0 1 0 8 149 143 151 137 135 179 142 150 
149 11023 0.00534057617187500000 -0.01419067382812500000 0 0 1 0 8 152 146 154 148 142 150 143 151 
150 11024 0.00503540039062500000 -0.01449584960937500000 0 0 1 0 8 151 149 222 137 135 179 148 223 
151 11025 0.00534057617187500000 -0.01449584960937500000 0 0 1 0 8 154 152 223 150 148 222 149 179 
152 11026 0.00564575195312500000 -0.01419067382812500000 0 0 1 0 8 153 147 155 149 143 151 146 154 
153 11027 0.00595092773437500000 -0.01419067382812500000 0 0 1 0 8 157 156 226 152 146 154 147 155 
154 11028 0.00564575195312500000 -0.01449584960937500000 0 0 1 0 8 155 153 223 151 149 222 152 226 
155 11029 0.00595092773437500000 -0.01449584960937500000 0 0 1 0 8 157 156 226 154 152 223 153 222 
156 11030 0.00640869140625000000 -0.01373291015625000000 0 0 1 0 8 8 141 153 155 145 139 147 157 
157 11031 0.00640869140625000000 -0.01434326171875000000 0 0 1 0 8 8 227 153 147 155 223 156 226 
158 11032 0.00030517578125000000 -0.01495361328125000000 0 0 1 0 8 159 117 161 24 16 26 116 160 
159 11033 0.00091552734375000000 -0.01495361328125000000 0 0 1 0 8 162 120 164 158 116 160 117 161 
160 11034 0.00030517578125000000 -0.01556396484375000000 0 0 1 0 8 161 159 167 24 16 26 158 166 
161 11035 0.00091552734375000000 -0.01556396484375000000 0 0 1 0 8 164 162 170 160 158 166 159 167 
162 11036 0.00152587890625000000 -0.01495361328125000000 0 0 1 0 8 163 121 165 159 117 161 120 164 
163 11037 0.00213623046875000000 -0.01495361328125000000 0 0 1 0 8 174 132 176 162 120 164 121 165 
164 11038 0.00152587890625000000 -0.01556396484375000000 0 0 1 0 8 165 163 171 161 159 167 162 170 
165 11039 0.00213623046875000000 -0.01556396484375000000 0 0 1 0 8 176 174 182 164 162 170 163 171 
166 11040 0.00030517578125000000 -0.01617431640625000000 0 0 1 0 8 167 161 169 26 24 32 160 168 
167 11041 0.00091552734375000000 -0.01617431640625000000 0 0 1 0 8 170 164 172 166 160 168 161 169 
168 11042 0.00030517578125000000 -0.01678466796875000000 0 0 1 0 8 169 167 191 26 24 32 166 190 
169 11043 0.00091552734375000000 -0.01678466796875000000 0 0 1 0 8 172 170 194 168 166 190 167 191 
170 11044 0.00152587890625000000 -0.01617431640625000000 0 0 1 0 8 171 165 173 167 161 169 164 172 
171 11045 0.00213623046875000000 -0.01617431640625000000 0 0 1 0 8 182 176 184 170 164 172 165 173 
172 11046 0.00152587890625000000 -0.01678466796875000000 0 0 1 0 8 173 171 195 169 167 191 170 194 
173 11047 0.00213623046875000000 -0.01678466796875000000 0 0 1 0 8 184 182 206 172 170 194 171 195 
174 11048 0.00274658203125000000 -0.01495361328125000000 0 0 1 0 8 175 133 177 163 121 165 132 176 
175 11049 0.00335693359375000000 -0.01495361328125000000 0 0 1 0 8 178 136 180 174 132 176 133 177 
176 11050 0.00274658203125000000 -0.01556396484375000000 0 0 1 0 8 177 175 183 165 163 171 174 182 
177 11051 0.00335693359375000000 -0.01556396484375000000 0 0 1 0 8 180 178 186 176 174 182 175 183 
178 11052 0.00396728515625000000 -0.01495361328125000000 0 0 1 0 8 179 137 181 175 133 177 136 180 
179 11053 0.00457763671875000000 -0.01495361328125000000 0 0 1 0 8 222 150 224 178 136 180 137 181 
180 11054 0.00396728515625000000 -0.01556396484375000000 0 0 1 0 8 181 179 187 177 175 183 178 186 
181 11055 0.00457763671875000000 -0.01556396484375000000 0 0 1 0 8 224 222 230 180 178 186 179 187 
182 11056 0.00274658203125000000 -0.01617431640625000000 0 0 1 0 8 183 177 185 171 165 173 176 184 
183 11057 0.00335693359375000000 -0.01617431640625000000 0 0 1 0 8 186 180 188 182 176 184 177 185 
184 11058 0.00274658203125000000 -0.01678466796875000000 0 0 1 0 8 185 183 207 173 171 195 182 206 
185 11059 0.00335693359375000000 -0.01678466796875000000 0 0 1 0 8 188 186 210 184 182 206 183 207 
186 11060 0.00396728515625000000 -0.01617431640625000000 0 0 1 0 8 187 181 189 183 177 185 180 188 
187 11061 0.00457763671875000000 -0.01617431640625000000 0 0 1 0 8 230 224 232 186 180 188 181 189 
188 11062 0.00396728515625000000 -0.01678466796875000000 0 0 1 0 8 189 187 211 185 183 207 186 210 
189 11063 0.00457763671875000000 -0.01678466796875000000 0 0 1 0 8 232 230 241 188 186 210 187 211 
190 11064 0.00030517578125000000 -0.01739501953125000000 0 0 1 0 8 191 169 193 32 26 34 168 192 
191 11065 0.00091552734375000000 -0.01739501953125000000 0 0 1 0 8 194 172 196 190 168 192 169 193 
192 11066 0.00030517578125000000 -0.01800537109375000000 0 0 1 0 8 193 191 199 32 26 34 190 198 
193 11067 0.00091552734375000000 -0.01800537109375000000 0 0 1 0 8 196 194 202 192 190 198 191 199 
194 11068 0.00152587890625000000 -0.01739501953125000000 0 0 1 0 8 195 173 197 191 169 193 172 196 
195 11069 0.00213623046875000000 -0.01739501953125000000 0 0 1 0 8 206 184 208 194 172 196 173 197 
196 11070 0.00152587890625000000 -0.01800537109375000000 0 0 1 0 8 197 195 203 193 191 199 194 202 
197 11071 0.00213623046875000000 -0.01800537109375000000 0 0 1 0 8 208 206 214 196 194 202 195 203 
198 11072 0.00030517578125000000 -0.01861572265625000000 0 0 1 0 8 199 193 201 34 32 48 192 200 
199 11073 0.00091552734375000000 -0.01861572265625000000 0 0 1 0 8 202 196 204 198 192 200 193 201 
200 11074 0.00030517578125000000 -0.01922607421875000000 0 0 1 0 8 201 199 275 34 32 48 198 276 
201 11075 0.00091552734375000000 -0.01922607421875000000 0 0 1 0 8 204 202 276 200 198 275 199 48 
202 11076 0.00152587890625000000 -0.01861572265625000000 0 0 1 0 8 203 197 205 199 193 201 196 204 
203 11077 0.00213623046875000000 -0.01861572265625000000 0 0 1 0 8 214 208 216 202 196 204 197 205 
204 11078 0.00152587890625000000 -0.01922607421875000000 0 0 1 0 8 205 203 276 201 199 275 202 279 
205 11079 0.00213623046875000000 -0.01922607421875000000 0 0 1 0 8 216 214 279 204 202 276 203 275 
206 11080 0.00274658203125000000 -0.01739501953125000000 0 0 1 0 8 207 185 209 195 173 197 184 208 
207 11081 0.00335693359375000000 -0.01739501953125000000 0 0 1 0 8 210 188 212 206 184 208 185 209 
208 11082 0.00274658203125000000 -0.01800537109375000000 0 0 1 0 8 209 207 215 197 195 203 206 214 
209 11083 0.00335693359375000000 -0.01800537109375000000 0 0 1 0 8 212 210 218 208 206 214 207 215 
210 11084 0.00396728515625000000 -0.01739501953125000000 0 0 1 0 8 211 189 213 207 185 209 188 212 
211 11085 0.00457763671875000000 -0.01739501953125000000 0 0 1 0 8 241 232 243 210 188 212 189 213 
212 11086 0.00396728515625000000 -0.01800537109375000000 0 0 1 0 8 213 211 219 209 207 215 210 218 
213 11087 0.00457763671875000000 -0.01800537109375000000 0 0 1 0 8 243 241 249 212 210 218 211 219 
214 11088 0.00274658203125000000 -0.01861572265625000000 0 0 1 0 8 215 209 217 203 197 205 208 216 
215 11089 0.00335693359375000000 -0.01861572265625000000 0 0 1 0 8 218 212 220 214 208 216 209 217 
216 11090 0.00274658203125000000 -0.01922607421875000000 0 0 1 0 8 217 215 279 205 203 276 214 280 
217 11091 0.00335693359375000000 -0.01922607421875000000 0 0 1 0 8 220 218 280 216 214 279 215 276 
218 11092 0.00396728515625000000 -0.01861572265625000000 0 0 1 0 8 219 213 221 215 209 217 212 220 
219 11093 0.00457763671875000000 -0.01861572265625000000 0 0 1 0 8 249 243 251 218 212 220 213 221 
220 11094 0.00396728515625000000 -0.01922607421875000000 0 0 1 0 8 221 219 280 217 215 279 218 291 
221 11095 0.00457763671875000000 -0.01922607421875000000 0 0 1 0 8 251 249 291 220 218 280 219 279 
222 11096 0.00518798828125000000 -0.01495361328125000000 0 0 1 0 9 223 154 225 179 137 181 151 150 224 
223 11097 0.00579833984375000000 -0.01495361328125000000 0 0 1 0 9 226 157 228 222 151 224 155 154 225 
224 11098 0.00518798828125000000 -0.01556396484375000000 0 0 1 0 8 225 223 231 181 179 187 222 230 
225 11099 0.00579833984375000000 -0.01556396484375000000 0 0 1 0 8 228 226 234 224 222 230 223 231 
226 11100 0.00640869140625000000 -0.01495361328125000000 0 0 1 0 8 227 8 229 223 155 225 157 228 
227 11101 0.00701904296875000000 -0.01495361328125000000 0 0 1 0 7 238 239 226 157 228 8 229 
228 11102 0.00640869140625000000 -0.01556396484375000000 0 0 1 0 8 229 227 235 225 223 231 226 234 
229 11103 0.00701904296875000000 -0.01556396484375000000 0 0 1 0 7 238 239 228 226 234 227 235 
230 11104 0.00518798828125000000 -0.01617431640625000000 0 0 1 0 8 231 225 233 187 181 189 224 232 
231 11105 0.00579833984375000000 -0.01617431640625000000 0 0 1 0 8 234 228 236 230 224 232 225 233 
232 11106 0.00518798828125000000 -0.01678466796875000000 0 0 1 0 8 233 231 242 189 187 211 230 241 
233 11107 0.00579833984375000000 -0.01678466796875000000 0 0 1 0 8 236 234 245 232 230 241 231 242 
234 11108 0.00640869140625000000 -0.01617431640625000000 0 0 1 0 8 235 229 237 231 225 233 228 236 
235 11109 0.00701904296875000000 -0.01617431640625000000 0 0 1 0 7 239 238 234 228 236 229 237 
236 11110 0.00640869140625000000 -0.01678466796875000000 0 0 1 0 8 237 235 246 233 231 242 234 245 
237 11111 0.00701904296875000000 -0.01678466796875000000 0 0 1 0 8 239 238 236 234 245 235 246 257 
238 11112 0.00793457031250000000 -0.01525878906250000000 0 0 1 0 9 235 8 239 237 229 240 7 226 227 
239 11113 0.00793457031250000000 -0.01647949218750000000 0 0 1 0 12 240 7 261 235 229 237 246 238 257 248 258 263 
240 11114 0.00915527343750000000 -0.01647949218750000000 0 0 1 0 8 6 239 238 258 7 261 260 262 
241 11115 0.00518798828125000000 -0.01739501953125000000 0 0 1 0 8 242 233 244 211 189 213 232 243 
242 11116 0.00579833984375000000 -0.01739501953125000000 0 0 1 0 8 245 236 247 241 232 243 233 244 
243 11117 0.00518798828125000000 -0.01800537109375000000 0 0 1 0 8 244 242 250 213 211 219 241 249 
244 11118 0.00579833984375000000 -0.01800537109375000000 0 0 1 0 8 247 245 253 243 241 249 242 250 
245 11119 0.00640869140625000000 -0.01739501953125000000 0 0 1 0 8 246 237 248 242 233 244 236 247 
246 11120 0.00701904296875000000 -0.01739501953125000000 0 0 1 0 8 257 239 259 245 236 247 237 248 
247 11121 0.00640869140625000000 -0.01800537109375000000 0 0 1 0 8 248 246 254 244 242 250 245 253 
248 11122 0.00701904296875000000 -0.01800537109375000000 0 0 1 0 8 259 257 265 247 245 253 246 254 
249 11123 0.00518798828125000000 -0.01861572265625000000 0 0 1 0 8 250 244 252 219 213 221 243 251 
250 11124 0.00579833984375000000 -0.01861572265625000000 0 0 1 0 8 253 247 255 249 243 251 244 252 
251 11125 0.00518798828125000000 -0.01922607421875000000 0 0 1 0 8 252 250 291 221 219 280 249 292 
252 11126 0.00579833984375000000 -0.01922607421875000000 0 0 1 0 8 255 253 292 251 249 291 250 280 
253 11127 0.00640869140625000000 -0.01861572265625000000 0 0 1 0 8 254 248 256 250 244 252 247 255 
254 11128 0.00701904296875000000 -0.01861572265625000000 0 0 1 0 8 265 259 267 253 247 255 248 256 
255 11129 0.00640869140625000000 -0.01922607421875000000 0 0 1 0 8 256 254 292 252 250 291 253 295 
256 11130 0.00701904296875000000 -0.01922607421875000000 0 0 1 0 8 267 265 295 255 253 292 254 291 
257 11131 0.00762939453125000000 -0.01739501953125000000 0 0 1 0 8 258 239 260 246 237 248 240 259 
258 11132 0.00823974609375000000 -0.01739501953125000000 0 0 1 0 7 261 240 263 257 239 259 260 
259 11133 0.00762939453125000000 -0.01800537109375000000 0 0 1 0 8 260 258 266 248 246 254 257 265 
260 11134 0.00823974609375000000 -0.01800537109375000000 0 0 1 0 8 263 261 269 259 257 265 258 266 
261 11135 0.00885009765625000000 -0.01739501953125000000 0 0 1 0 7 262 240 264 258 239 260 263 
262 11136 0.00946044921875000000 -0.01739501953125000000 0 0 1 0 7 6 273 261 240 263 239 264 
263 11137 0.00885009765625000000 -0.01800537109375000000 0 0 1 0 8 264 262 270 260 258 266 261 269 
264 11138 0.00946044921875000000 -0.01800537109375000000 0 0 1 0 7 6 273 263 261 269 262 270 
265 11139 0.00762939453125000000 -0.01861572265625000000 0 0 1 0 8 266 260 268 254 248 256 259 267 
266 11140 0.00823974609375000000 -0.01861572265625000000 0 0 1 0 8 269 263 271 265 259 267 260 268 
267 11141 0.00762939453125000000 -0.01922607421875000000 0 0 1 0 8 268 266 295 256 254 292 265 296 
268 11142 0.00823974609375000000 -0.01922607421875000000 0 0 1 0 8 271 269 296 267 265 295 266 292 
269 11143 0.00885009765625000000 -0.01861572265625000000 0 0 1 0 8 270 264 272 266 260 268 263 271 
270 11144 0.00946044921875000000 -0.01861572265625000000 0 0 1 0 8 273 6 339 269 263 271 264 272 
271 11145 0.00885009765625000000 -0.01922607421875000000 0 0 1 0 8 272 270 296 268 266 295 269 339 
272 11146 0.00946044921875000000 -0.01922607421875000000 0 0 1 0 8 273 6 339 271 269 296 270 295 
273 11147 0.01037597656250000000 -0.01892089843750000000 0 0 1 0 8 274 340 270 264 272 296 6 339 
274 11148 0.01159667968750000000 -0.01892089843750000000 0 0 1 0 6 5 273 6 339 340 343 
275 11149 0.00061035156250000000 -0.02014160156250000000 0 0 1 0 9 276 204 278 48 34 50 201 200 277 
276 11150 0.00183105468750000000 -0.02014160156250000000 0 0 1 0 9 279 216 281 275 201 277 205 204 278 
277 11151 0.00061035156250000000 -0.02136230468750000000 0 0 1 0 8 278 276 284 50 48 56 275 283 
278 11152 0.00183105468750000000 -0.02136230468750000000 0 0 1 0 8 281 279 287 277 275 283 276 284 
279 11153 0.00305175781250000000 -0.02014160156250000000 0 0 1 0 9 280 220 282 276 205 278 217 216 281 
280 11154 0.00427246093750000000 -0.02014160156250000000 0 0 1 0 9 291 251 293 279 217 281 221 220 282 
281 11155 0.00305175781250000000 -0.02136230468750000000 0 0 1 0 8 282 280 288 278 276 284 279 287 
282 11156 0.00427246093750000000 -0.02136230468750000000 0 0 1 0 8 293 291 299 281 279 287 280 288 
283 11157 0.00061035156250000000 -0.02258300781250000000 0 0 1 0 8 284 278 286 56 50 58 277 285 
284 11158 0.00183105468750000000 -0.02258300781250000000 0 0 1 0 8 287 281 289 283 277 285 278 286 
285 11159 0.00061035156250000000 -0.02380371093750000000 0 0 1 0 8 286 284 308 58 56 72 283 307 
286 11160 0.00183105468750000000 -0.02380371093750000000 0 0 1 0 8 289 287 311 285 283 307 284 308 
287 11161 0.00305175781250000000 -0.02258300781250000000 0 0 1 0 8 288 282 290 284 278 286 281 289 
288 11162 0.00427246093750000000 -0.02258300781250000000 0 0 1 0 8 299 293 301 287 281 289 282 290 
289 11163 0.00305175781250000000 -0.02380371093750000000 0 0 1 0 8 290 288 312 286 284 308 287 311 
290 11164 0.00427246093750000000 -0.02380371093750000000 0 0 1 0 8 301 299 323 289 287 311 288 312 
291 11165 0.00549316406250000000 -0.02014160156250000000 0 0 1 0 9 292 255 294 280 221 282 252 251 293 
292 11166 0.00671386718750000000 -0.02014160156250000000 0 0 1 0 9 295 267 297 291 252 293 256 255 294 
293 11167 0.00549316406250000000 -0.02136230468750000000 0 0 1 0 8 294 292 300 282 280 288 291 299 
294 11168 0.00671386718750000000 -0.02136230468750000000 0 0 1 0 8 297 295 303 293 291 299 292 300 
295 11169 0.00793457031250000000 -0.02014160156250000000 0 0 1 0 9 296 271 298 292 256 294 268 267 297 
296 11170 0.00915527343750000000 -0.02014160156250000000 0 0 1 0 9 339 273 341 295 268 297 272 271 298 
297 11171 0.00793457031250000000 -0.02136230468750000000 0 0 1 0 8 298 296 304 294 292 300 295 303 
298 11172 0.00915527343750000000 -0.02136230468750000000 0 0 1 0 8 341 339 347 297 295 303 296 304 
299 11173 0.00549316406250000000 -0.02258300781250000000 0 0 1 0 8 300 294 302 288 282 290 293 301 
300 11174 0.00671386718750000000 -0.02258300781250000000 0 0 1 0 8 303 297 305 299 293 301 294 302 
301 11175 0.00549316406250000000 -0.02380371093750000000 0 0 1 0 8 302 300 324 290 288 312 299 323 
302 11176 0.00671386718750000000 -0.02380371093750000000 0 0 1 0 8 305 303 327 301 299 323 300 324 
303 11177 0.00793457031250000000 -0.02258300781250000000 0 0 1 0 8 304 298 306 300 294 302 297 305 
304 11178 0.00915527343750000000 -0.02258300781250000000 0 0 1 0 8 347 341 349 303 297 305 298 306 
305 11179 0.00793457031250000000 -0.02380371093750000000 0 0 1 0 8 306 304 328 302 300 324 303 327 
306 11180 0.00915527343750000000 -0.02380371093750000000 0 0 1 0 8 349 347 374 305 303 327 304 328 
307 11181 0.00061035156250000000 -0.02502441406250000000 0 0 1 0 8 308 286 310 72 58 74 285 309 
308 11182 0.00183105468750000000 -0.02502441406250000000 0 0 1 0 8 311 289 313 307 285 309 286 310 
309 11183 0.00061035156250000000 -0.02624511718750000000 0 0 1 0 8 310 308 316 74 72 80 307 315 
310 11184 0.00183105468750000000 -0.02624511718750000000 0 0 1 0 8 313 311 319 309 307 315 308 316 
311 11185 0.00305175781250000000 -0.02502441406250000000 0 0 1 0 8 312 290 314 308 286 310 289 313 
312 11186 0.00427246093750000000 -0.02502441406250000000 0 0 1 0 8 323 301 325 311 289 313 290 314 
313 11187 0.00305175781250000000 -0.02624511718750000000 0 0 1 0 8 314 312 320 310 308 316 311 319 
314 11188 0.00427246093750000000 -0.02624511718750000000 0 0 1 0 8 325 323 331 313 311 319 312 320 
315 11189 0.00061035156250000000 -0.02746582031250000000 0 0 1 0 8 316 310 318 80 74 82 309 317 
316 11190 0.00183105468750000000 -0.02746582031250000000 0 0 1 0 8 319 313 321 315 309 317 310 318 
317 11191 0.00061035156250000000 -0.02868652343750000000 0 0 1 0 8 318 316 406 82 80 84 315 407 
318 11192 0.00183105468750000000 -0.02868652343750000000 0 0 1 0 8 321 319 407 317 315 406 316 84 
319 11193 0.00305175781250000000 -0.02746582031250000000 0 0 1 0 8 320 314 322 316 310 318 313 321 
320 11194 0.00427246093750000000 -0.02746582031250000000 0 0 1 0 8 331 325 333 319 313 321 314 322 
321 11195 0.00305175781250000000 -0.02868652343750000000 0 0 1 0 8 322 320 407 318 316 406 319 410 
322 11196 0.00427246093750000000 -0.02868652343750000000 0 0 1 0 8 333 331 410 321 319 407 320 406 
323 11197 0.00549316406250000000 -0.02502441406250000000 0 0 1 0 8 324 302 326 312 290 314 301 325 
324 11198 0.00671386718750000000 -0.02502441406250000000 0 0 1 0 8 327 305 329 323 301 325 302 326 
325 11199 0.00549316406250000000 -0.02624511718750000000 0 0 1 0 8 326 324 332 314 312 320 323 331 
326 11200 0.00671386718750000000 -0.02624511718750000000 0 0 1 0 8 329 327 335 325 323 331 324 332 
327 11201 0.00793457031250000000 -0.02502441406250000000 0 0 1 0 8 328 306 330 324 302 326 305 329 
328 11202 0.00915527343750000000 -0.02502441406250000000 0 0 1 0 8 374 349 376 327 305 329 306 330 
329 11203 0.00793457031250000000 -0.02624511718750000000 0 0 1 0 8 330 328 336 326 324 332 327 335 
330 11204 0.00915527343750000000 -0.02624511718750000000 0 0 1 0 8 376 374 382 329 327 335 328 336 
331 11205 0.00549316406250000000 -0.02746582031250000000 0 0 1 0 8 332 326 334 320 314 322 325 333 
332 11206 0.00671386718750000000 -0.02746582031250000000 0 0 1 0 8 335 329 337 331 325 333 326 334 
333 11207 0.00549316406250000000 -0.02868652343750000000 0 0 1 0 8 334 332 410 322 320 407 331 411 
334 11208 0.00671386718750000000 -0.02868652343750000000 0 0 1 0 8 337 335 411 333 331 410 332 407 
335 11209 0.00793457031250000000 -0.02746582031250000000 0 0 1 0 8 336 330 338 332 326 334 329 337 
336 11210 0.00915527343750000000 -0.02746582031250000000 0 0 1 0 8 382 376 384 335 329 337 330 338 
337 11211 0.00793457031250000000 -0.02868652343750000000 0 0 1 0 8 338 336 411 334 332 410 335 414 
338 11212 0.00915527343750000000 -0.02868652343750000000 0 0 1 0 8 384 382 414 337 335 411 336 410 
339 11213 0.01037597656250000000 -0.02014160156250000000 0 0 1 0 8 340 274 342 296 272 298 273 341 
340 11214 0.01159667968750000000 -0.02014160156250000000 0 0 1 0 8 343 5 345 339 273 341 274 342 
341 11215 0.01037597656250000000 -0.02136230468750000000 0 0 1 0 8 342 340 348 298 296 304 339 347 
342 11216 0.01159667968750000000 -0.02136230468750000000 0 0 1 0 8 345 343 351 341 339 347 340 348 
343 11217 0.01281738281250000000 -0.02014160156250000000 0 0 1 0 7 344 5 346 340 274 342 345 
344 11218 0.01403808593750000000 -0.02014160156250000000 0 0 1 0 6 4 355 343 5 345 346 
345 11219 0.01281738281250000000 -0.02136230468750000000 0 0 1 0 8 346 344 352 342 340 348 343 351 
346 11220 0.01403808593750000000 -0.02136230468750000000 0 0 1 0 9 355 4 356 345 343 351 344 352 358 
347 11221 0.01037597656250000000 -0.02258300781250000000 0 0 1 0 8 348 342 350 304 298 306 341 349 
348 11222 0.01159667968750000000 -0.02258300781250000000 0 0 1 0 8 351 345 353 347 341 349 342 350 
349 11223 0.01037597656250000000 -0.02380371093750000000 0 0 1 0 8 350 348 375 306 304 328 347 374 
350 11224 0.01159667968750000000 -0.02380371093750000000 0 0 1 0 8 353 351 378 349 347 374 348 375 
351 11225 0.01281738281250000000 -0.02258300781250000000 0 0 1 0 8 352 346 354 348 342 350 345 353 
352 11226 0.01403808593750000000 -0.02258300781250000000 0 0 1 0 10 356 355 358 364 351 345 353 346 354 366 
353 11227 0.01281738281250000000 -0.02380371093750000000 0 0 1 0 8 354 352 379 350 348 375 351 378 
354 11228 0.01403808593750000000 -0.02380371093750000000 0 0 1 0 9 364 358 366 390 353 351 378 352 379 
355 11229 0.01525878906250000000 -0.02136230468750000000 0 0 1 0 9 3 356 344 360 362 352 4 357 346 
356 11230 0.01495361328125000000 -0.02227783203125000000 0 0 1 0 7 357 355 359 352 346 354 358 
357 11231 0.01556396484375000000 -0.02227783203125000000 0 0 1 0 7 360 362 356 355 358 346 359 
358 11232 0.01495361328125000000 -0.02288818359375000000 0 0 1 0 8 359 357 365 352 346 354 356 364 
359 11233 0.01556396484375000000 -0.02288818359375000000 0 0 1 0 8 362 360 368 358 356 364 357 365 
360 11234 0.01617431640625000000 -0.02227783203125000000 0 0 1 0 6 361 363 357 355 359 362 
361 11235 0.01678466796875000000 -0.02227783203125000000 0 0 1 0 6 3 372 360 362 355 363 
362 11236 0.01617431640625000000 -0.02288818359375000000 0 0 1 0 8 363 361 369 359 357 365 360 368 
363 11237 0.01678466796875000000 -0.02288818359375000000 0 0 1 0 7 3 372 362 360 368 361 369 
364 11238 0.01495361328125000000 -0.02349853515625000000 0 0 1 0 8 365 359 367 354 352 379 358 366 
365 11239 0.01556396484375000000 -0.02349853515625000000 0 0 1 0 8 368 362 370 364 358 366 359 367 
366 11240 0.01495361328125000000 -0.02410888671875000000 0 0 1 0 8 367 365 390 354 352 379 364 391 
367 11241 0.01556396484375000000 -0.02410888671875000000 0 0 1 0 8 370 368 391 366 364 390 365 379 
368 11242 0.01617431640625000000 -0.02349853515625000000 0 0 1 0 8 369 363 371 365 359 367 362 370 
369 11243 0.01678466796875000000 -0.02349853515625000000 0 0 1 0 8 372 3 394 368 362 370 363 371 
370 11244 0.01617431640625000000 -0.02410888671875000000 0 0 1 0 8 371 369 391 367 365 390 368 394 
371 11245 0.01678466796875000000 -0.02410888671875000000 0 0 1 0 8 372 3 394 370 368 391 369 390 
372 11246 0.01770019531250000000 -0.02380371093750000000 0 0 1 0 8 373 395 369 363 371 391 3 394 
373 11247 0.01892089843750000000 -0.02380371093750000000 0 0 1 0 6 2 372 3 394 395 419 
374 11248 0.01037597656250000000 -0.02502441406250000000 0 0 1 0 8 375 350 377 328 306 330 349 376 
375 11249 0.01159667968750000000 -0.02502441406250000000 0 0 1 0 8 378 353 380 374 349 376 350 377 
376 11250 0.01037597656250000000 -0.02624511718750000000 0 0 1 0 8 377 375 383 330 328 336 374 382 
377 11251 0.01159667968750000000 -0.02624511718750000000 0 0 1 0 8 380 378 386 376 374 382 375 383 
378 11252 0.01281738281250000000 -0.02502441406250000000 0 0 1 0 8 379 354 381 375 350 377 353 380 
379 11253 0.01403808593750000000 -0.02502441406250000000 0 0 1 0 8 390 366 392 378 353 380 354 381 
380 11254 0.01281738281250000000 -0.02624511718750000000 0 0 1 0 8 381 379 387 377 375 383 378 386 
381 11255 0.01403808593750000000 -0.02624511718750000000 0 0 1 0 8 392 390 398 380 378 386 379 387 
382 11256 0.01037597656250000000 -0.02746582031250000000 0 0 1 0 8 383 377 385 336 330 338 376 384 
383 11257 0.01159667968750000000 -0.02746582031250000000 0 0 1 0 8 386 380 388 382 376 384 377 385 
384 11258 0.01037597656250000000 -0.02868652343750000000 0 0 1 0 8 385 383 414 338 336 411 382 415 
385 11259 0.01159667968750000000 -0.02868652343750000000 0 0 1 0 8 388 386 415 384 382 414 383 411 
386 11260 0.01281738281250000000 -0.02746582031250000000 0 0 1 0 8 387 381 389 383 377 385 380 388 
387 11261 0.01403808593750000000 -0.02746582031250000000 0 0 1 0 8 398 392 400 386 380 388 381 389 
388 11262 0.01281738281250000000 -0.02868652343750000000 0 0 1 0 8 389 387 415 385 383 414 386 418 
389 11263 0.01403808593750000000 -0.02868652343750000000 0 0 1 0 8 400 398 418 388 386 415 387 414 
390 11264 0.01525878906250000000 -0.02502441406250000000 0 0 1 0 9 391 370 393 379 354 381 367 366 392 
391 11265 0.01647949218750000000 -0.02502441406250000000 0 0 1 0 9 394 372 396 390 367 392 371 370 393 
392 11266 0.01525878906250000000 -0.02624511718750000000 0 0 1 0 8 393 391 399 381 379 387 390 398 
393 11267 0.01647949218750000000 -0.02624511718750000000 0 0 1 0 8 396 394 402 392 390 398 391 399 
394 11268 0.01770019531250000000 -0.02502441406250000000 0 0 1 0 8 395 373 397 391 371 393 372 396 
395 11269 0.01892089843750000000 -0.02502441406250000000 0 0 1 0 8 419 2 421 394 372 396 373 397 
396 11270 0.01770019531250000000 -0.02624511718750000000 0 0 1 0 8 397 395 403 393 391 399 394 402 
397 11271 0.01892089843750000000 -0.02624511718750000000 0 0 1 0 8 421 419 423 396 394 402 395 403 
398 11272 0.01525878906250000000 -0.02746582031250000000 0 0 1 0 8 399 393 401 387 381 389 392 400 
399 11273 0.01647949218750000000 -0.02746582031250000000 0 0 1 0 8 402 396 404 398 392 400 393 401 
400 11274 0.01525878906250000000 -0.02868652343750000000 0 0 1 0 8 401 399 418 389 387 415 398 463 
401 11275 0.01647949218750000000 -0.02868652343750000000 0 0 1 0 8 404 402 463 400 398 418 399 415 
402 11276 0.01770019531250000000 -0.02746582031250000000 0 0 1 0 8 403 397 405 399 393 401 396 404 
403 11277 0.01892089843750000000 -0.02746582031250000000 0 0 1 0 8 423 421 472 402 396 404 397 405 
404 11278 0.01770019531250000000 -0.02868652343750000000 0 0 1 0 7 405 403 463 401 399 418 402 
405 11279 0.01892089843750000000 -0.02868652343750000000 0 0 1 0 8 472 423 475 404 402 463 403 418 
406 11280 0.00122070312500000000 -0.03051757812500000000 0 0 1 0 9 407 321 409 84 82 456 318 317 408 
407 11281 0.00366210937500000000 -0.03051757812500000000 0 0 1 0 9 410 333 412 406 318 408 322 321 409 
408 11282 0.00122070312500000000 -0.03295898437500000000 0 0 1 0 8 409 407 460 456 84 457 406 459 
409 11283 0.00366210937500000000 -0.03295898437500000000 0 0 1 0 8 412 410 461 408 406 459 407 460 
410 11284 0.00610351562500000000 -0.03051757812500000000 0 0 1 0 9 411 337 413 407 322 409 334 333 412 
411 11285 0.00854492187500000000 -0.03051757812500000000 0 0 1 0 9 414 384 416 410 334 412 338 337 413 
412 11286 0.00610351562500000000 -0.03295898437500000000 0 0 1 0 8 413 411 462 409 407 460 410 461 
413 11287 0.00854492187500000000 -0.03295898437500000000 0 0 1 0 8 416 414 466 412 410 461 411 462 
414 11288 0.01098632812500000000 -0.03051757812500000000 0 0 1 0 9 415 388 417 411 338 413 385 384 416 
415 11289 0.01342773437500000000 -0.03051757812500000000 0 0 1 0 9 418 400 464 414 385 416 389 388 417 
416 11290 0.01098632812500000000 -0.03295898437500000000 0 0 1 0 8 417 415 467 413 411 462 414 466 
417 11291 0.01342773437500000000 -0.03295898437500000000 0 0 1 0 8 464 418 468 416 414 466 415 467 
418 11292 0.01586914062500000000 -0.03051757812500000000 0 0 1 0 9 463 404 465 415 389 417 401 400 464 
419 11293 0.02014160156250000000 -0.02502441406250000000 0 0 1 0 7 420 2 422 395 373 397 421 
420 11294 0.02136230468750000000 -0.02502441406250000000 0 0 1 0 6 1 469 419 2 421 422 
421 11295 0.02014160156250000000 -0.02624511718750000000 0 0 1 0 8 422 420 471 397 395 403 419 423 
422 11296 0.02136230468750000000 -0.02624511718750000000 0 0 1 0 8 469 1 474 421 419 423 420 471 
423 11297 0.02014160156250000000 -0.02746582031250000000 0 0 1 0 8 471 422 473 403 397 405 421 472 
