444 16660 -0.35156250000000000000 0.11718750000000000000 
445 16661 -0.42968750000000000000 0.03906250000000000000 
446 16662 -0.35156250000000000000 0.03906250000000000000 
447 16735 -0.29296875000000000000 0.05859375000000000000 
448 16736 -0.25390625000000000000 0.05859375000000000000 
449 16737 -0.21484375000000000000 0.05859375000000000000 
450 12598 -0.17578125000000000000 0.05859375000000000000 
451 12599 -0.17578125000000000000 0.01953125000000000000 
452 12689 -0.14648437500000000000 0.00976562500000000000 
453 16907 -0.70312500000000000000 -0.07812500000000000000 
454 16909 -0.70312500000000000000 -0.23437500000000000000 
455 13446 -0.70312500000000000000 -0.39062500000000000000 
456 13447 -0.70312500000000000000 -0.54687500000000000000 
457 16911 -0.50781250000000000000 -0.03906250000000000000 
458 16912 -0.58593750000000000000 -0.11718750000000000000 
459 16913 -0.50781250000000000000 -0.11718750000000000000 
460 16914 -0.42968750000000000000 -0.03906250000000000000 
461 16915 -0.58593750000000000000 -0.19531250000000000000 
462 12988 -0.14648437500000000000 -0.00976562500000000000 
463 12990 -0.14648437500000000000 -0.02929687500000000000 
464 12991 -0.12695312500000000000 -0.02929687500000000000 
465 12994 -0.10742187500000000000 -0.02929687500000000000 
466 9144 -0.10742187500000000000 -0.04882812500000000000 
467 9146 -0.10742187500000000000 -0.06835937500000000000 
468 9147 -0.08789062500000000000 -0.06835937500000000000 
469 9278 -0.08789062500000000000 -0.08789062500000000000 
470 9279 -0.08789062500000000000 -0.10742187500000000000 
471 9280 -0.08789062500000000000 -0.12695312500000000000 
472 9315 -0.07324218750000000000 -0.13183593750000000000 
473 9321 -0.07324218750000000000 -0.14160156250000000000 
474 9323 -0.07324218750000000000 -0.15136718750000000000 
475 9324 -0.06347656250000000000 -0.15136718750000000000 
476 9327 -0.05371093750000000000 -0.15136718750000000000 
477 9345 -0.04882812500000000000 -0.16601562500000000000 
478 9346 -0.02929687500000000000 -0.16601562500000000000 
479 9347 -0.00976562500000000000 -0.16601562500000000000 
480 13448 -0.58593750000000000000 -0.42968750000000000000 
481 13449 -0.58593750000000000000 -0.50781250000000000000 
482 13450 -0.50781250000000000000 -0.50781250000000000000 
483 13452 -0.50781250000000000000 -0.58593750000000000000 
484 13453 -0.42968750000000000000 -0.58593750000000000000 
485 13462 -0.42968750000000000000 -0.66406250000000000000 
486 13463 -0.35156250000000000000 -0.66406250000000000000 
487 13465 -0.35156250000000000000 -0.74218750000000000000 
488 13474 -0.27343750000000000000 -0.74218750000000000000 
489 13475 -0.19531250000000000000 -0.74218750000000000000 
490 13476 -0.11718750000000000000 -0.74218750000000000000 
491 13477 -0.03906250000000000000 -0.74218750000000000000 
492 9585 0.00976562500000000000 -0.16601562500000000000 
493 9586 0.02929687500000000000 -0.16601562500000000000 
494 9587 0.04882812500000000000 -0.16601562500000000000 
495 9588 0.06835937500000000000 -0.16601562500000000000 
496 10867 0.08789062500000000000 -0.16601562500000000000 
497 10868 0.10742187500000000000 -0.16601562500000000000 
498 10869 0.12695312500000000000 -0.16601562500000000000 
499 10870 0.14648437500000000000 -0.16601562500000000000 
500 10871 0.16601562500000000000 -0.16601562500000000000 
501 10872 0.18554687500000000000 -0.16601562500000000000 
502 10873 0.20507812500000000000 -0.16601562500000000000 
503 10874 0.22460937500000000000 -0.16601562500000000000 
504 9925 0.24414062500000000000 -0.16601562500000000000 
505 9926 0.26367187500000000000 -0.16601562500000000000 
506 9927 0.28320312500000000000 -0.16601562500000000000 
507 13897 0.30273437500000000000 -0.16601562500000000000 
508 14274 0.32226562500000000000 -0.16601562500000000000 
509 14275 0.34179687500000000000 -0.16601562500000000000 
510 14276 0.34179687500000000000 -0.18554687500000000000 
511 14279 0.36132812500000000000 -0.18554687500000000000 
512 14281 0.36132812500000000000 -0.20507812500000000000 
513 14282 0.38085937500000000000 -0.20507812500000000000 
514 14283 0.38085937500000000000 -0.22460937500000000000 
515 14294 0.40039062500000000000 -0.22460937500000000000 
516 14300 0.40039062500000000000 -0.24414062500000000000 
517 14301 0.41992187500000000000 -0.24414062500000000000 
518 14302 0.41992187500000000000 -0.26367187500000000000 
519 14756 0.43945312500000000000 -0.26367187500000000000 
520 14758 0.43945312500000000000 -0.28320312500000000000 
521 14759 0.45898437500000000000 -0.28320312500000000000 
522 14760 0.45898437500000000000 -0.30273437500000000000 
523 14797 0.47851562500000000000 -0.30273437500000000000 
524 14819 0.48828125000000000000 -0.33203125000000000000 
525 14821 0.48828125000000000000 -0.37109375000000000000 
526 14827 0.48828125000000000000 -0.41015625000000000000 
527 14829 0.48828125000000000000 -0.44921875000000000000 
528 14835 0.48828125000000000000 -0.48828125000000000000 
529 14837 0.48828125000000000000 -0.52734375000000000000 
530 14843 0.48828125000000000000 -0.56640625000000000000 
531 14845 0.48828125000000000000 -0.60546875000000000000 
532 13577 0.03906250000000000000 -0.74218750000000000000 
533 13578 0.11718750000000000000 -0.74218750000000000000 
534 13579 0.19531250000000000000 -0.74218750000000000000 
535 13580 0.27343750000000000000 -0.74218750000000000000 
536 13589 0.35156250000000000000 -0.74218750000000000000 
537 13590 0.42968750000000000000 -0.74218750000000000000 
538 15156 0.50781250000000000000 -0.66406250000000000000 
539 13591 0.50781250000000000000 -0.74218750000000000000 
