443 6109 0.86125247000000004771 -0.01811345500000000053 
444 4780 0.77088153000000003701 -0.02840733800000000073 
445 4976 0.77270507812500000000 -0.03051757812500000000 
446 4977 0.77270507812500000000 -0.03295898437500000000 
447 4978 0.77270507812500000000 -0.03540039062500000000 
448 4979 0.77270507812500000000 -0.03784179687500000000 
449 5061 0.76904296875000000000 -0.04150390625000000000 
450 5064 0.77392578125000000000 -0.04150390625000000000 
451 5065 0.77392578125000000000 -0.04638671875000000000 
452 5070 0.77392578125000000000 -0.05126953125000000000 
453 5071 0.77392578125000000000 -0.05615234375000000000 
454 5092 0.77392578125000000000 -0.06103515625000000000 
455 5093 0.77392578125000000000 -0.06591796875000000000 
456 5098 0.77392578125000000000 -0.07080078125000000000 
457 5099 0.77880859375000000000 -0.07080078125000000000 
458 5101 0.77880859375000000000 -0.07568359375000000000 
459 5141 0.77636718750000000000 -0.08300781250000000000 
460 5183 0.78369140625000000000 -0.07568359375000000000 
461 6118 0.86059570312500000000 -0.02075195312500000000 
462 6120 0.86059570312500000000 -0.02319335937500000000 
463 6126 0.86059570312500000000 -0.02563476562500000000 
464 6128 0.86059570312500000000 -0.02807617187500000000 
465 6150 0.86059570312500000000 -0.03051757812500000000 
466 6152 0.86059570312500000000 -0.03295898437500000000 
467 6158 0.86059570312500000000 -0.03540039062500000000 
468 6160 0.86059570312500000000 -0.03784179687500000000 
469 6423 0.86181640625000000000 -0.04150390625000000000 
470 6424 0.86669921875000000000 -0.04150390625000000000 
471 6425 0.86669921875000000000 -0.04638671875000000000 
472 6430 0.86669921875000000000 -0.05126953125000000000 
473 6431 0.86669921875000000000 -0.05615234375000000000 
474 6452 0.86669921875000000000 -0.06103515625000000000 
475 6453 0.87158203125000000000 -0.06103515625000000000 
476 6455 0.87158203125000000000 -0.06591796875000000000 
477 6456 0.87646484375000000000 -0.06591796875000000000 
478 6457 0.87646484375000000000 -0.07080078125000000000 
479 6466 0.88134765625000000000 -0.07080078125000000000 
480 6468 0.88134765625000000000 -0.07568359375000000000 
481 6469 0.88623046875000000000 -0.07568359375000000000 
482 6472 0.89111328125000000000 -0.07568359375000000000 
483 5184 0.78613281250000000000 -0.08300781250000000000 
484 5185 0.78613281250000000000 -0.09277343750000000000 
485 5186 0.79589843750000000000 -0.09277343750000000000 
486 5188 0.79589843750000000000 -0.10253906250000000000 
487 5191 0.80566406250000000000 -0.10253906250000000000 
488 5192 0.80566406250000000000 -0.11230468750000000000 
489 5193 0.81542968750000000000 -0.11230468750000000000 
490 5199 0.81542968750000000000 -0.12207031250000000000 
491 5210 0.82519531250000000000 -0.12207031250000000000 
492 5211 0.82519531250000000000 -0.13183593750000000000 
493 5212 0.83496093750000000000 -0.13183593750000000000 
494 5750 0.84472656250000000000 -0.13183593750000000000 
495 5751 0.85449218750000000000 -0.13183593750000000000 
496 6516 0.89355468750000000000 -0.08300781250000000000 
497 5756 0.89355468750000000000 -0.09277343750000000000 
498 5757 0.87402343750000000000 -0.11230468750000000000 
499 5758 0.88378906250000000000 -0.10253906250000000000 
500 5759 0.89355468750000000000 -0.10253906250000000000 
501 5760 0.88378906250000000000 -0.11230468750000000000 
502 5777 0.86425781250000000000 -0.12207031250000000000 
503 5778 0.87402343750000000000 -0.12207031250000000000 
504 5779 0.86425781250000000000 -0.13183593750000000000 
