442 13895 0.34828651999999998834 -0.05893094900000000330 
443 10030 0.24157273000000001328 -0.05871852300000000163 
444 10314 0.24169921875000000000 -0.06591796875000000000 
445 10320 0.24291992187500000000 -0.06958007812500000000 
446 10322 0.24291992187500000000 -0.07202148437500000000 
447 10328 0.24291992187500000000 -0.07446289062500000000 
448 10330 0.24291992187500000000 -0.07690429687500000000 
449 10863 0.22949218750000000000 -0.15136718750000000000 
450 10439 0.24169921875000000000 -0.08056640625000000000 
451 10441 0.24169921875000000000 -0.08544921875000000000 
452 10443 0.24169921875000000000 -0.09033203125000000000 
453 10445 0.24169921875000000000 -0.09521484375000000000 
454 10447 0.24169921875000000000 -0.10009765625000000000 
455 10449 0.24169921875000000000 -0.10498046875000000000 
456 10451 0.24169921875000000000 -0.10986328125000000000 
457 10453 0.24169921875000000000 -0.11474609375000000000 
458 10454 0.23925781250000000000 -0.12207031250000000000 
459 10864 0.23925781250000000000 -0.13183593750000000000 
460 10865 0.23925781250000000000 -0.14160156250000000000 
461 10866 0.23925781250000000000 -0.15136718750000000000 
462 13896 0.30761718750000000000 -0.15136718750000000000 
463 10874 0.22460937500000000000 -0.16601562500000000000 
464 13262 0.22460937500000000000 -0.18554687500000000000 
465 13271 0.24414062500000000000 -0.18554687500000000000 
466 13272 0.26367187500000000000 -0.18554687500000000000 
467 13897 0.30273437500000000000 -0.16601562500000000000 
468 13273 0.28320312500000000000 -0.18554687500000000000 
469 13274 0.30273437500000000000 -0.18554687500000000000 
470 13898 0.34423828125000000000 -0.06103515625000000000 
471 13899 0.34423828125000000000 -0.06591796875000000000 
472 13901 0.34301757812500000000 -0.06958007812500000000 
473 13902 0.34545898437500000000 -0.06958007812500000000 
474 13903 0.34545898437500000000 -0.07202148437500000000 
475 13908 0.34545898437500000000 -0.07446289062500000000 
476 13909 0.34545898437500000000 -0.07690429687500000000 
477 14007 0.34423828125000000000 -0.08056640625000000000 
478 14008 0.34912109375000000000 -0.08056640625000000000 
479 14009 0.34423828125000000000 -0.08544921875000000000 
480 14011 0.33935546875000000000 -0.09033203125000000000 
481 14012 0.33935546875000000000 -0.09521484375000000000 
482 14013 0.34423828125000000000 -0.09033203125000000000 
483 14017 0.33935546875000000000 -0.10009765625000000000 
484 14018 0.33447265625000000000 -0.10498046875000000000 
485 14019 0.33935546875000000000 -0.10498046875000000000 
486 14024 0.33447265625000000000 -0.10986328125000000000 
487 14026 0.33447265625000000000 -0.11474609375000000000 
488 14096 0.32714843750000000000 -0.13183593750000000000 
489 14097 0.33691406250000000000 -0.12207031250000000000 
490 14099 0.33691406250000000000 -0.13183593750000000000 
491 14101 0.31738281250000000000 -0.14160156250000000000 
492 14102 0.32714843750000000000 -0.14160156250000000000 
493 14103 0.31738281250000000000 -0.15136718750000000000 
494 14274 0.32226562500000000000 -0.16601562500000000000 
