432 14264 0.54199218750000000000 -0.12207031250000000000 
433 14266 0.54199218750000000000 -0.13183593750000000000 
434 14270 0.52246093750000000000 -0.15136718750000000000 
435 14271 0.53222656250000000000 -0.14160156250000000000 
436 14272 0.54199218750000000000 -0.14160156250000000000 
437 14273 0.53222656250000000000 -0.15136718750000000000 
438 14603 0.62011718750000000000 -0.11230468750000000000 
439 14604 0.55175781250000000000 -0.12207031250000000000 
440 14605 0.56152343750000000000 -0.12207031250000000000 
441 14606 0.57128906250000000000 -0.12207031250000000000 
442 14607 0.58105468750000000000 -0.12207031250000000000 
443 14608 0.59082031250000000000 -0.12207031250000000000 
444 14609 0.60058593750000000000 -0.12207031250000000000 
445 14610 0.61035156250000000000 -0.12207031250000000000 
446 14611 0.62011718750000000000 -0.12207031250000000000 
447 14297 0.45898437500000000000 -0.20507812500000000000 
448 14298 0.43945312500000000000 -0.22460937500000000000 
449 14299 0.45898437500000000000 -0.22460937500000000000 
450 14301 0.41992187500000000000 -0.24414062500000000000 
451 14302 0.41992187500000000000 -0.26367187500000000000 
452 14303 0.43945312500000000000 -0.24414062500000000000 
453 13339 0.41992187500000000000 -0.28320312500000000000 
454 13341 0.41992187500000000000 -0.30273437500000000000 
455 13342 0.43945312500000000000 -0.30273437500000000000 
456 14305 0.49804687500000000000 -0.16601562500000000000 
457 14306 0.47851562500000000000 -0.18554687500000000000 
458 14307 0.49804687500000000000 -0.18554687500000000000 
459 14308 0.51757812500000000000 -0.16601562500000000000 
460 14309 0.47851562500000000000 -0.20507812500000000000 
461 13411 0.41015625000000000000 -0.33203125000000000000 
462 13412 0.44921875000000000000 -0.33203125000000000000 
463 13414 0.44921875000000000000 -0.37109375000000000000 
464 13420 0.44921875000000000000 -0.41015625000000000000 
465 13422 0.44921875000000000000 -0.44921875000000000000 
466 13428 0.44921875000000000000 -0.48828125000000000000 
467 13430 0.44921875000000000000 -0.52734375000000000000 
468 13436 0.44921875000000000000 -0.56640625000000000000 
469 13438 0.44921875000000000000 -0.60546875000000000000 
470 14723 0.64941406250000000000 -0.09277343750000000000 
471 14724 0.65917968750000000000 -0.09277343750000000000 
472 14726 0.63964843750000000000 -0.10253906250000000000 
473 14727 0.62988281250000000000 -0.11230468750000000000 
474 14728 0.63964843750000000000 -0.11230468750000000000 
475 14729 0.64941406250000000000 -0.10253906250000000000 
476 5104 0.66894531250000000000 -0.09277343750000000000 
477 5110 0.66894531250000000000 -0.10253906250000000000 
478 5111 0.67871093750000000000 -0.10253906250000000000 
479 5112 0.67871093750000000000 -0.11230468750000000000 
480 5115 0.68847656250000000000 -0.11230468750000000000 
481 5117 0.68847656250000000000 -0.12207031250000000000 
482 5118 0.69824218750000000000 -0.12207031250000000000 
483 5119 0.69824218750000000000 -0.13183593750000000000 
484 5154 0.70800781250000000000 -0.13183593750000000000 
485 5160 0.70800781250000000000 -0.14160156250000000000 
486 5161 0.71777343750000000000 -0.14160156250000000000 
487 5162 0.71777343750000000000 -0.15136718750000000000 
488 5165 0.72753906250000000000 -0.15136718750000000000 
489 5209 0.81542968750000000000 -0.15136718750000000000 
490 5215 0.82519531250000000000 -0.15136718750000000000 
491 5216 0.83496093750000000000 -0.15136718750000000000 
492 5754 0.84472656250000000000 -0.15136718750000000000 
493 5217 0.73242187500000000000 -0.16601562500000000000 
494 5218 0.75195312500000000000 -0.16601562500000000000 
495 5219 0.77148437500000000000 -0.16601562500000000000 
496 5220 0.79101562500000000000 -0.16601562500000000000 
497 5221 0.81054687500000000000 -0.16601562500000000000 
498 5809 0.84960937500000000000 -0.16601562500000000000 
499 5810 0.86914062500000000000 -0.16601562500000000000 
500 5811 0.88867187500000000000 -0.16601562500000000000 
501 5812 0.90820312500000000000 -0.16601562500000000000 
502 5813 0.92773437500000000000 -0.16601562500000000000 
503 6077 1.01074218750000000000 -0.15136718750000000000 
504 6081 1.04492187500000000000 -0.10742187500000000000 
505 6084 1.06445312500000000000 -0.10742187500000000000 
506 7337 1.08398437500000000000 -0.10742187500000000000 
507 6085 1.02539062500000000000 -0.12695312500000000000 
508 6086 1.04492187500000000000 -0.12695312500000000000 
509 6087 1.02539062500000000000 -0.14648437500000000000 
510 7338 1.08398437500000000000 -0.12695312500000000000 
511 7375 1.10351562500000000000 -0.12695312500000000000 
512 7377 1.10351562500000000000 -0.14648437500000000000 
513 7378 1.12304687500000000000 -0.14648437500000000000 
514 7381 1.14257812500000000000 -0.14648437500000000000 
515 6092 0.94726562500000000000 -0.16601562500000000000 
516 6093 0.96679687500000000000 -0.16601562500000000000 
517 6094 0.98632812500000000000 -0.16601562500000000000 
518 6095 1.00585937500000000000 -0.16601562500000000000 
519 7399 1.15234375000000000000 -0.17578125000000000000 
520 13525 1.15234375000000000000 -0.21484375000000000000 
521 13528 1.15234375000000000000 -0.25390625000000000000 
522 13529 1.15234375000000000000 -0.29296875000000000000 
523 13534 1.07421875000000000000 -0.44921875000000000000 
524 13535 1.15234375000000000000 -0.33203125000000000000 
525 13536 1.11328125000000000000 -0.37109375000000000000 
526 13537 1.15234375000000000000 -0.37109375000000000000 
527 13542 1.11328125000000000000 -0.41015625000000000000 
528 13544 1.11328125000000000000 -0.44921875000000000000 
529 13550 1.03515625000000000000 -0.48828125000000000000 
530 13551 1.07421875000000000000 -0.48828125000000000000 
531 13552 1.03515625000000000000 -0.52734375000000000000 
532 13554 0.99609375000000000000 -0.56640625000000000000 
533 13555 0.95703125000000000000 -0.60546875000000000000 
534 13556 0.99609375000000000000 -0.60546875000000000000 
535 13557 1.03515625000000000000 -0.56640625000000000000 
536 13444 0.42968750000000000000 -0.66406250000000000000 
537 13590 0.42968750000000000000 -0.74218750000000000000 
538 13591 0.50781250000000000000 -0.74218750000000000000 
539 13592 0.58593750000000000000 -0.74218750000000000000 
540 13633 0.66406250000000000000 -0.74218750000000000000 
541 13634 0.74218750000000000000 -0.74218750000000000000 
542 13635 0.89843750000000000000 -0.66406250000000000000 
543 13636 0.82031250000000000000 -0.74218750000000000000 
544 13637 0.89843750000000000000 -0.74218750000000000000 
545 13646 0.97656250000000000000 -0.66406250000000000000 
