421 5222 0.99531396000000005309 -0.00066288534000000004 
422 6545 0.99880322470206828189 0.00016966687698000558 
423 6957 0.99876403808593750000 0.00068664550781250000 
424 6958 0.99891662597656250000 0.00083923339843750000 
425 8349 0.99906921386718750000 0.00083923339843750000 
426 6959 0.99891662597656250000 0.00068664550781250000 
427 8358 0.99922180175781250000 0.00083923339843750000 
428 8359 0.99937438964843750000 0.00083923339843750000 
429 8360 0.99952697753906250000 0.00083923339843750000 
430 8361 0.99967956542968750000 0.00083923339843750000 
431 6961 0.99876403808593750000 0.00053405761718750000 
432 6963 0.99876403808593750000 0.00038146972656250000 
433 8370 0.99983215332031250000 0.00083923339843750000 
434 8371 0.99998474121093750000 0.00083923339843750000 
435 8372 1.00013732910156250000 0.00083923339843750000 
436 8373 1.00028991699218750000 0.00083923339843750000 
437 8382 1.00044250488281250000 0.00083923339843750000 
438 8384 1.00044250488281250000 0.00068664550781250000 
439 8385 1.00059509277343750000 0.00068664550781250000 
440 8390 1.00059509277343750000 0.00053405761718750000 
441 8391 1.00059509277343750000 0.00038146972656250000 
442 8396 1.00059509277343750000 0.00022888183593750000 
443 8397 1.00059509277343750000 0.00007629394531250000 
444 5452 0.99578857421875000000 -0.00091552734375000000 
445 5474 0.99594116210937500000 -0.00137329101562500000 
446 5581 0.99624633789062500000 -0.00137329101562500000 
447 5582 0.99624633789062500000 -0.00167846679687500000 
448 5583 0.99655151367187500000 -0.00167846679687500000 
449 5585 0.99655151367187500000 -0.00198364257812500000 
450 5588 0.99685668945312500000 -0.00198364257812500000 
451 5589 0.99685668945312500000 -0.00228881835937500000 
452 5590 0.99716186523437500000 -0.00228881835937500000 
453 8518 1.00059509277343750000 -0.00007629394531250000 
454 8519 1.00059509277343750000 -0.00022888183593750000 
455 8524 1.00059509277343750000 -0.00038146972656250000 
456 8525 1.00059509277343750000 -0.00053405761718750000 
457 8530 1.00044250488281250000 -0.00068664550781250000 
458 8531 1.00059509277343750000 -0.00068664550781250000 
459 8532 1.00044250488281250000 -0.00083923339843750000 
460 8538 1.00044250488281250000 -0.00099182128906250000 
461 8540 1.00044250488281250000 -0.00114440917968750000 
462 8546 0.99960327148437500000 -0.00198364257812500000 
463 8547 0.99929809570312500000 -0.00228881835937500000 
464 8548 0.99960327148437500000 -0.00228881835937500000 
465 8549 1.00021362304687500000 -0.00137329101562500000 
466 8550 0.99990844726562500000 -0.00167846679687500000 
467 8551 1.00021362304687500000 -0.00167846679687500000 
468 8552 1.00051879882812500000 -0.00137329101562500000 
469 8556 0.99990844726562500000 -0.00198364257812500000 
470 5592 0.99700927734375000000 -0.00274658203125000000 
471 5595 0.99761962890625000000 -0.00274658203125000000 
472 5596 0.99761962890625000000 -0.00335693359375000000 
473 5597 0.99822998046875000000 -0.00335693359375000000 
474 8564 0.99884033203125000000 -0.00274658203125000000 
475 8565 0.99945068359375000000 -0.00274658203125000000 
476 8566 0.99884033203125000000 -0.00335693359375000000 
