430 895 0.52201339000000002155 0.05072792400000000063 
431 3484 0.66563432000000000155 0.03899874999999999869 
432 1120 0.57617187500000000000 0.18554687500000000000 
433 1121 0.55664062500000000000 0.16601562500000000000 
434 1122 0.57617187500000000000 0.16601562500000000000 
435 1123 0.59570312500000000000 0.18554687500000000000 
436 3921 0.61523437500000000000 0.18554687500000000000 
437 1230 0.54199218750000000000 0.14160156250000000000 
438 1236 0.54199218750000000000 0.13183593750000000000 
439 1238 0.54199218750000000000 0.12207031250000000000 
440 1258 0.52246093750000000000 0.10253906250000000000 
441 1259 0.53222656250000000000 0.11230468750000000000 
442 1260 0.54199218750000000000 0.11230468750000000000 
443 1261 0.53222656250000000000 0.10253906250000000000 
444 1263 0.52246093750000000000 0.09277343750000000000 
445 1265 0.52246093750000000000 0.08300781250000000000 
446 1266 0.55175781250000000000 0.15136718750000000000 
447 1267 0.56152343750000000000 0.15136718750000000000 
448 1268 0.55175781250000000000 0.14160156250000000000 
449 1306 0.52490234375000000000 0.07568359375000000000 
450 1308 0.52490234375000000000 0.07080078125000000000 
451 1314 0.52490234375000000000 0.06591796875000000000 
452 1316 0.52490234375000000000 0.06103515625000000000 
453 3991 0.63476562500000000000 0.18554687500000000000 
454 3992 0.65429687500000000000 0.18554687500000000000 
455 3993 0.65429687500000000000 0.16601562500000000000 
456 3996 0.67382812500000000000 0.16601562500000000000 
457 4075 0.65917968750000000000 0.15136718750000000000 
458 4076 0.65917968750000000000 0.14160156250000000000 
459 4079 0.66894531250000000000 0.14160156250000000000 
460 4085 0.66894531250000000000 0.13183593750000000000 
461 4086 0.67871093750000000000 0.13183593750000000000 
462 4087 0.67871093750000000000 0.12207031250000000000 
463 3500 0.67871093750000000000 0.11230468750000000000 
464 3501 0.66894531250000000000 0.10253906250000000000 
465 3502 0.67871093750000000000 0.10253906250000000000 
466 3507 0.66894531250000000000 0.09277343750000000000 
467 3509 0.66894531250000000000 0.08300781250000000000 
468 3538 0.66162109375000000000 0.06591796875000000000 
469 3539 0.66162109375000000000 0.06103515625000000000 
470 3540 0.66040039062500000000 0.05737304687500000000 
471 3542 0.66040039062500000000 0.05493164062500000000 
472 3544 0.66040039062500000000 0.05249023437500000000 
473 3546 0.66040039062500000000 0.05004882812500000000 
474 3548 0.66162109375000000000 0.04638671875000000000 
475 3549 0.66162109375000000000 0.04150390625000000000 
476 3550 0.66650390625000000000 0.07568359375000000000 
477 3552 0.66650390625000000000 0.07080078125000000000 
478 3558 0.66650390625000000000 0.06591796875000000000 
