480 425 55
1 10030 0.24157273000000001328 -0.05871852300000000163 426 2 0 1 7 444 445 283 284 285 426 2 
2 10031 0.23324448000000000403 -0.05845741599999999816 1 3 0 1 9 236 238 239 240 242 1 3 250 283 
3 10032 0.22913127628604113006 -0.05831278147097249814 2 4 0 1 7 235 236 239 240 241 2 4 
4 10033 0.22501841999999999677 -0.05815748999999999919 3 5 0 1 7 235 236 3 5 224 225 226 
5 10034 0.21689770999999999357 -0.05781861499999999682 4 6 0 1 7 223 208 219 220 225 4 6 
6 10035 0.20888546999999998977 -0.05744070500000000162 5 7 0 1 7 204 207 208 210 5 219 7 
7 10036 0.20098474999999998980 -0.05702371900000000049 6 8 0 1 7 203 204 205 207 6 8 160 
8 10037 0.19319859999999999811 -0.05656766299999999720 7 9 0 1 7 203 156 159 158 160 7 9 
9 10038 0.18552999000000000573 -0.05607258999999999854 8 10 0 1 8 155 140 143 142 144 157 8 10 
10 10039 0.17798185999999999174 -0.05553859700000000205 9 11 0 1 8 143 96 139 98 140 145 9 11 
11 10040 0.17426903532658605256 -0.05525821815028673228 10 12 0 1 8 139 92 95 94 96 141 10 12 
12 10041 0.17055709999999998927 -0.05496582800000000130 11 13 0 1 8 95 80 91 82 92 97 11 13 
13 10042 0.16325855000000000228 -0.05435447300000000037 12 14 0 1 9 91 74 76 79 78 80 93 12 14 
14 10043 0.15967324059165419192 -0.05403582427398447713 13 15 0 1 7 72 73 74 76 91 13 15 
15 10044 0.15608901999999999499 -0.05370476300000000258 14 16 0 1 7 72 73 74 41 42 14 16 
16 10045 0.15432913747493243184 -0.05353752761851014730 15 17 0 1 7 37 38 40 41 42 15 17 
17 10046 0.15256953614796084362 -0.05336717878926437036 16 18 0 1 8 41 26 37 28 38 43 16 18 
18 10047 0.14905124999999999624 -0.05301697699999999985 17 427 0 1 8 37 22 25 24 26 39 17 427 
19 10048 0.14526367187500000000 -0.05493164062500000000 0 0 1 0 8 21 23 29 428 427 429 20 31 
20 10049 0.14526367187500000000 -0.05737304687500000000 0 0 1 0 9 29 23 31 53 429 428 430 19 431 
21 10050 0.14709472656250000000 -0.05432128906250000000 0 0 1 0 7 427 24 19 18 20 23 22 
22 10051 0.14831542968750000000 -0.05432128906250000000 0 0 1 0 6 25 18 27 21 23 24 
23 10052 0.14709472656250000000 -0.05554199218750000000 0 0 1 0 7 24 22 30 19 20 21 29 
24 10053 0.14831542968750000000 -0.05554199218750000000 0 0 1 0 8 27 25 33 23 21 29 22 30 
25 10054 0.14953613281250000000 -0.05432128906250000000 0 0 1 0 7 26 18 28 22 24 17 27 
26 10055 0.15075683593750000000 -0.05432128906250000000 0 0 1 0 7 37 17 39 25 18 27 28 
27 10056 0.14953613281250000000 -0.05554199218750000000 0 0 1 0 8 28 26 34 24 22 30 25 33 
28 10057 0.15075683593750000000 -0.05554199218750000000 0 0 1 0 8 39 37 45 27 25 33 26 34 
29 10058 0.14709472656250000000 -0.05676269531250000000 0 0 1 0 8 30 24 32 20 19 431 23 31 
30 10059 0.14831542968750000000 -0.05676269531250000000 0 0 1 0 8 33 27 35 29 23 31 24 32 
31 10060 0.14709472656250000000 -0.05798339843750000000 0 0 1 0 8 32 30 53 20 19 431 29 54 
32 10061 0.14831542968750000000 -0.05798339843750000000 0 0 1 0 8 35 33 54 31 29 53 30 431 
33 10062 0.14953613281250000000 -0.05676269531250000000 0 0 1 0 8 34 28 36 30 24 32 27 35 
34 10063 0.15075683593750000000 -0.05676269531250000000 0 0 1 0 8 45 39 47 33 27 35 28 36 
35 10064 0.14953613281250000000 -0.05798339843750000000 0 0 1 0 8 36 34 54 32 30 53 33 57 
36 10065 0.15075683593750000000 -0.05798339843750000000 0 0 1 0 8 47 45 57 35 33 54 34 53 
37 10066 0.15197753906250000000 -0.05432128906250000000 0 0 1 0 7 38 17 40 26 18 28 39 
38 10067 0.15319824218750000000 -0.05432128906250000000 0 0 1 0 8 41 16 43 37 17 39 18 40 
39 10068 0.15197753906250000000 -0.05554199218750000000 0 0 1 0 8 40 38 46 28 26 34 37 45 
40 10069 0.15319824218750000000 -0.05554199218750000000 0 0 1 0 8 43 41 49 39 37 45 38 46 
41 10070 0.15441894531250000000 -0.05432128906250000000 0 0 1 0 8 42 15 44 38 17 40 16 43 
42 10071 0.15563964843750000000 -0.05432128906250000000 0 0 1 0 7 72 73 41 16 43 15 44 
43 10072 0.15441894531250000000 -0.05554199218750000000 0 0 1 0 8 44 42 50 40 38 46 41 49 
44 10073 0.15563964843750000000 -0.05554199218750000000 0 0 1 0 7 72 73 43 41 49 42 50 
45 10074 0.15197753906250000000 -0.05676269531250000000 0 0 1 0 8 46 40 48 34 28 36 39 47 
46 10075 0.15319824218750000000 -0.05676269531250000000 0 0 1 0 8 49 43 51 45 39 47 40 48 
47 10076 0.15197753906250000000 -0.05798339843750000000 0 0 1 0 8 48 46 57 36 34 54 45 58 
48 10077 0.15319824218750000000 -0.05798339843750000000 0 0 1 0 8 51 49 58 47 45 57 46 54 
49 10078 0.15441894531250000000 -0.05676269531250000000 0 0 1 0 8 50 44 52 46 40 48 43 51 
50 10079 0.15563964843750000000 -0.05676269531250000000 0 0 1 0 8 73 72 75 49 43 51 44 52 
51 10080 0.15441894531250000000 -0.05798339843750000000 0 0 1 0 8 52 50 58 48 46 57 49 75 
52 10081 0.15563964843750000000 -0.05798339843750000000 0 0 1 0 8 73 72 75 51 49 58 50 57 
53 10082 0.14770507812500000000 -0.05981445312500000000 0 0 1 0 9 54 35 56 431 20 432 32 31 55 
54 10083 0.15014648437500000000 -0.05981445312500000000 0 0 1 0 9 57 47 59 53 32 55 36 35 56 
55 10084 0.14770507812500000000 -0.06225585937500000000 0 0 1 0 8 56 54 62 432 431 433 53 61 
56 10085 0.15014648437500000000 -0.06225585937500000000 0 0 1 0 8 59 57 64 55 53 61 54 62 
57 10086 0.15258789062500000000 -0.05981445312500000000 0 0 1 0 9 58 51 60 54 36 56 48 47 59 
58 10087 0.15502929687500000000 -0.05981445312500000000 0 0 1 0 9 75 73 77 57 48 59 52 51 60 
59 10088 0.15258789062500000000 -0.06225585937500000000 0 0 1 0 8 60 58 65 56 54 62 57 64 
60 10089 0.15502929687500000000 -0.06225585937500000000 0 0 1 0 8 77 75 83 59 57 64 58 65 
61 10090 0.14770507812500000000 -0.06469726562500000000 0 0 1 0 8 62 56 63 433 432 434 55 435 
62 10091 0.15014648437500000000 -0.06469726562500000000 0 0 1 0 8 64 59 66 61 55 435 56 63 
63 10092 0.15014648437500000000 -0.06713867187500000000 0 0 1 0 8 66 64 68 435 61 436 62 437 
64 10093 0.15258789062500000000 -0.06469726562500000000 0 0 1 0 8 65 60 67 62 56 63 59 66 
65 10094 0.15502929687500000000 -0.06469726562500000000 0 0 1 0 8 83 77 85 64 59 66 60 67 
66 10095 0.15258789062500000000 -0.06713867187500000000 0 0 1 0 8 67 65 69 63 62 437 64 68 
67 10096 0.15502929687500000000 -0.06713867187500000000 0 0 1 0 8 85 83 107 66 64 68 65 69 
68 10097 0.15258789062500000000 -0.06958007812500000000 0 0 1 0 8 69 67 70 437 63 438 66 439 
69 10098 0.15502929687500000000 -0.06958007812500000000 0 0 1 0 8 107 85 109 68 66 439 67 70 
70 10099 0.15502929687500000000 -0.07202148437500000000 0 0 1 0 8 109 107 115 439 68 440 69 71 
71 10100 0.15502929687500000000 -0.07446289062500000000 0 0 1 0 8 115 109 117 440 439 441 70 442 
72 10101 0.15747070312500000000 -0.05493164062500000000 0 0 1 0 8 14 74 42 15 44 50 73 52 
73 10102 0.15747070312500000000 -0.05737304687500000000 0 0 1 0 9 74 14 76 50 44 52 58 72 75 
74 10103 0.15991210937500000000 -0.05737304687500000000 0 0 1 0 7 13 73 72 75 14 76 79 
75 10104 0.15747070312500000000 -0.05981445312500000000 0 0 1 0 8 76 74 78 58 52 60 73 77 
76 10105 0.15991210937500000000 -0.05981445312500000000 0 0 1 0 8 79 13 81 75 73 77 74 78 
77 10106 0.15747070312500000000 -0.06225585937500000000 0 0 1 0 8 78 76 84 60 58 65 75 83 
78 10107 0.15991210937500000000 -0.06225585937500000000 0 0 1 0 8 81 79 87 77 75 83 76 84 
79 10108 0.16235351562500000000 -0.05981445312500000000 0 0 1 0 8 80 13 82 76 74 78 12 81 
80 10109 0.16479492187500000000 -0.05981445312500000000 0 0 1 0 7 91 12 93 79 13 81 82 
81 10110 0.16235351562500000000 -0.06225585937500000000 0 0 1 0 8 82 80 88 78 76 84 79 87 
82 10111 0.16479492187500000000 -0.06225585937500000000 0 0 1 0 8 93 91 99 81 79 87 80 88 
83 10112 0.15747070312500000000 -0.06469726562500000000 0 0 1 0 8 84 78 86 65 60 67 77 85 
84 10113 0.15991210937500000000 -0.06469726562500000000 0 0 1 0 8 87 81 89 83 77 85 78 86 
85 10114 0.15747070312500000000 -0.06713867187500000000 0 0 1 0 8 86 84 108 67 65 69 83 107 
86 10115 0.15991210937500000000 -0.06713867187500000000 0 0 1 0 8 89 87 111 85 83 107 84 108 
87 10116 0.16235351562500000000 -0.06469726562500000000 0 0 1 0 8 88 82 90 84 78 86 81 89 
88 10117 0.16479492187500000000 -0.06469726562500000000 0 0 1 0 8 99 93 101 87 81 89 82 90 
89 10118 0.16235351562500000000 -0.06713867187500000000 0 0 1 0 8 90 88 112 86 84 108 87 111 
90 10119 0.16479492187500000000 -0.06713867187500000000 0 0 1 0 8 101 99 123 89 87 111 88 112 
91 10120 0.16723632812500000000 -0.05981445312500000000 0 0 1 0 8 92 12 94 80 13 82 11 93 
92 10121 0.16967773437500000000 -0.05981445312500000000 0 0 1 0 8 95 11 97 91 12 93 13 94 
93 10122 0.16723632812500000000 -0.06225585937500000000 0 0 1 0 8 94 92 100 82 80 88 91 99 
94 10123 0.16967773437500000000 -0.06225585937500000000 0 0 1 0 8 97 95 103 93 91 99 92 100 
95 10124 0.17211914062500000000 -0.05981445312500000000 0 0 1 0 8 96 11 98 92 12 94 10 97 
96 10125 0.17456054687500000000 -0.05981445312500000000 0 0 1 0 8 139 10 141 95 11 97 12 98 
97 10126 0.17211914062500000000 -0.06225585937500000000 0 0 1 0 8 98 96 104 94 92 100 95 103 
98 10127 0.17456054687500000000 -0.06225585937500000000 0 0 1 0 8 141 139 147 97 95 103 96 104 
99 10128 0.16723632812500000000 -0.06469726562500000000 0 0 1 0 8 100 94 102 88 82 90 93 101 
100 10129 0.16967773437500000000 -0.06469726562500000000 0 0 1 0 8 103 97 105 99 93 101 94 102 
101 10130 0.16723632812500000000 -0.06713867187500000000 0 0 1 0 8 102 100 124 90 88 112 99 123 
102 10131 0.16967773437500000000 -0.06713867187500000000 0 0 1 0 8 105 103 127 101 99 123 100 124 
103 10132 0.17211914062500000000 -0.06469726562500000000 0 0 1 0 8 104 98 106 100 94 102 97 105 
104 10133 0.17456054687500000000 -0.06469726562500000000 0 0 1 0 8 147 141 149 103 97 105 98 106 
105 10134 0.17211914062500000000 -0.06713867187500000000 0 0 1 0 8 106 104 128 102 100 124 103 127 
106 10135 0.17456054687500000000 -0.06713867187500000000 0 0 1 0 8 149 147 171 105 103 127 104 128 
107 10136 0.15747070312500000000 -0.06958007812500000000 0 0 1 0 8 108 86 110 69 67 70 85 109 
108 10137 0.15991210937500000000 -0.06958007812500000000 0 0 1 0 8 111 89 113 107 85 109 86 110 
109 10138 0.15747070312500000000 -0.07202148437500000000 0 0 1 0 8 110 108 116 70 69 71 107 115 
110 10139 0.15991210937500000000 -0.07202148437500000000 0 0 1 0 8 113 111 119 109 107 115 108 116 
111 10140 0.16235351562500000000 -0.06958007812500000000 0 0 1 0 8 112 90 114 108 86 110 89 113 
112 10141 0.16479492187500000000 -0.06958007812500000000 0 0 1 0 8 123 101 125 111 89 113 90 114 
113 10142 0.16235351562500000000 -0.07202148437500000000 0 0 1 0 8 114 112 120 110 108 116 111 119 
114 10143 0.16479492187500000000 -0.07202148437500000000 0 0 1 0 8 125 123 131 113 111 119 112 120 
115 10144 0.15747070312500000000 -0.07446289062500000000 0 0 1 0 8 116 110 118 71 70 442 109 117 
116 10145 0.15991210937500000000 -0.07446289062500000000 0 0 1 0 8 119 113 121 115 109 117 110 118 
117 10146 0.15747070312500000000 -0.07690429687500000000 0 0 1 0 8 118 116 450 442 71 443 115 302 
118 10147 0.15991210937500000000 -0.07690429687500000000 0 0 1 0 8 121 119 302 117 115 450 116 443 
119 10148 0.16235351562500000000 -0.07446289062500000000 0 0 1 0 8 120 114 122 116 110 118 113 121 
120 10149 0.16479492187500000000 -0.07446289062500000000 0 0 1 0 8 131 125 133 119 113 121 114 122 
121 10150 0.16235351562500000000 -0.07690429687500000000 0 0 1 0 8 122 120 302 118 116 450 119 303 
122 10151 0.16479492187500000000 -0.07690429687500000000 0 0 1 0 8 133 131 303 121 119 302 120 450 
123 10152 0.16723632812500000000 -0.06958007812500000000 0 0 1 0 8 124 102 126 112 90 114 101 125 
124 10153 0.16967773437500000000 -0.06958007812500000000 0 0 1 0 8 127 105 129 123 101 125 102 126 
125 10154 0.16723632812500000000 -0.07202148437500000000 0 0 1 0 8 126 124 132 114 112 120 123 131 
126 10155 0.16967773437500000000 -0.07202148437500000000 0 0 1 0 8 129 127 135 125 123 131 124 132 
127 10156 0.17211914062500000000 -0.06958007812500000000 0 0 1 0 8 128 106 130 124 102 126 105 129 
128 10157 0.17456054687500000000 -0.06958007812500000000 0 0 1 0 8 171 149 173 127 105 129 106 130 
129 10158 0.17211914062500000000 -0.07202148437500000000 0 0 1 0 8 130 128 136 126 124 132 127 135 
130 10159 0.17456054687500000000 -0.07202148437500000000 0 0 1 0 8 173 171 179 129 127 135 128 136 
131 10160 0.16723632812500000000 -0.07446289062500000000 0 0 1 0 8 132 126 134 120 114 122 125 133 
132 10161 0.16967773437500000000 -0.07446289062500000000 0 0 1 0 8 135 129 137 131 125 133 126 134 
133 10162 0.16723632812500000000 -0.07690429687500000000 0 0 1 0 8 134 132 303 122 120 302 131 304 
134 10163 0.16967773437500000000 -0.07690429687500000000 0 0 1 0 8 137 135 304 133 131 303 132 302 
135 10164 0.17211914062500000000 -0.07446289062500000000 0 0 1 0 8 136 130 138 132 126 134 129 137 
136 10165 0.17456054687500000000 -0.07446289062500000000 0 0 1 0 8 179 173 181 135 129 137 130 138 
137 10166 0.17211914062500000000 -0.07690429687500000000 0 0 1 0 8 138 136 304 134 132 303 135 311 
138 10167 0.17456054687500000000 -0.07690429687500000000 0 0 1 0 8 181 179 311 137 135 304 136 303 
139 10168 0.17700195312500000000 -0.05981445312500000000 0 0 1 0 8 140 10 142 96 11 98 9 141 
140 10169 0.17944335937500000000 -0.05981445312500000000 0 0 1 0 8 143 9 145 139 10 141 11 142 
141 10170 0.17700195312500000000 -0.06225585937500000000 0 0 1 0 8 142 140 148 98 96 104 139 147 
142 10171 0.17944335937500000000 -0.06225585937500000000 0 0 1 0 8 145 143 151 141 139 147 140 148 
143 10172 0.18188476562500000000 -0.05981445312500000000 0 0 1 0 7 144 9 146 140 10 142 145 
144 10173 0.18432617187500000000 -0.05981445312500000000 0 0 1 0 7 155 157 143 9 145 10 146 
145 10174 0.18188476562500000000 -0.06225585937500000000 0 0 1 0 8 146 144 152 142 140 148 143 151 
146 10175 0.18432617187500000000 -0.06225585937500000000 0 0 1 0 8 157 155 163 145 143 151 144 152 
147 10176 0.17700195312500000000 -0.06469726562500000000 0 0 1 0 8 148 142 150 104 98 106 141 149 
148 10177 0.17944335937500000000 -0.06469726562500000000 0 0 1 0 8 151 145 153 147 141 149 142 150 
149 10178 0.17700195312500000000 -0.06713867187500000000 0 0 1 0 8 150 148 172 106 104 128 147 171 
150 10179 0.17944335937500000000 -0.06713867187500000000 0 0 1 0 8 153 151 175 149 147 171 148 172 
151 10180 0.18188476562500000000 -0.06469726562500000000 0 0 1 0 8 152 146 154 148 142 150 145 153 
152 10181 0.18432617187500000000 -0.06469726562500000000 0 0 1 0 8 163 157 165 151 145 153 146 154 
153 10182 0.18188476562500000000 -0.06713867187500000000 0 0 1 0 8 154 152 176 150 148 172 151 175 
154 10183 0.18432617187500000000 -0.06713867187500000000 0 0 1 0 8 165 163 187 153 151 175 152 176 
155 10184 0.18676757812500000000 -0.05981445312500000000 0 0 1 0 7 156 158 144 9 146 8 157 
156 10185 0.18920898437500000000 -0.05981445312500000000 0 0 1 0 7 159 8 161 155 157 9 158 
157 10186 0.18676757812500000000 -0.06225585937500000000 0 0 1 0 8 158 156 164 146 144 152 155 163 
158 10187 0.18920898437500000000 -0.06225585937500000000 0 0 1 0 8 161 159 167 157 155 163 156 164 
159 10188 0.19165039062500000000 -0.05981445312500000000 0 0 1 0 6 160 8 162 156 158 161 
160 10189 0.19409179687500000000 -0.05981445312500000000 0 0 1 0 6 203 205 159 8 161 162 
161 10190 0.19165039062500000000 -0.06225585937500000000 0 0 1 0 8 162 160 168 158 156 164 159 167 
162 10191 0.19409179687500000000 -0.06225585937500000000 0 0 1 0 7 203 205 161 159 167 160 168 
163 10192 0.18676757812500000000 -0.06469726562500000000 0 0 1 0 8 164 158 166 152 146 154 157 165 
164 10193 0.18920898437500000000 -0.06469726562500000000 0 0 1 0 8 167 161 169 163 157 165 158 166 
165 10194 0.18676757812500000000 -0.06713867187500000000 0 0 1 0 8 166 164 188 154 152 176 163 187 
166 10195 0.18920898437500000000 -0.06713867187500000000 0 0 1 0 8 169 167 191 165 163 187 164 188 
167 10196 0.19165039062500000000 -0.06469726562500000000 0 0 1 0 8 168 162 170 164 158 166 161 169 
168 10197 0.19409179687500000000 -0.06469726562500000000 0 0 1 0 8 205 203 211 167 161 169 162 170 
169 10198 0.19165039062500000000 -0.06713867187500000000 0 0 1 0 8 170 168 192 166 164 188 167 191 
170 10199 0.19409179687500000000 -0.06713867187500000000 0 0 1 0 8 205 203 211 169 167 191 168 192 
171 10200 0.17700195312500000000 -0.06958007812500000000 0 0 1 0 8 172 150 174 128 106 130 149 173 
172 10201 0.17944335937500000000 -0.06958007812500000000 0 0 1 0 8 175 153 177 171 149 173 150 174 
173 10202 0.17700195312500000000 -0.07202148437500000000 0 0 1 0 8 174 172 180 130 128 136 171 179 
174 10203 0.17944335937500000000 -0.07202148437500000000 0 0 1 0 8 177 175 183 173 171 179 172 180 
175 10204 0.18188476562500000000 -0.06958007812500000000 0 0 1 0 8 176 154 178 172 150 174 153 177 
176 10205 0.18432617187500000000 -0.06958007812500000000 0 0 1 0 8 187 165 189 175 153 177 154 178 
177 10206 0.18188476562500000000 -0.07202148437500000000 0 0 1 0 8 178 176 184 174 172 180 175 183 
178 10207 0.18432617187500000000 -0.07202148437500000000 0 0 1 0 8 189 187 195 177 175 183 176 184 
179 10208 0.17700195312500000000 -0.07446289062500000000 0 0 1 0 8 180 174 182 136 130 138 173 181 
180 10209 0.17944335937500000000 -0.07446289062500000000 0 0 1 0 8 183 177 185 179 173 181 174 182 
181 10210 0.17700195312500000000 -0.07690429687500000000 0 0 1 0 8 182 180 311 138 136 304 179 312 
182 10211 0.17944335937500000000 -0.07690429687500000000 0 0 1 0 8 185 183 312 181 179 311 180 304 
183 10212 0.18188476562500000000 -0.07446289062500000000 0 0 1 0 8 184 178 186 180 174 182 177 185 
184 10213 0.18432617187500000000 -0.07446289062500000000 0 0 1 0 8 195 189 197 183 177 185 178 186 
185 10214 0.18188476562500000000 -0.07690429687500000000 0 0 1 0 8 186 184 312 182 180 311 183 315 
186 10215 0.18432617187500000000 -0.07690429687500000000 0 0 1 0 8 197 195 315 185 183 312 184 311 
187 10216 0.18676757812500000000 -0.06958007812500000000 0 0 1 0 8 188 166 190 176 154 178 165 189 
188 10217 0.18920898437500000000 -0.06958007812500000000 0 0 1 0 8 191 169 193 187 165 189 166 190 
189 10218 0.18676757812500000000 -0.07202148437500000000 0 0 1 0 8 190 188 196 178 176 184 187 195 
190 10219 0.18920898437500000000 -0.07202148437500000000 0 0 1 0 8 193 191 199 189 187 195 188 196 
191 10220 0.19165039062500000000 -0.06958007812500000000 0 0 1 0 8 192 170 194 188 166 190 169 193 
192 10221 0.19409179687500000000 -0.06958007812500000000 0 0 1 0 8 211 205 213 191 169 193 170 194 
193 10222 0.19165039062500000000 -0.07202148437500000000 0 0 1 0 8 194 192 200 190 188 196 191 199 
194 10223 0.19409179687500000000 -0.07202148437500000000 0 0 1 0 8 211 205 213 193 191 199 192 200 
195 10224 0.18676757812500000000 -0.07446289062500000000 0 0 1 0 8 196 190 198 184 178 186 189 197 
196 10225 0.18920898437500000000 -0.07446289062500000000 0 0 1 0 8 199 193 201 195 189 197 190 198 
197 10226 0.18676757812500000000 -0.07690429687500000000 0 0 1 0 8 198 196 315 186 184 312 195 316 
198 10227 0.18920898437500000000 -0.07690429687500000000 0 0 1 0 8 201 199 316 197 195 315 196 312 
199 10228 0.19165039062500000000 -0.07446289062500000000 0 0 1 0 8 200 194 202 196 190 198 193 201 
200 10229 0.19409179687500000000 -0.07446289062500000000 0 0 1 0 8 213 211 341 199 193 201 194 202 
201 10230 0.19165039062500000000 -0.07690429687500000000 0 0 1 0 8 202 200 316 198 196 315 199 341 
202 10231 0.19409179687500000000 -0.07690429687500000000 0 0 1 0 8 213 211 341 201 199 316 200 315 
203 10232 0.19775390625000000000 -0.06103515625000000000 0 0 1 0 9 204 7 206 160 8 162 168 205 170 
204 10233 0.20263671875000000000 -0.06103515625000000000 0 0 1 0 7 207 6 209 203 205 7 206 
205 10234 0.19775390625000000000 -0.06591796875000000000 0 0 1 0 10 206 204 212 168 162 170 192 203 211 194 
206 10235 0.20263671875000000000 -0.06591796875000000000 0 0 1 0 8 209 207 215 205 203 211 204 212 
207 10236 0.20751953125000000000 -0.06103515625000000000 0 0 1 0 7 208 210 204 7 206 6 209 
208 10237 0.21240234375000000000 -0.06103515625000000000 0 0 1 0 9 219 5 221 227 207 6 209 210 229 
209 10238 0.20751953125000000000 -0.06591796875000000000 0 0 1 0 8 210 208 216 206 204 212 207 215 
210 10239 0.21240234375000000000 -0.06591796875000000000 0 0 1 0 10 227 221 229 251 209 207 215 208 216 253 
211 10240 0.19775390625000000000 -0.07080078125000000000 0 0 1 0 10 212 206 214 192 170 194 200 205 213 202 
212 10241 0.20263671875000000000 -0.07080078125000000000 0 0 1 0 8 215 209 217 211 205 213 206 214 
213 10242 0.19775390625000000000 -0.07568359375000000000 0 0 1 0 9 214 212 342 200 194 202 316 211 341 
214 10243 0.20263671875000000000 -0.07568359375000000000 0 0 1 0 8 217 215 345 213 211 341 212 342 
215 10244 0.20751953125000000000 -0.07080078125000000000 0 0 1 0 8 216 210 218 212 206 214 209 217 
216 10245 0.21240234375000000000 -0.07080078125000000000 0 0 1 0 10 251 229 253 259 215 209 217 210 218 261 
217 10246 0.20751953125000000000 -0.07568359375000000000 0 0 1 0 8 218 216 346 214 212 342 215 345 
218 10247 0.21240234375000000000 -0.07568359375000000000 0 0 1 0 9 259 253 261 357 217 215 345 216 346 
219 10248 0.21606445312500000000 -0.05981445312500000000 0 0 1 0 6 220 5 222 208 210 221 
220 10249 0.21850585937500000000 -0.05981445312500000000 0 0 1 0 6 223 225 219 5 221 222 
221 10250 0.21606445312500000000 -0.06225585937500000000 0 0 1 0 7 222 220 228 208 210 219 227 
222 10251 0.21850585937500000000 -0.06225585937500000000 0 0 1 0 8 225 223 231 221 219 227 220 228 
223 10252 0.22094726562500000000 -0.05981445312500000000 0 0 1 0 7 224 222 226 4 220 225 5 
224 10253 0.22338867187500000000 -0.05981445312500000000 0 0 1 0 7 235 4 237 223 225 5 226 
225 10254 0.22094726562500000000 -0.06225585937500000000 0 0 1 0 8 226 224 232 222 220 228 223 231 
226 10255 0.22338867187500000000 -0.06225585937500000000 0 0 1 0 8 237 235 243 225 223 231 224 232 
227 10256 0.21606445312500000000 -0.06469726562500000000 0 0 1 0 8 228 222 230 210 208 216 221 229 
228 10257 0.21850585937500000000 -0.06469726562500000000 0 0 1 0 8 231 225 233 227 221 229 222 230 
229 10258 0.21606445312500000000 -0.06713867187500000000 0 0 1 0 8 230 228 252 210 208 216 227 251 
230 10259 0.21850585937500000000 -0.06713867187500000000 0 0 1 0 8 233 231 255 229 227 251 228 252 
231 10260 0.22094726562500000000 -0.06469726562500000000 0 0 1 0 8 232 226 234 228 222 230 225 233 
232 10261 0.22338867187500000000 -0.06469726562500000000 0 0 1 0 8 243 237 245 231 225 233 226 234 
233 10262 0.22094726562500000000 -0.06713867187500000000 0 0 1 0 8 234 232 256 230 228 252 231 255 
234 10263 0.22338867187500000000 -0.06713867187500000000 0 0 1 0 8 245 243 267 233 231 255 232 256 
235 10264 0.22583007812500000000 -0.05981445312500000000 0 0 1 0 7 236 3 238 224 226 4 237 
236 10265 0.22827148437500000000 -0.05981445312500000000 0 0 1 0 8 239 2 241 235 4 237 3 238 
237 10266 0.22583007812500000000 -0.06225585937500000000 0 0 1 0 8 238 236 244 226 224 232 235 243 
238 10267 0.22827148437500000000 -0.06225585937500000000 0 0 1 0 8 241 239 247 237 235 243 236 244 
239 10268 0.23071289062500000000 -0.05981445312500000000 0 0 1 0 7 240 2 242 236 3 238 241 
240 10269 0.23315429687500000000 -0.05981445312500000000 0 0 1 0 6 283 284 239 2 241 242 
241 10270 0.23071289062500000000 -0.06225585937500000000 0 0 1 0 8 242 240 248 238 236 244 239 247 
242 10271 0.23315429687500000000 -0.06225585937500000000 0 0 1 0 7 283 284 241 239 247 240 248 
243 10272 0.22583007812500000000 -0.06469726562500000000 0 0 1 0 8 244 238 246 232 226 234 237 245 
244 10273 0.22827148437500000000 -0.06469726562500000000 0 0 1 0 8 247 241 249 243 237 245 238 246 
245 10274 0.22583007812500000000 -0.06713867187500000000 0 0 1 0 8 246 244 268 234 232 256 243 267 
246 10275 0.22827148437500000000 -0.06713867187500000000 0 0 1 0 8 249 247 271 245 243 267 244 268 
247 10276 0.23071289062500000000 -0.06469726562500000000 0 0 1 0 8 248 242 250 244 238 246 241 249 
248 10277 0.23315429687500000000 -0.06469726562500000000 0 0 1 0 7 284 283 247 241 249 242 250 
249 10278 0.23071289062500000000 -0.06713867187500000000 0 0 1 0 8 250 248 272 246 244 268 247 271 
250 10279 0.23315429687500000000 -0.06713867187500000000 0 0 1 0 8 284 283 249 247 271 248 272 286 
251 10280 0.21606445312500000000 -0.06958007812500000000 0 0 1 0 8 252 230 254 216 210 218 229 253 
252 10281 0.21850585937500000000 -0.06958007812500000000 0 0 1 0 8 255 233 257 251 229 253 230 254 
253 10282 0.21606445312500000000 -0.07202148437500000000 0 0 1 0 8 254 252 260 216 210 218 251 259 
254 10283 0.21850585937500000000 -0.07202148437500000000 0 0 1 0 8 257 255 263 253 251 259 252 260 
255 10284 0.22094726562500000000 -0.06958007812500000000 0 0 1 0 8 256 234 258 252 230 254 233 257 
256 10285 0.22338867187500000000 -0.06958007812500000000 0 0 1 0 8 267 245 269 255 233 257 234 258 
257 10286 0.22094726562500000000 -0.07202148437500000000 0 0 1 0 8 258 256 264 254 252 260 255 263 
258 10287 0.22338867187500000000 -0.07202148437500000000 0 0 1 0 8 269 267 275 257 255 263 256 264 
259 10288 0.21606445312500000000 -0.07446289062500000000 0 0 1 0 8 260 254 262 218 216 346 253 261 
260 10289 0.21850585937500000000 -0.07446289062500000000 0 0 1 0 8 263 257 265 259 253 261 254 262 
261 10290 0.21606445312500000000 -0.07690429687500000000 0 0 1 0 8 262 260 357 218 216 346 259 358 
262 10291 0.21850585937500000000 -0.07690429687500000000 0 0 1 0 8 265 263 358 261 259 357 260 346 
263 10292 0.22094726562500000000 -0.07446289062500000000 0 0 1 0 8 264 258 266 260 254 262 257 265 
264 10293 0.22338867187500000000 -0.07446289062500000000 0 0 1 0 8 275 269 277 263 257 265 258 266 
265 10294 0.22094726562500000000 -0.07690429687500000000 0 0 1 0 8 266 264 358 262 260 357 263 361 
266 10295 0.22338867187500000000 -0.07690429687500000000 0 0 1 0 8 277 275 361 265 263 358 264 357 
267 10296 0.22583007812500000000 -0.06958007812500000000 0 0 1 0 8 268 246 270 256 234 258 245 269 
268 10297 0.22827148437500000000 -0.06958007812500000000 0 0 1 0 8 271 249 273 267 245 269 246 270 
269 10298 0.22583007812500000000 -0.07202148437500000000 0 0 1 0 8 270 268 276 258 256 264 267 275 
270 10299 0.22827148437500000000 -0.07202148437500000000 0 0 1 0 8 273 271 279 269 267 275 268 276 
271 10300 0.23071289062500000000 -0.06958007812500000000 0 0 1 0 8 272 250 274 268 246 270 249 273 
272 10301 0.23315429687500000000 -0.06958007812500000000 0 0 1 0 8 286 284 288 271 249 273 250 274 
273 10302 0.23071289062500000000 -0.07202148437500000000 0 0 1 0 8 274 272 280 270 268 276 271 279 
274 10303 0.23315429687500000000 -0.07202148437500000000 0 0 1 0 8 288 286 294 273 271 279 272 280 
275 10304 0.22583007812500000000 -0.07446289062500000000 0 0 1 0 8 276 270 278 264 258 266 269 277 
276 10305 0.22827148437500000000 -0.07446289062500000000 0 0 1 0 8 279 273 281 275 269 277 270 278 
277 10306 0.22583007812500000000 -0.07690429687500000000 0 0 1 0 8 278 276 361 266 264 358 275 362 
278 10307 0.22827148437500000000 -0.07690429687500000000 0 0 1 0 8 281 279 362 277 275 361 276 358 
279 10308 0.23071289062500000000 -0.07446289062500000000 0 0 1 0 8 280 274 282 276 270 278 273 281 
280 10309 0.23315429687500000000 -0.07446289062500000000 0 0 1 0 8 294 288 296 279 273 281 274 282 
281 10310 0.23071289062500000000 -0.07690429687500000000 0 0 1 0 8 282 280 362 278 276 361 279 409 
282 10311 0.23315429687500000000 -0.07690429687500000000 0 0 1 0 8 296 294 409 281 279 362 280 361 
283 10312 0.23681640625000000000 -0.06103515625000000000 0 0 1 0 8 1 285 240 2 242 248 284 250 
284 10313 0.23681640625000000000 -0.06591796875000000000 0 0 1 0 12 285 1 290 248 242 250 272 283 286 274 287 292 
285 10314 0.24169921875000000000 -0.06591796875000000000 0 0 1 0 11 445 444 446 284 283 287 1 290 289 291 447 
286 10315 0.23559570312500000000 -0.06958007812500000000 0 0 1 0 8 287 284 289 272 250 274 285 288 
287 10316 0.23803710937500000000 -0.06958007812500000000 0 0 1 0 7 290 285 292 286 284 288 289 
288 10317 0.23559570312500000000 -0.07202148437500000000 0 0 1 0 8 289 287 295 274 272 280 286 294 
289 10318 0.23803710937500000000 -0.07202148437500000000 0 0 1 0 8 292 290 298 288 286 294 287 295 
290 10319 0.24047851562500000000 -0.06958007812500000000 0 0 1 0 8 291 285 293 287 284 289 445 292 
291 10320 0.24291992187500000000 -0.06958007812500000000 0 0 1 0 8 446 445 447 290 285 292 284 293 
292 10321 0.24047851562500000000 -0.07202148437500000000 0 0 1 0 8 293 291 299 289 287 295 290 298 
293 10322 0.24291992187500000000 -0.07202148437500000000 0 0 1 0 8 447 446 448 292 290 298 291 299 
294 10323 0.23559570312500000000 -0.07446289062500000000 0 0 1 0 8 295 289 297 280 274 282 288 296 
295 10324 0.23803710937500000000 -0.07446289062500000000 0 0 1 0 8 298 292 300 294 288 296 289 297 
296 10325 0.23559570312500000000 -0.07690429687500000000 0 0 1 0 8 297 295 409 282 280 362 294 410 
297 10326 0.23803710937500000000 -0.07690429687500000000 0 0 1 0 8 300 298 410 296 294 409 295 362 
298 10327 0.24047851562500000000 -0.07446289062500000000 0 0 1 0 8 299 293 301 295 289 297 292 300 
299 10328 0.24291992187500000000 -0.07446289062500000000 0 0 1 0 8 448 447 449 298 292 300 293 301 
300 10329 0.24047851562500000000 -0.07690429687500000000 0 0 1 0 8 301 299 410 297 295 409 298 470 
301 10330 0.24291992187500000000 -0.07690429687500000000 0 0 1 0 8 449 448 470 300 298 410 299 409 
302 10331 0.16357421875000000000 -0.08056640625000000000 0 0 1 0 9 303 133 305 450 118 451 122 121 452 
303 10332 0.16845703125000000000 -0.08056640625000000000 0 0 1 0 9 304 137 306 302 122 452 134 133 305 
304 10333 0.17333984375000000000 -0.08056640625000000000 0 0 1 0 9 311 181 313 303 134 305 138 137 306 
305 10334 0.16845703125000000000 -0.08544921875000000000 0 0 1 0 8 306 304 308 452 302 453 303 307 
306 10335 0.17333984375000000000 -0.08544921875000000000 0 0 1 0 8 313 311 319 305 303 307 304 308 
307 10336 0.16845703125000000000 -0.09033203125000000000 0 0 1 0 8 308 306 310 453 452 454 305 309 
308 10337 0.17333984375000000000 -0.09033203125000000000 0 0 1 0 8 319 313 321 307 305 309 306 310 
309 10338 0.16845703125000000000 -0.09521484375000000000 0 0 1 0 8 310 308 327 454 453 455 307 456 
310 10339 0.17333984375000000000 -0.09521484375000000000 0 0 1 0 8 321 319 328 309 307 456 308 327 
311 10340 0.17822265625000000000 -0.08056640625000000000 0 0 1 0 9 312 185 314 304 138 306 182 181 313 
312 10341 0.18310546875000000000 -0.08056640625000000000 0 0 1 0 9 315 197 317 311 182 313 186 185 314 
313 10342 0.17822265625000000000 -0.08544921875000000000 0 0 1 0 8 314 312 320 306 304 308 311 319 
314 10343 0.18310546875000000000 -0.08544921875000000000 0 0 1 0 8 317 315 323 313 311 319 312 320 
315 10344 0.18798828125000000000 -0.08056640625000000000 0 0 1 0 9 316 201 318 312 186 314 198 197 317 
316 10345 0.19287109375000000000 -0.08056640625000000000 0 0 1 0 9 341 213 343 315 198 317 202 201 318 
317 10346 0.18798828125000000000 -0.08544921875000000000 0 0 1 0 8 318 316 324 314 312 320 315 323 
318 10347 0.19287109375000000000 -0.08544921875000000000 0 0 1 0 8 343 341 349 317 315 323 316 324 
319 10348 0.17822265625000000000 -0.09033203125000000000 0 0 1 0 8 320 314 322 308 306 310 313 321 
320 10349 0.18310546875000000000 -0.09033203125000000000 0 0 1 0 8 323 317 325 319 313 321 314 322 
321 10350 0.17822265625000000000 -0.09521484375000000000 0 0 1 0 8 322 320 329 310 308 327 319 328 
322 10351 0.18310546875000000000 -0.09521484375000000000 0 0 1 0 8 325 323 332 321 319 328 320 329 
323 10352 0.18798828125000000000 -0.09033203125000000000 0 0 1 0 8 324 318 326 320 314 322 317 325 
324 10353 0.19287109375000000000 -0.09033203125000000000 0 0 1 0 8 349 343 351 323 317 325 318 326 
325 10354 0.18798828125000000000 -0.09521484375000000000 0 0 1 0 8 326 324 333 322 320 329 323 332 
326 10355 0.19287109375000000000 -0.09521484375000000000 0 0 1 0 8 351 349 373 325 323 332 324 333 
327 10356 0.17333984375000000000 -0.10009765625000000000 0 0 1 0 8 328 321 330 456 309 457 310 458 
328 10357 0.17822265625000000000 -0.10009765625000000000 0 0 1 0 8 329 322 331 327 310 458 321 330 
329 10358 0.18310546875000000000 -0.10009765625000000000 0 0 1 0 8 332 325 334 328 321 330 322 331 
330 10359 0.17822265625000000000 -0.10498046875000000000 0 0 1 0 8 331 329 336 458 327 459 328 460 
331 10360 0.18310546875000000000 -0.10498046875000000000 0 0 1 0 8 334 332 337 330 328 460 329 336 
332 10361 0.18798828125000000000 -0.10009765625000000000 0 0 1 0 8 333 326 335 329 322 331 325 334 
333 10362 0.19287109375000000000 -0.10009765625000000000 0 0 1 0 8 373 351 375 332 325 334 326 335 
334 10363 0.18798828125000000000 -0.10498046875000000000 0 0 1 0 8 335 333 338 331 329 336 332 337 
335 10364 0.19287109375000000000 -0.10498046875000000000 0 0 1 0 8 375 373 381 334 332 337 333 338 
336 10365 0.18310546875000000000 -0.10986328125000000000 0 0 1 0 8 337 334 339 460 330 461 331 462 
337 10366 0.18798828125000000000 -0.10986328125000000000 0 0 1 0 8 338 335 340 336 331 462 334 339 
338 10367 0.19287109375000000000 -0.10986328125000000000 0 0 1 0 8 381 375 383 337 334 339 335 340 
339 10368 0.18798828125000000000 -0.11474609375000000000 0 0 1 0 8 340 338 464 462 336 463 337 405 
340 10369 0.19287109375000000000 -0.11474609375000000000 0 0 1 0 8 383 381 405 339 337 464 338 463 
341 10370 0.19775390625000000000 -0.08056640625000000000 0 0 1 0 8 342 214 344 316 202 318 213 343 
342 10371 0.20263671875000000000 -0.08056640625000000000 0 0 1 0 8 345 217 347 341 213 343 214 344 
343 10372 0.19775390625000000000 -0.08544921875000000000 0 0 1 0 8 344 342 350 318 316 324 341 349 
344 10373 0.20263671875000000000 -0.08544921875000000000 0 0 1 0 8 347 345 353 343 341 349 342 350 
345 10374 0.20751953125000000000 -0.08056640625000000000 0 0 1 0 8 346 218 348 342 214 344 217 347 
346 10375 0.21240234375000000000 -0.08056640625000000000 0 0 1 0 8 357 261 359 345 217 347 218 348 
347 10376 0.20751953125000000000 -0.08544921875000000000 0 0 1 0 8 348 346 354 344 342 350 345 353 
348 10377 0.21240234375000000000 -0.08544921875000000000 0 0 1 0 8 359 357 365 347 345 353 346 354 
349 10378 0.19775390625000000000 -0.09033203125000000000 0 0 1 0 8 350 344 352 324 318 326 343 351 
350 10379 0.20263671875000000000 -0.09033203125000000000 0 0 1 0 8 353 347 355 349 343 351 344 352 
351 10380 0.19775390625000000000 -0.09521484375000000000 0 0 1 0 8 352 350 374 326 324 333 349 373 
352 10381 0.20263671875000000000 -0.09521484375000000000 0 0 1 0 8 355 353 377 351 349 373 350 374 
353 10382 0.20751953125000000000 -0.09033203125000000000 0 0 1 0 8 354 348 356 350 344 352 347 355 
354 10383 0.21240234375000000000 -0.09033203125000000000 0 0 1 0 8 365 359 367 353 347 355 348 356 
355 10384 0.20751953125000000000 -0.09521484375000000000 0 0 1 0 8 356 354 378 352 350 374 353 377 
356 10385 0.21240234375000000000 -0.09521484375000000000 0 0 1 0 8 367 365 389 355 353 377 354 378 
357 10386 0.21728515625000000000 -0.08056640625000000000 0 0 1 0 9 358 265 360 346 218 348 262 261 359 
358 10387 0.22216796875000000000 -0.08056640625000000000 0 0 1 0 9 361 277 363 357 262 359 266 265 360 
359 10388 0.21728515625000000000 -0.08544921875000000000 0 0 1 0 8 360 358 366 348 346 354 357 365 
360 10389 0.22216796875000000000 -0.08544921875000000000 0 0 1 0 8 363 361 369 359 357 365 358 366 
361 10390 0.22705078125000000000 -0.08056640625000000000 0 0 1 0 9 362 281 364 358 266 360 278 277 363 
362 10391 0.23193359375000000000 -0.08056640625000000000 0 0 1 0 9 409 296 411 361 278 363 282 281 364 
363 10392 0.22705078125000000000 -0.08544921875000000000 0 0 1 0 8 364 362 370 360 358 366 361 369 
364 10393 0.23193359375000000000 -0.08544921875000000000 0 0 1 0 8 411 409 413 363 361 369 362 370 
365 10394 0.21728515625000000000 -0.09033203125000000000 0 0 1 0 8 366 360 368 354 348 356 359 367 
366 10395 0.22216796875000000000 -0.09033203125000000000 0 0 1 0 8 369 363 371 365 359 367 360 368 
367 10396 0.21728515625000000000 -0.09521484375000000000 0 0 1 0 8 368 366 390 356 354 378 365 389 
368 10397 0.22216796875000000000 -0.09521484375000000000 0 0 1 0 8 371 369 393 367 365 389 366 390 
369 10398 0.22705078125000000000 -0.09033203125000000000 0 0 1 0 8 370 364 372 366 360 368 363 371 
370 10399 0.23193359375000000000 -0.09033203125000000000 0 0 1 0 8 413 411 415 369 363 371 364 372 
371 10400 0.22705078125000000000 -0.09521484375000000000 0 0 1 0 8 372 370 394 368 366 390 369 393 
372 10401 0.23193359375000000000 -0.09521484375000000000 0 0 1 0 8 415 413 417 371 369 393 370 394 
373 10402 0.19775390625000000000 -0.10009765625000000000 0 0 1 0 8 374 352 376 333 326 335 351 375 
374 10403 0.20263671875000000000 -0.10009765625000000000 0 0 1 0 8 377 355 379 373 351 375 352 376 
375 10404 0.19775390625000000000 -0.10498046875000000000 0 0 1 0 8 376 374 382 335 333 338 373 381 
376 10405 0.20263671875000000000 -0.10498046875000000000 0 0 1 0 8 379 377 385 375 373 381 374 382 
377 10406 0.20751953125000000000 -0.10009765625000000000 0 0 1 0 8 378 356 380 374 352 376 355 379 
378 10407 0.21240234375000000000 -0.10009765625000000000 0 0 1 0 8 389 367 391 377 355 379 356 380 
379 10408 0.20751953125000000000 -0.10498046875000000000 0 0 1 0 8 380 378 386 376 374 382 377 385 
380 10409 0.21240234375000000000 -0.10498046875000000000 0 0 1 0 8 391 389 397 379 377 385 378 386 
381 10410 0.19775390625000000000 -0.10986328125000000000 0 0 1 0 8 382 376 384 338 335 340 375 383 
382 10411 0.20263671875000000000 -0.10986328125000000000 0 0 1 0 8 385 379 387 381 375 383 376 384 
383 10412 0.19775390625000000000 -0.11474609375000000000 0 0 1 0 8 384 382 405 340 338 464 381 406 
384 10413 0.20263671875000000000 -0.11474609375000000000 0 0 1 0 8 387 385 406 383 381 405 382 464 
385 10414 0.20751953125000000000 -0.10986328125000000000 0 0 1 0 8 386 380 388 382 376 384 379 387 
386 10415 0.21240234375000000000 -0.10986328125000000000 0 0 1 0 8 397 391 399 385 379 387 380 388 
387 10416 0.20751953125000000000 -0.11474609375000000000 0 0 1 0 8 388 386 406 384 382 405 385 407 
388 10417 0.21240234375000000000 -0.11474609375000000000 0 0 1 0 8 399 397 407 387 385 406 386 405 
389 10418 0.21728515625000000000 -0.10009765625000000000 0 0 1 0 8 390 368 392 378 356 380 367 391 
390 10419 0.22216796875000000000 -0.10009765625000000000 0 0 1 0 8 393 371 395 389 367 391 368 392 
391 10420 0.21728515625000000000 -0.10498046875000000000 0 0 1 0 8 392 390 398 380 378 386 389 397 
392 10421 0.22216796875000000000 -0.10498046875000000000 0 0 1 0 8 395 393 401 391 389 397 390 398 
393 10422 0.22705078125000000000 -0.10009765625000000000 0 0 1 0 8 394 372 396 390 368 392 371 395 
394 10423 0.23193359375000000000 -0.10009765625000000000 0 0 1 0 8 417 415 419 393 371 395 372 396 
395 10424 0.22705078125000000000 -0.10498046875000000000 0 0 1 0 8 396 394 402 392 390 398 393 401 
396 10425 0.23193359375000000000 -0.10498046875000000000 0 0 1 0 8 419 417 421 395 393 401 394 402 
397 10426 0.21728515625000000000 -0.10986328125000000000 0 0 1 0 8 398 392 400 386 380 388 391 399 
398 10427 0.22216796875000000000 -0.10986328125000000000 0 0 1 0 8 401 395 403 397 391 399 392 400 
399 10428 0.21728515625000000000 -0.11474609375000000000 0 0 1 0 8 400 398 407 388 386 406 397 408 
400 10429 0.22216796875000000000 -0.11474609375000000000 0 0 1 0 8 403 401 408 399 397 407 398 406 
401 10430 0.22705078125000000000 -0.10986328125000000000 0 0 1 0 8 402 396 404 398 392 400 395 403 
402 10431 0.23193359375000000000 -0.10986328125000000000 0 0 1 0 8 421 419 423 401 395 403 396 404 
403 10432 0.22705078125000000000 -0.11474609375000000000 0 0 1 0 8 404 402 408 400 398 407 401 425 
404 10433 0.23193359375000000000 -0.11474609375000000000 0 0 1 0 8 423 421 425 403 401 408 402 407 
405 10434 0.20019531250000000000 -0.12207031250000000000 0 0 1 0 9 406 387 467 464 340 465 384 383 466 
406 10435 0.20996093750000000000 -0.12207031250000000000 0 0 1 0 9 407 399 468 405 384 466 388 387 467 
407 10436 0.21972656250000000000 -0.12207031250000000000 0 0 1 0 9 408 403 469 406 388 467 400 399 468 
408 10437 0.22949218750000000000 -0.12207031250000000000 0 0 1 0 9 425 423 479 407 400 468 404 403 469 
409 10438 0.23681640625000000000 -0.08056640625000000000 0 0 1 0 9 410 300 412 362 282 364 297 296 411 
410 10439 0.24169921875000000000 -0.08056640625000000000 0 0 1 0 9 470 449 471 409 297 411 301 300 412 
411 10440 0.23681640625000000000 -0.08544921875000000000 0 0 1 0 8 412 410 414 364 362 370 409 413 
412 10441 0.24169921875000000000 -0.08544921875000000000 0 0 1 0 8 471 470 472 411 409 413 410 414 
413 10442 0.23681640625000000000 -0.09033203125000000000 0 0 1 0 8 414 412 416 370 364 372 411 415 
414 10443 0.24169921875000000000 -0.09033203125000000000 0 0 1 0 8 472 471 473 413 411 415 412 416 
415 10444 0.23681640625000000000 -0.09521484375000000000 0 0 1 0 8 416 414 418 372 370 394 413 417 
416 10445 0.24169921875000000000 -0.09521484375000000000 0 0 1 0 8 473 472 474 415 413 417 414 418 
417 10446 0.23681640625000000000 -0.10009765625000000000 0 0 1 0 8 418 416 420 394 372 396 415 419 
418 10447 0.24169921875000000000 -0.10009765625000000000 0 0 1 0 8 474 473 475 417 415 419 416 420 
419 10448 0.23681640625000000000 -0.10498046875000000000 0 0 1 0 8 420 418 422 396 394 402 417 421 
420 10449 0.24169921875000000000 -0.10498046875000000000 0 0 1 0 8 475 474 476 419 417 421 418 422 
421 10450 0.23681640625000000000 -0.10986328125000000000 0 0 1 0 8 422 420 424 402 396 404 419 423 
422 10451 0.24169921875000000000 -0.10986328125000000000 0 0 1 0 8 476 475 477 421 419 423 420 424 
423 10452 0.23681640625000000000 -0.11474609375000000000 0 0 1 0 8 424 422 425 404 402 408 421 478 
424 10453 0.24169921875000000000 -0.11474609375000000000 0 0 1 0 8 477 476 478 423 421 425 422 408 
425 10454 0.23925781250000000000 -0.12207031250000000000 0 0 1 0 9 478 477 480 408 404 469 424 423 479 
