445 1336 0.31148744000000000431 0.05944026599999999855 
446 886 0.43413051000000002499 0.05590409899999999876 
447 887 0.44384410000000001917 0.05542415299999999684 
448 991 0.16601562500000000000 0.18554687500000000000 
449 992 0.18554687500000000000 0.18554687500000000000 
450 459 0.16601562500000000000 0.16601562500000000000 
451 993 0.20507812500000000000 0.18554687500000000000 
452 994 0.22460937500000000000 0.18554687500000000000 
453 1003 0.24414062500000000000 0.18554687500000000000 
454 1004 0.26367187500000000000 0.18554687500000000000 
455 1005 0.28320312500000000000 0.18554687500000000000 
456 1006 0.30273437500000000000 0.18554687500000000000 
457 868 0.17089843750000000000 0.15136718750000000000 
458 870 0.17089843750000000000 0.14160156250000000000 
459 872 0.17089843750000000000 0.13183593750000000000 
460 874 0.17089843750000000000 0.12207031250000000000 
461 1337 0.22949218750000000000 0.12207031250000000000 
462 880 0.17333984375000000000 0.11474609375000000000 
463 882 0.17333984375000000000 0.10986328125000000000 
464 266 0.17333984375000000000 0.10498046875000000000 
465 269 0.17822265625000000000 0.10498046875000000000 
466 270 0.17822265625000000000 0.10009765625000000000 
467 271 0.18310546875000000000 0.10009765625000000000 
468 289 0.18310546875000000000 0.09521484375000000000 
469 292 0.18798828125000000000 0.09521484375000000000 
470 293 0.18798828125000000000 0.09033203125000000000 
471 294 0.19287109375000000000 0.09033203125000000000 
472 1338 0.21240234375000000000 0.10498046875000000000 
473 1339 0.20751953125000000000 0.10009765625000000000 
474 1340 0.21240234375000000000 0.10009765625000000000 
475 1341 0.22216796875000000000 0.11474609375000000000 
476 1342 0.21728515625000000000 0.10986328125000000000 
477 1343 0.22216796875000000000 0.10986328125000000000 
478 1344 0.22705078125000000000 0.11474609375000000000 
479 1346 0.22705078125000000000 0.10986328125000000000 
480 1348 0.21728515625000000000 0.10498046875000000000 
481 1356 0.20263671875000000000 0.09521484375000000000 
482 303 0.19775390625000000000 0.09033203125000000000 
483 1357 0.20263671875000000000 0.09033203125000000000 
484 1358 0.20751953125000000000 0.09521484375000000000 
485 1384 0.23925781250000000000 0.12207031250000000000 
486 1385 0.24902343750000000000 0.12207031250000000000 
487 1386 0.25878906250000000000 0.12207031250000000000 
488 1404 0.26123046875000000000 0.11474609375000000000 
489 1406 0.26123046875000000000 0.10986328125000000000 
490 1407 0.26611328125000000000 0.11474609375000000000 
491 1408 0.27099609375000000000 0.11474609375000000000 
492 1410 0.27099609375000000000 0.10986328125000000000 
493 1416 0.27099609375000000000 0.10498046875000000000 
494 1451 0.27587890625000000000 0.10498046875000000000 
495 1452 0.27587890625000000000 0.10009765625000000000 
496 1453 0.28076171875000000000 0.10009765625000000000 
497 1455 0.28076171875000000000 0.09521484375000000000 
498 1458 0.28564453125000000000 0.09521484375000000000 
499 1459 0.29052734375000000000 0.09521484375000000000 
500 1470 0.29541015625000000000 0.09521484375000000000 
501 1471 0.29541015625000000000 0.09033203125000000000 
502 1472 0.30029296875000000000 0.09033203125000000000 
503 1474 0.30029296875000000000 0.08544921875000000000 
504 1477 0.30517578125000000000 0.08544921875000000000 
505 1478 0.30517578125000000000 0.08056640625000000000 
506 1479 0.31005859375000000000 0.08056640625000000000 
507 1698 0.31127929687500000000 0.07690429687500000000 
508 1700 0.31127929687500000000 0.07446289062500000000 
509 1047 0.32226562500000000000 0.18554687500000000000 
510 1048 0.34179687500000000000 0.18554687500000000000 
511 1049 0.36132812500000000000 0.18554687500000000000 
512 1051 0.36132812500000000000 0.16601562500000000000 
513 1052 0.38085937500000000000 0.16601562500000000000 
514 1124 0.36621093750000000000 0.15136718750000000000 
515 1125 0.37597656250000000000 0.15136718750000000000 
516 1127 0.37597656250000000000 0.14160156250000000000 
517 1128 0.38574218750000000000 0.14160156250000000000 
518 1129 0.38574218750000000000 0.13183593750000000000 
519 1138 0.39550781250000000000 0.13183593750000000000 
520 1139 0.40527343750000000000 0.13183593750000000000 
521 1140 0.40527343750000000000 0.12207031250000000000 
522 1143 0.41503906250000000000 0.12207031250000000000 
523 1161 0.41503906250000000000 0.11230468750000000000 
524 1162 0.42480468750000000000 0.11230468750000000000 
525 1163 0.42480468750000000000 0.10253906250000000000 
526 1166 0.43457031250000000000 0.10253906250000000000 
527 1172 0.43457031250000000000 0.09277343750000000000 
528 1173 0.44433593750000000000 0.09277343750000000000 
529 1174 0.44433593750000000000 0.08300781250000000000 
530 1755 0.31372070312500000000 0.07446289062500000000 
531 1756 0.31372070312500000000 0.07202148437500000000 
532 1757 0.31372070312500000000 0.06958007812500000000 
533 1758 0.31494140625000000000 0.06591796875000000000 
534 1759 0.31494140625000000000 0.06103515625000000000 
535 1179 0.43701171875000000000 0.07568359375000000000 
536 1180 0.43701171875000000000 0.07080078125000000000 
537 1181 0.44189453125000000000 0.07568359375000000000 
538 1183 0.44189453125000000000 0.07080078125000000000 
539 1185 0.43701171875000000000 0.06591796875000000000 
540 1186 0.43701171875000000000 0.06103515625000000000 
