439 7181 0.99121093750000000000 0.04394531250000000000 
440 7182 1.00097656250000000000 0.05371093750000000000 
441 7183 1.01074218750000000000 0.05371093750000000000 
442 7184 1.00097656250000000000 0.04394531250000000000 
443 7202 0.99365234375000000000 0.03662109375000000000 
444 7203 0.98876953125000000000 0.03173828125000000000 
445 7204 0.99365234375000000000 0.03173828125000000000 
446 7207 0.98876953125000000000 0.02685546875000000000 
447 6641 0.98876953125000000000 0.02197265625000000000 
448 7208 0.99853515625000000000 0.03662109375000000000 
449 6659 0.98999023437500000000 0.01831054687500000000 
450 6661 0.98999023437500000000 0.01586914062500000000 
451 6662 0.99243164062500000000 0.01586914062500000000 
452 6667 0.99243164062500000000 0.01342773437500000000 
453 6668 0.99243164062500000000 0.01098632812500000000 
454 6669 0.99487304687500000000 0.01098632812500000000 
455 6756 0.99548339843750000000 0.00915527343750000000 
456 6758 0.99548339843750000000 0.00793457031250000000 
457 6873 0.99670410156250000000 0.00793457031250000000 
458 6874 0.99670410156250000000 0.00671386718750000000 
459 8267 0.99792480468750000000 0.00671386718750000000 
460 8270 0.99914550781250000000 0.00671386718750000000 
461 8271 1.00036621093750000000 0.00671386718750000000 
462 8274 1.00158691406250000000 0.00671386718750000000 
463 8275 1.00280761718750000000 0.00671386718750000000 
464 8278 1.00402832031250000000 0.00671386718750000000 
465 8279 1.00402832031250000000 0.00549316406250000000 
466 8280 1.00524902343750000000 0.00549316406250000000 
467 8423 1.00555419921875000000 0.00457763671875000000 
468 8425 1.00555419921875000000 0.00396728515625000000 
469 8514 1.00646972656250000000 0.00427246093750000000 
470 8515 1.00646972656250000000 0.00305175781250000000 
471 8516 1.00646972656250000000 0.00183105468750000000 
472 8517 1.00646972656250000000 0.00061035156250000000 
473 7217 1.02050781250000000000 0.05371093750000000000 
474 7218 1.03027343750000000000 0.05371093750000000000 
475 7219 1.04003906250000000000 0.05371093750000000000 
476 7220 1.04980468750000000000 0.05371093750000000000 
477 7229 1.05957031250000000000 0.05371093750000000000 
478 7230 1.06933593750000000000 0.05371093750000000000 
479 7231 1.06933593750000000000 0.04394531250000000000 
480 7234 1.07910156250000000000 0.04394531250000000000 
481 7236 1.07910156250000000000 0.03417968750000000000 
482 7237 1.08886718750000000000 0.03417968750000000000 
483 7238 1.08886718750000000000 0.02441406250000000000 
484 7279 1.10351562500000000000 0.02929687500000000000 
485 7281 1.10351562500000000000 0.00976562500000000000 
486 8688 1.00555419921875000000 -0.00457763671875000000 
487 8691 1.00280761718750000000 -0.00671386718750000000 
488 8692 1.00402832031250000000 -0.00549316406250000000 
489 8693 1.00524902343750000000 -0.00549316406250000000 
490 8694 1.00402832031250000000 -0.00671386718750000000 
491 5627 1.00280761718750000000 -0.00793457031250000000 
492 5629 1.00280761718750000000 -0.00915527343750000000 
493 8695 1.00646972656250000000 -0.00061035156250000000 
494 8696 1.00646972656250000000 -0.00183105468750000000 
495 8697 1.00646972656250000000 -0.00305175781250000000 
496 8698 1.00646972656250000000 -0.00427246093750000000 
497 5634 1.00219726562500000000 -0.01098632812500000000 
498 5635 1.00219726562500000000 -0.01342773437500000000 
499 5640 1.00219726562500000000 -0.01586914062500000000 
500 5641 1.00463867187500000000 -0.01586914062500000000 
501 5643 1.00463867187500000000 -0.01831054687500000000 
502 5649 1.00341796875000000000 -0.02197265625000000000 
503 5856 1.00341796875000000000 -0.02685546875000000000 
504 5857 1.00830078125000000000 -0.02685546875000000000 
505 5858 1.01318359375000000000 -0.02685546875000000000 
506 5947 1.01806640625000000000 -0.02685546875000000000 
507 5948 1.02294921875000000000 -0.02685546875000000000 
508 5949 1.02783203125000000000 -0.02685546875000000000 
509 5950 1.03271484375000000000 -0.02685546875000000000 
510 5959 1.03759765625000000000 -0.02685546875000000000 
511 5960 1.04248046875000000000 -0.02685546875000000000 
512 5961 1.04736328125000000000 -0.02685546875000000000 
513 5962 1.05224609375000000000 -0.02685546875000000000 
514 5971 1.08886718750000000000 -0.00488281250000000000 
515 5972 1.07910156250000000000 -0.01464843750000000000 
516 5973 1.08886718750000000000 -0.01464843750000000000 
517 5974 1.05957031250000000000 -0.02441406250000000000 
518 5975 1.06933593750000000000 -0.02441406250000000000 
519 5976 1.05957031250000000000 -0.03417968750000000000 
520 5978 1.07910156250000000000 -0.02441406250000000000 
521 6088 1.10351562500000000000 -0.00976562500000000000 
