446 16279 0.99609375000000000000 0.37109375000000000000 
447 3950 0.99609375000000000000 0.33203125000000000000 
448 16280 1.03515625000000000000 0.37109375000000000000 
449 16281 1.07421875000000000000 0.37109375000000000000 
450 16289 1.23046875000000000000 0.41015625000000000000 
451 16290 1.11328125000000000000 0.37109375000000000000 
452 16291 1.15234375000000000000 0.37109375000000000000 
453 16292 1.19140625000000000000 0.37109375000000000000 
454 16293 1.23046875000000000000 0.37109375000000000000 
455 4069 0.92773437500000000000 0.20507812500000000000 
456 4074 0.92773437500000000000 0.18554687500000000000 
457 2217 0.92773437500000000000 0.16601562500000000000 
458 2250 0.93261718750000000000 0.15136718750000000000 
459 2252 0.93261718750000000000 0.14160156250000000000 
460 2258 0.93261718750000000000 0.13183593750000000000 
461 2260 0.93261718750000000000 0.12207031250000000000 
462 2282 0.93261718750000000000 0.11230468750000000000 
463 2290 0.93261718750000000000 0.09277343750000000000 
464 2292 0.93261718750000000000 0.08300781250000000000 
465 2567 0.93017578125000000000 0.07568359375000000000 
466 2568 0.93505859375000000000 0.07568359375000000000 
467 2569 0.93017578125000000000 0.07080078125000000000 
468 2574 0.93017578125000000000 0.06591796875000000000 
469 2575 0.93017578125000000000 0.06103515625000000000 
470 2675 0.93017578125000000000 0.05615234375000000000 
471 2676 0.93505859375000000000 0.05615234375000000000 
472 2678 0.93505859375000000000 0.05126953125000000000 
473 4325 1.00585937500000000000 0.30273437500000000000 
474 4327 1.00585937500000000000 0.28320312500000000000 
475 4331 0.96679687500000000000 0.24414062500000000000 
476 4332 0.98632812500000000000 0.26367187500000000000 
477 4333 1.00585937500000000000 0.26367187500000000000 
478 4334 0.98632812500000000000 0.24414062500000000000 
479 4335 0.94726562500000000000 0.22460937500000000000 
480 4336 0.96679687500000000000 0.22460937500000000000 
481 4337 0.94726562500000000000 0.20507812500000000000 
482 2625 0.94238281250000000000 0.11230468750000000000 
483 2626 0.94238281250000000000 0.10253906250000000000 
484 2627 0.94238281250000000000 0.09277343750000000000 
485 3023 0.93994140625000000000 0.05126953125000000000 
486 3024 0.93994140625000000000 0.04638671875000000000 
487 3025 0.94482421875000000000 0.04638671875000000000 
488 3027 0.94482421875000000000 0.04150390625000000000 
489 3028 0.94970703125000000000 0.04150390625000000000 
490 7829 1.01074218750000000000 0.04394531250000000000 
491 3033 0.94970703125000000000 0.03662109375000000000 
492 3034 0.95458984375000000000 0.03662109375000000000 
493 3036 0.95458984375000000000 0.03173828125000000000 
494 6546 0.95458984375000000000 0.02685546875000000000 
495 6548 0.95458984375000000000 0.02197265625000000000 
496 6549 0.95947265625000000000 0.02197265625000000000 
497 6550 0.96435546875000000000 0.02197265625000000000 
498 6551 0.96923828125000000000 0.02197265625000000000 
499 6552 0.97412109375000000000 0.02197265625000000000 
500 6639 0.97900390625000000000 0.02197265625000000000 
501 6640 0.98388671875000000000 0.02197265625000000000 
502 7830 0.99365234375000000000 0.02685546875000000000 
503 6641 0.98876953125000000000 0.02197265625000000000 
504 7831 0.99365234375000000000 0.02197265625000000000 
505 7832 1.00341796875000000000 0.03662109375000000000 
506 7833 0.99853515625000000000 0.03173828125000000000 
507 7834 1.00341796875000000000 0.03173828125000000000 
508 7835 1.00830078125000000000 0.03662109375000000000 
509 7837 1.00830078125000000000 0.03173828125000000000 
510 7839 0.99853515625000000000 0.02685546875000000000 
511 7959 1.02050781250000000000 0.04394531250000000000 
512 7960 1.03027343750000000000 0.04394531250000000000 
513 7961 1.04003906250000000000 0.04394531250000000000 
514 7962 1.04980468750000000000 0.04394531250000000000 
515 7963 1.05957031250000000000 0.04394531250000000000 
516 8076 1.05957031250000000000 0.03417968750000000000 
517 8077 1.06933593750000000000 0.03417968750000000000 
518 8079 1.06933593750000000000 0.02441406250000000000 
519 8080 1.07910156250000000000 0.02441406250000000000 
520 8085 1.07910156250000000000 0.01464843750000000000 
521 8086 1.08886718750000000000 0.01464843750000000000 
522 8088 1.08886718750000000000 0.00488281250000000000 
523 16382 1.28906250000000000000 0.42968750000000000000 
524 16383 1.36718750000000000000 0.42968750000000000000 
525 16384 1.44531250000000000000 0.42968750000000000000 
526 16386 1.44531250000000000000 0.35156250000000000000 
527 16404 1.42578125000000000000 0.29296875000000000000 
528 16406 1.42578125000000000000 0.25390625000000000000 
529 16412 1.42578125000000000000 0.21484375000000000000 
530 16414 1.42578125000000000000 0.17578125000000000000 
531 16420 1.42578125000000000000 0.13671875000000000000 
532 16422 1.42578125000000000000 0.09765625000000000000 
533 16428 1.42578125000000000000 0.05859375000000000000 
534 13445 1.42578125000000000000 0.01953125000000000000 
535 5971 1.08886718750000000000 -0.00488281250000000000 
536 5973 1.08886718750000000000 -0.01464843750000000000 
537 6013 1.08886718750000000000 -0.07324218750000000000 
538 6082 1.06445312500000000000 -0.08789062500000000000 
539 6083 1.08398437500000000000 -0.08789062500000000000 
540 6084 1.06445312500000000000 -0.10742187500000000000 
541 15004 1.06445312500000000000 -0.12695312500000000000 
542 15005 1.06445312500000000000 -0.14648437500000000000 
543 15006 1.08398437500000000000 -0.14648437500000000000 
544 6088 1.10351562500000000000 -0.00976562500000000000 
545 6089 1.10351562500000000000 -0.02929687500000000000 
546 6090 1.10351562500000000000 -0.04882812500000000000 
547 6091 1.10351562500000000000 -0.06835937500000000000 
548 15024 1.08398437500000000000 -0.16601562500000000000 
549 15067 1.11328125000000000000 -0.17578125000000000000 
550 15068 1.11328125000000000000 -0.21484375000000000000 
551 13525 1.15234375000000000000 -0.21484375000000000000 
552 13526 1.19140625000000000000 -0.21484375000000000000 
553 13527 1.23046875000000000000 -0.21484375000000000000 
554 13694 1.38671875000000000000 -0.01953125000000000000 
555 13695 1.34765625000000000000 -0.05859375000000000000 
556 13696 1.38671875000000000000 -0.05859375000000000000 
557 13697 1.30859375000000000000 -0.09765625000000000000 
558 13698 1.30859375000000000000 -0.13671875000000000000 
559 13699 1.34765625000000000000 -0.09765625000000000000 
560 13703 1.42578125000000000000 -0.01953125000000000000 
561 13719 1.26953125000000000000 -0.17578125000000000000 
562 13720 1.30859375000000000000 -0.17578125000000000000 
563 13721 1.26953125000000000000 -0.21484375000000000000 
