441 17070 -1.40625000000000000000 1.40625000000000000000 
442 17128 -0.39062500000000000000 1.48437500000000000000 
443 17129 -0.54687500000000000000 1.32812500000000000000 
444 17130 -0.39062500000000000000 1.32812500000000000000 
445 17131 -0.23437500000000000000 1.48437500000000000000 
446 17132 -0.07812500000000000000 1.48437500000000000000 
447 17134 -1.71875000000000000000 1.09375000000000000000 
448 17135 -1.40625000000000000000 1.09375000000000000000 
449 17136 -1.71875000000000000000 0.78125000000000000000 
450 15185 -1.71875000000000000000 0.46875000000000000000 
451 15186 -1.71875000000000000000 0.15625000000000000000 
452 15187 -1.40625000000000000000 0.15625000000000000000 
453 17137 -1.17187500000000000000 1.17187500000000000000 
454 17138 -1.01562500000000000000 1.17187500000000000000 
455 17139 -0.85937500000000000000 1.17187500000000000000 
456 17140 -0.70312500000000000000 1.17187500000000000000 
457 17142 -0.50781250000000000000 1.21093750000000000000 
458 17143 -0.58593750000000000000 1.13281250000000000000 
459 17144 -0.50781250000000000000 1.13281250000000000000 
460 17145 -0.42968750000000000000 1.21093750000000000000 
461 12582 -0.10742187500000000000 0.16601562500000000000 
462 12583 -0.08789062500000000000 0.16601562500000000000 
463 12584 -0.04882812500000000000 0.20507812500000000000 
464 12585 -0.02929687500000000000 0.22460937500000000000 
465 12586 -0.00976562500000000000 0.22460937500000000000 
466 12587 -0.02929687500000000000 0.20507812500000000000 
467 12589 -0.06835937500000000000 0.18554687500000000000 
468 12590 -0.04882812500000000000 0.18554687500000000000 
469 12591 -0.06835937500000000000 0.16601562500000000000 
470 12597 -0.17578125000000000000 0.09765625000000000000 
471 13002 -0.29296875000000000000 0.01953125000000000000 
472 13003 -0.25390625000000000000 0.01953125000000000000 
473 12598 -0.17578125000000000000 0.05859375000000000000 
474 13004 -0.21484375000000000000 0.01953125000000000000 
475 12599 -0.17578125000000000000 0.01953125000000000000 
476 12600 -0.12695312500000000000 0.14648437500000000000 
477 12601 -0.14648437500000000000 0.12695312500000000000 
478 12602 -0.12695312500000000000 0.12695312500000000000 
479 12603 -0.10742187500000000000 0.14648437500000000000 
480 12607 -0.14648437500000000000 0.10742187500000000000 
481 12609 -0.14648437500000000000 0.08789062500000000000 
482 17335 0.07812500000000000000 1.48437500000000000000 
483 17336 0.23437500000000000000 1.48437500000000000000 
484 17337 0.39062500000000000000 1.48437500000000000000 
485 16043 0.39062500000000000000 1.32812500000000000000 
486 16044 0.54687500000000000000 1.32812500000000000000 
487 16123 0.42968750000000000000 1.21093750000000000000 
488 16124 0.42968750000000000000 1.13281250000000000000 
489 16129 0.42968750000000000000 1.05468750000000000000 
490 16130 0.42968750000000000000 0.97656250000000000000 
491 16133 0.50781250000000000000 0.97656250000000000000 
492 16135 0.50781250000000000000 0.89843750000000000000 
493 16137 0.50781250000000000000 0.82031250000000000000 
494 16138 0.58593750000000000000 0.82031250000000000000 
495 16139 0.58593750000000000000 0.74218750000000000000 
496 16180 0.66406250000000000000 0.74218750000000000000 
497 16182 0.66406250000000000000 0.66406250000000000000 
498 16183 0.74218750000000000000 0.66406250000000000000 
499 896 0.13671875000000000000 0.33203125000000000000 
500 897 0.17578125000000000000 0.37109375000000000000 
501 898 0.21484375000000000000 0.37109375000000000000 
502 899 0.17578125000000000000 0.33203125000000000000 
503 901 0.25390625000000000000 0.37109375000000000000 
504 902 0.29296875000000000000 0.37109375000000000000 
505 905 0.33203125000000000000 0.37109375000000000000 
506 906 0.37109375000000000000 0.37109375000000000000 
507 909 0.41015625000000000000 0.37109375000000000000 
508 910 0.44921875000000000000 0.37109375000000000000 
509 3909 0.60546875000000000000 0.44921875000000000000 
510 3910 0.56640625000000000000 0.41015625000000000000 
511 3911 0.60546875000000000000 0.41015625000000000000 
512 913 0.48828125000000000000 0.37109375000000000000 
513 914 0.52734375000000000000 0.37109375000000000000 
514 3912 0.56640625000000000000 0.37109375000000000000 
515 918 0.06835937500000000000 0.26367187500000000000 
516 919 0.04882812500000000000 0.24414062500000000000 
517 920 0.06835937500000000000 0.24414062500000000000 
518 921 0.10742187500000000000 0.30273437500000000000 
519 922 0.08789062500000000000 0.28320312500000000000 
520 923 0.10742187500000000000 0.28320312500000000000 
521 924 0.12695312500000000000 0.30273437500000000000 
522 926 0.12695312500000000000 0.28320312500000000000 
523 928 0.08789062500000000000 0.26367187500000000000 
524 12884 0.00976562500000000000 0.22460937500000000000 
525 12885 0.02929687500000000000 0.22460937500000000000 
526 936 0.04882812500000000000 0.22460937500000000000 
527 16204 0.68359375000000000000 0.60546875000000000000 
528 16205 0.68359375000000000000 0.56640625000000000000 
529 3922 0.68359375000000000000 0.52734375000000000000 
530 3923 0.64453125000000000000 0.48828125000000000000 
531 3924 0.68359375000000000000 0.48828125000000000000 
532 3926 0.64453125000000000000 0.44921875000000000000 
533 15219 -1.40625000000000000000 -0.15625000000000000000 
534 15230 -1.17187500000000000000 -0.07812500000000000000 
535 15231 -1.17187500000000000000 -0.23437500000000000000 
536 15232 -1.01562500000000000000 -0.23437500000000000000 
537 15234 -1.01562500000000000000 -0.39062500000000000000 
538 15237 -0.85937500000000000000 -0.39062500000000000000 
539 13446 -0.70312500000000000000 -0.39062500000000000000 
540 13005 -0.35156250000000000000 -0.03906250000000000000 
541 13006 -0.42968750000000000000 -0.11718750000000000000 
542 13007 -0.35156250000000000000 -0.11718750000000000000 
543 13008 -0.50781250000000000000 -0.19531250000000000000 
544 13009 -0.58593750000000000000 -0.27343750000000000000 
545 13010 -0.50781250000000000000 -0.27343750000000000000 
546 13011 -0.42968750000000000000 -0.19531250000000000000 
547 13015 -0.29296875000000000000 -0.01953125000000000000 
548 13017 -0.29296875000000000000 -0.05859375000000000000 
549 13125 -0.58593750000000000000 -0.35156250000000000000 
550 13448 -0.58593750000000000000 -0.42968750000000000000 
