433 16966 -8.75000000000000000000 3.75000000000000000000 
434 16969 -6.87500000000000000000 3.12500000000000000000 
435 16970 -5.62500000000000000000 3.12500000000000000000 
436 16981 -4.68750000000000000000 2.81250000000000000000 
437 17051 -4.68750000000000000000 2.18750000000000000000 
438 17052 -4.06250000000000000000 2.18750000000000000000 
439 17053 -3.43750000000000000000 2.18750000000000000000 
440 17054 -2.81250000000000000000 2.18750000000000000000 
441 17057 -2.34375000000000000000 2.03125000000000000000 
442 17063 -2.34375000000000000000 1.71875000000000000000 
443 17065 -2.34375000000000000000 1.40625000000000000000 
444 17066 -2.03125000000000000000 1.40625000000000000000 
445 17133 -2.03125000000000000000 1.09375000000000000000 
446 17134 -1.71875000000000000000 1.09375000000000000000 
447 17136 -1.71875000000000000000 0.78125000000000000000 
448 16478 -1.40625000000000000000 0.78125000000000000000 
449 16479 -1.40625000000000000000 0.46875000000000000000 
450 16553 -1.17187500000000000000 0.39062500000000000000 
451 16559 -1.17187500000000000000 0.23437500000000000000 
452 16561 -1.17187500000000000000 0.07812500000000000000 
453 16562 -1.01562500000000000000 0.07812500000000000000 
454 16905 -1.01562500000000000000 -0.07812500000000000000 
455 16906 -0.85937500000000000000 -0.07812500000000000000 
456 16908 -0.85937500000000000000 -0.23437500000000000000 
457 16909 -0.70312500000000000000 -0.23437500000000000000 
458 13446 -0.70312500000000000000 -0.39062500000000000000 
459 13447 -0.70312500000000000000 -0.54687500000000000000 
460 13454 -0.70312500000000000000 -0.70312500000000000000 
461 13455 -0.70312500000000000000 -0.85937500000000000000 
462 13456 -0.70312500000000000000 -1.01562500000000000000 
463 13457 -0.70312500000000000000 -1.17187500000000000000 
464 13496 -0.58593750000000000000 -1.21093750000000000000 
465 13518 -0.54687500000000000000 -1.32812500000000000000 
466 13519 -0.39062500000000000000 -1.32812500000000000000 
467 13520 -0.39062500000000000000 -1.48437500000000000000 
468 13523 -0.23437500000000000000 -1.48437500000000000000 
469 13524 -0.07812500000000000000 -1.48437500000000000000 
470 13862 0.07812500000000000000 -1.48437500000000000000 
471 13863 0.23437500000000000000 -1.48437500000000000000 
472 13866 0.39062500000000000000 -1.48437500000000000000 
473 13867 0.54687500000000000000 -1.48437500000000000000 
474 13870 0.70312500000000000000 -1.48437500000000000000 
475 13871 0.85937500000000000000 -1.48437500000000000000 
476 13874 1.01562500000000000000 -1.48437500000000000000 
477 13875 1.17187500000000000000 -1.48437500000000000000 
478 15763 1.17187500000000000000 -1.64062500000000000000 
479 15764 1.17187500000000000000 -1.79687500000000000000 
480 15774 1.32812500000000000000 -1.79687500000000000000 
481 15796 1.32812500000000000000 -1.95312500000000000000 
482 15798 1.32812500000000000000 -2.10937500000000000000 
483 15804 1.32812500000000000000 -2.26562500000000000000 
484 15806 1.32812500000000000000 -2.42187500000000000000 
485 15892 1.40625000000000000000 -2.65625000000000000000 
486 15893 1.71875000000000000000 -2.65625000000000000000 
487 15894 1.71875000000000000000 -2.96875000000000000000 
488 15897 2.03125000000000000000 -2.96875000000000000000 
489 15899 2.03125000000000000000 -3.28125000000000000000 
490 15900 2.34375000000000000000 -3.28125000000000000000 
491 15901 2.34375000000000000000 -3.59375000000000000000 
492 15912 2.65625000000000000000 -3.59375000000000000000 
493 15934 2.65625000000000000000 -3.90625000000000000000 
494 15935 2.96875000000000000000 -3.90625000000000000000 
495 15936 2.96875000000000000000 -4.21875000000000000000 
496 15939 3.28125000000000000000 -4.21875000000000000000 
497 15941 3.28125000000000000000 -4.53125000000000000000 
498 15943 3.28125000000000000000 -4.84375000000000000000 
499 16001 3.43750000000000000000 -5.31250000000000000000 
500 16002 4.06250000000000000000 -5.31250000000000000000 
501 16004 4.06250000000000000000 -5.93750000000000000000 
502 16005 4.68750000000000000000 -5.93750000000000000000 
503 16006 4.68750000000000000000 -6.56250000000000000000 
504 16015 5.31250000000000000000 -6.56250000000000000000 
505 16017 5.31250000000000000000 -7.18750000000000000000 
506 16027 5.62500000000000000000 -8.12500000000000000000 
507 16029 5.62500000000000000000 -9.37500000000000000000 
