433 6764 0.99548339843750000000 0.00671386718750000000 
434 6766 0.99548339843750000000 0.00549316406250000000 
435 6821 0.99578857421875000000 0.00457763671875000000 
436 6823 0.99578857421875000000 0.00396728515625000000 
437 6873 0.99670410156250000000 0.00793457031250000000 
438 7885 0.99792480468750000000 0.00793457031250000000 
439 7888 0.99914550781250000000 0.00793457031250000000 
440 7889 1.00036621093750000000 0.00793457031250000000 
441 6874 0.99670410156250000000 0.00671386718750000000 
442 7892 1.00158691406250000000 0.00793457031250000000 
443 7893 1.00280761718750000000 0.00793457031250000000 
444 7896 1.00402832031250000000 0.00793457031250000000 
445 7897 1.00524902343750000000 0.00793457031250000000 
446 7898 1.00524902343750000000 0.00671386718750000000 
447 6875 0.99639892578125000000 0.00396728515625000000 
448 6876 0.99639892578125000000 0.00335693359375000000 
449 6877 0.99700927734375000000 0.00335693359375000000 
450 6879 0.99700927734375000000 0.00274658203125000000 
451 6880 0.99761962890625000000 0.00274658203125000000 
452 6898 0.99777221679687500000 0.00228881835937500000 
453 6900 0.99777221679687500000 0.00198364257812500000 
454 6902 0.99777221679687500000 0.00167846679687500000 
455 6905 0.99807739257812500000 0.00167846679687500000 
456 6906 0.99807739257812500000 0.00137329101562500000 
457 6907 0.99838256835937500000 0.00137329101562500000 
458 6937 0.99845886230468750000 0.00114440917968750000 
459 6939 0.99845886230468750000 0.00099182128906250000 
460 6951 0.99861145019531250000 0.00114440917968750000 
461 6952 0.99861145019531250000 0.00099182128906250000 
462 6953 0.99876403808593750000 0.00099182128906250000 
463 6955 0.99876403808593750000 0.00083923339843750000 
464 6958 0.99891662597656250000 0.00083923339843750000 
465 6959 0.99891662597656250000 0.00068664550781250000 
466 7427 0.99906921386718750000 0.00068664550781250000 
467 7428 0.99922180175781250000 0.00068664550781250000 
468 7429 0.99937438964843750000 0.00068664550781250000 
469 7430 0.99952697753906250000 0.00068664550781250000 
470 7431 0.99967956542968750000 0.00068664550781250000 
471 7480 0.99983215332031250000 0.00068664550781250000 
472 7481 0.99998474121093750000 0.00068664550781250000 
473 7482 1.00013732910156250000 0.00068664550781250000 
474 7483 1.00028991699218750000 0.00068664550781250000 
475 7505 1.00032806396484375000 0.00057220458984375000 
476 7507 1.00032806396484375000 0.00049591064453125000 
477 7546 1.00044250488281250000 0.00053405761718750000 
478 7547 1.00044250488281250000 0.00038146972656250000 
479 7548 1.00044250488281250000 0.00022888183593750000 
480 7549 1.00044250488281250000 0.00007629394531250000 
481 7907 1.00646972656250000000 0.00671386718750000000 
482 7909 1.00646972656250000000 0.00549316406250000000 
483 7910 1.00769042968750000000 0.00549316406250000000 
484 7931 1.00769042968750000000 0.00427246093750000000 
485 7932 1.00769042968750000000 0.00305175781250000000 
486 7937 1.00769042968750000000 0.00183105468750000000 
487 7938 1.00769042968750000000 0.00061035156250000000 
488 7614 0.99838256835937500000 -0.00228881835937500000 
489 7793 1.00032806396484375000 -0.00057220458984375000 
490 7794 1.00044250488281250000 -0.00007629394531250000 
491 7795 1.00044250488281250000 -0.00022888183593750000 
492 7796 1.00044250488281250000 -0.00038146972656250000 
493 7797 1.00044250488281250000 -0.00053405761718750000 
494 7803 1.00028991699218750000 -0.00068664550781250000 
495 7805 1.00028991699218750000 -0.00083923339843750000 
496 7809 0.99998474121093750000 -0.00114440917968750000 
497 7811 1.00028991699218750000 -0.00099182128906250000 
498 7812 1.00013732910156250000 -0.00114440917968750000 
499 7813 1.00028991699218750000 -0.00114440917968750000 
500 7819 0.99960327148437500000 -0.00137329101562500000 
501 7820 0.99929809570312500000 -0.00167846679687500000 
502 7821 0.99960327148437500000 -0.00167846679687500000 
503 7823 0.99899291992187500000 -0.00198364257812500000 
504 7824 0.99868774414062500000 -0.00228881835937500000 
505 7825 0.99899291992187500000 -0.00228881835937500000 
506 7826 0.99929809570312500000 -0.00198364257812500000 
507 7827 0.99990844726562500000 -0.00137329101562500000 
508 7828 0.99822998046875000000 -0.00274658203125000000 
509 5597 0.99822998046875000000 -0.00335693359375000000 
510 5603 0.99822998046875000000 -0.00396728515625000000 
511 5606 0.99884033203125000000 -0.00396728515625000000 
512 5607 0.99884033203125000000 -0.00457763671875000000 
513 5608 0.99945068359375000000 -0.00457763671875000000 
514 5613 0.99914550781250000000 -0.00549316406250000000 
515 5614 1.00036621093750000000 -0.00549316406250000000 
516 5616 1.00036621093750000000 -0.00671386718750000000 
517 5625 1.00158691406250000000 -0.00671386718750000000 
518 8089 1.00524902343750000000 -0.00671386718750000000 
519 5626 1.00158691406250000000 -0.00793457031250000000 
520 5627 1.00280761718750000000 -0.00793457031250000000 
521 8090 1.00402832031250000000 -0.00793457031250000000 
522 8091 1.00524902343750000000 -0.00793457031250000000 
523 8094 1.00769042968750000000 -0.00061035156250000000 
524 8095 1.00769042968750000000 -0.00183105468750000000 
525 8100 1.00769042968750000000 -0.00305175781250000000 
526 8101 1.00769042968750000000 -0.00427246093750000000 
527 8122 1.00646972656250000000 -0.00549316406250000000 
528 8123 1.00769042968750000000 -0.00549316406250000000 
529 8124 1.00646972656250000000 -0.00671386718750000000 
