499 443 56
1 12139 0.01261394100000000004 0.01893134900000000009 444 2 0 1 6 499 254 258 257 444 2 
2 12140 0.01489162399999999914 0.02046978600000000023 1 3 0 1 7 277 251 256 258 269 1 3 
3 12141 0.01735516100000000089 0.02198863399999999996 2 4 0 1 7 276 272 266 274 275 2 4 
4 12142 0.02000361000000000153 0.02348725999999999939 3 5 0 1 6 276 243 403 402 3 5 
5 12143 0.02283595600000000100 0.02496500700000000086 4 6 0 1 6 405 403 401 404 4 6 
6 12144 0.02585111299999999848 0.02642119700000000043 5 7 0 1 6 424 417 421 420 5 7 
7 12145 0.02744467855919294902 0.02714897715011914750 6 8 0 1 7 423 419 413 421 422 6 8 
8 12146 0.02904792700000000116 0.02785513300000000067 7 9 0 1 6 7 341 9 384 422 423 
9 12147 0.03242517200000000210 0.02926609800000000081 8 10 0 1 9 8 10 381 382 383 385 387 388 389 
10 12148 0.03598155399999999893 0.03065336299999999944 9 11 0 1 7 391 387 381 389 390 9 11 
11 12149 0.03971571200000000024 0.03201618800000000098 10 12 0 1 7 439 391 373 436 435 10 12 
12 12150 0.04362621500000000291 0.03335382299999999772 11 13 0 1 6 443 436 440 439 11 13 
13 12151 0.04771156299999999850 0.03466551200000000249 12 445 0 1 7 12 442 443 445 441 478 476 
14 12152 -0.00244140625000000000 0.05615234375000000000 0 0 1 0 10 24 17 26 32 449 447 450 448 15 34 
15 12153 -0.00244140625000000000 0.05126953125000000000 0 0 1 0 10 32 26 34 56 450 449 451 14 16 58 
16 12154 -0.00244140625000000000 0.04638671875000000000 0 0 1 0 10 56 34 58 64 451 450 452 15 453 66 
17 12155 0.00244140625000000000 0.06103515625000000000 0 0 1 0 10 18 456 28 448 446 14 455 24 25 30 
18 12156 0.00732421875000000000 0.06103515625000000000 0 0 1 0 11 19 457 40 17 455 25 456 28 27 29 42 
19 12157 0.01220703125000000000 0.06103515625000000000 0 0 1 0 11 20 458 44 18 456 29 457 40 31 41 46 
20 12158 0.01708984375000000000 0.06103515625000000000 0 0 1 0 11 21 459 88 19 457 41 458 44 43 45 90 
21 12159 0.02197265625000000000 0.06103515625000000000 0 0 1 0 11 22 460 92 20 458 45 459 88 47 89 94 
22 12160 0.02685546875000000000 0.06103515625000000000 0 0 1 0 11 23 461 104 21 459 89 460 92 91 93 106 
23 12161 0.03173828125000000000 0.06103515625000000000 0 0 1 0 11 463 462 108 22 460 93 461 104 95 105 109 
24 12162 0.00122070312500000000 0.05737304687500000000 0 0 1 0 8 25 17 27 14 448 15 18 26 
25 12163 0.00366210937500000000 0.05737304687500000000 0 0 1 0 8 28 18 30 24 17 26 448 27 
26 12164 0.00122070312500000000 0.05493164062500000000 0 0 1 0 8 27 25 33 14 448 15 24 32 
27 12165 0.00366210937500000000 0.05493164062500000000 0 0 1 0 8 30 28 36 26 24 32 25 33 
28 12166 0.00610351562500000000 0.05737304687500000000 0 0 1 0 8 29 18 31 25 17 27 19 30 
29 12167 0.00854492187500000000 0.05737304687500000000 0 0 1 0 8 40 19 42 28 18 30 17 31 
30 12168 0.00610351562500000000 0.05493164062500000000 0 0 1 0 8 31 29 37 27 25 33 28 36 
31 12169 0.00854492187500000000 0.05493164062500000000 0 0 1 0 8 42 40 48 30 28 36 29 37 
32 12170 0.00122070312500000000 0.05249023437500000000 0 0 1 0 8 33 27 35 15 14 16 26 34 
33 12171 0.00366210937500000000 0.05249023437500000000 0 0 1 0 8 36 30 38 32 26 34 27 35 
34 12172 0.00122070312500000000 0.05004882812500000000 0 0 1 0 8 35 33 57 15 14 16 32 56 
35 12173 0.00366210937500000000 0.05004882812500000000 0 0 1 0 8 38 36 60 34 32 56 33 57 
36 12174 0.00610351562500000000 0.05249023437500000000 0 0 1 0 8 37 31 39 33 27 35 30 38 
37 12175 0.00854492187500000000 0.05249023437500000000 0 0 1 0 8 48 42 50 36 30 38 31 39 
38 12176 0.00610351562500000000 0.05004882812500000000 0 0 1 0 8 39 37 61 35 33 57 36 60 
39 12177 0.00854492187500000000 0.05004882812500000000 0 0 1 0 8 50 48 72 38 36 60 37 61 
40 12178 0.01098632812500000000 0.05737304687500000000 0 0 1 0 8 41 19 43 29 18 31 20 42 
41 12179 0.01342773437500000000 0.05737304687500000000 0 0 1 0 8 44 20 46 40 19 42 18 43 
42 12180 0.01098632812500000000 0.05493164062500000000 0 0 1 0 8 43 41 49 31 29 37 40 48 
43 12181 0.01342773437500000000 0.05493164062500000000 0 0 1 0 8 46 44 52 42 40 48 41 49 
44 12182 0.01586914062500000000 0.05737304687500000000 0 0 1 0 8 45 20 47 41 19 43 21 46 
45 12183 0.01831054687500000000 0.05737304687500000000 0 0 1 0 8 88 21 90 44 20 46 19 47 
46 12184 0.01586914062500000000 0.05493164062500000000 0 0 1 0 8 47 45 53 43 41 49 44 52 
47 12185 0.01831054687500000000 0.05493164062500000000 0 0 1 0 8 90 88 96 46 44 52 45 53 
48 12186 0.01098632812500000000 0.05249023437500000000 0 0 1 0 8 49 43 51 37 31 39 42 50 
49 12187 0.01342773437500000000 0.05249023437500000000 0 0 1 0 8 52 46 54 48 42 50 43 51 
50 12188 0.01098632812500000000 0.05004882812500000000 0 0 1 0 8 51 49 73 39 37 61 48 72 
51 12189 0.01342773437500000000 0.05004882812500000000 0 0 1 0 8 54 52 76 50 48 72 49 73 
52 12190 0.01586914062500000000 0.05249023437500000000 0 0 1 0 8 53 47 55 49 43 51 46 54 
53 12191 0.01831054687500000000 0.05249023437500000000 0 0 1 0 8 96 90 98 52 46 54 47 55 
54 12192 0.01586914062500000000 0.05004882812500000000 0 0 1 0 8 55 53 77 51 49 73 52 76 
55 12193 0.01831054687500000000 0.05004882812500000000 0 0 1 0 8 98 96 119 54 52 76 53 77 
56 12194 0.00122070312500000000 0.04760742187500000000 0 0 1 0 8 57 35 59 16 15 453 34 58 
57 12195 0.00366210937500000000 0.04760742187500000000 0 0 1 0 8 60 38 62 56 34 58 35 59 
58 12196 0.00122070312500000000 0.04516601562500000000 0 0 1 0 8 59 57 65 16 15 453 56 64 
59 12197 0.00366210937500000000 0.04516601562500000000 0 0 1 0 8 62 60 68 58 56 64 57 65 
60 12198 0.00610351562500000000 0.04760742187500000000 0 0 1 0 8 61 39 63 57 35 59 38 62 
61 12199 0.00854492187500000000 0.04760742187500000000 0 0 1 0 8 72 50 74 60 38 62 39 63 
62 12200 0.00610351562500000000 0.04516601562500000000 0 0 1 0 8 63 61 69 59 57 65 60 68 
63 12201 0.00854492187500000000 0.04516601562500000000 0 0 1 0 8 74 72 80 62 60 68 61 69 
64 12202 0.00122070312500000000 0.04272460937500000000 0 0 1 0 7 65 59 67 453 16 58 66 
65 12203 0.00366210937500000000 0.04272460937500000000 0 0 1 0 8 68 62 70 64 58 66 59 67 
66 12204 0.00122070312500000000 0.04028320312500000000 0 0 1 0 8 67 65 163 453 16 64 479 454 
67 12205 0.00366210937500000000 0.04028320312500000000 0 0 1 0 8 70 68 165 66 64 479 65 163 
68 12206 0.00610351562500000000 0.04272460937500000000 0 0 1 0 8 69 63 71 65 59 67 62 70 
69 12207 0.00854492187500000000 0.04272460937500000000 0 0 1 0 8 80 74 82 68 62 70 63 71 
70 12208 0.00610351562500000000 0.04028320312500000000 0 0 1 0 8 71 69 166 67 65 163 68 165 
71 12209 0.00854492187500000000 0.04028320312500000000 0 0 1 0 8 82 80 175 70 68 165 69 166 
72 12210 0.01098632812500000000 0.04760742187500000000 0 0 1 0 8 73 51 75 61 39 63 50 74 
73 12211 0.01342773437500000000 0.04760742187500000000 0 0 1 0 8 76 54 78 72 50 74 51 75 
74 12212 0.01098632812500000000 0.04516601562500000000 0 0 1 0 8 75 73 81 63 61 69 72 80 
75 12213 0.01342773437500000000 0.04516601562500000000 0 0 1 0 8 78 76 84 74 72 80 73 81 
76 12214 0.01586914062500000000 0.04760742187500000000 0 0 1 0 8 77 55 79 73 51 75 54 78 
77 12215 0.01831054687500000000 0.04760742187500000000 0 0 1 0 8 119 98 121 76 54 78 55 79 
78 12216 0.01586914062500000000 0.04516601562500000000 0 0 1 0 8 79 77 85 75 73 81 76 84 
79 12217 0.01831054687500000000 0.04516601562500000000 0 0 1 0 8 121 119 127 78 76 84 77 85 
80 12218 0.01098632812500000000 0.04272460937500000000 0 0 1 0 8 81 75 83 69 63 71 74 82 
81 12219 0.01342773437500000000 0.04272460937500000000 0 0 1 0 8 84 78 86 80 74 82 75 83 
82 12220 0.01098632812500000000 0.04028320312500000000 0 0 1 0 8 83 81 176 71 69 166 80 175 
83 12221 0.01342773437500000000 0.04028320312500000000 0 0 1 0 8 86 84 179 82 80 175 81 176 
84 12222 0.01586914062500000000 0.04272460937500000000 0 0 1 0 8 85 79 87 81 75 83 78 86 
85 12223 0.01831054687500000000 0.04272460937500000000 0 0 1 0 8 127 121 129 84 78 86 79 87 
86 12224 0.01586914062500000000 0.04028320312500000000 0 0 1 0 8 87 85 180 83 81 176 84 179 
87 12225 0.01831054687500000000 0.04028320312500000000 0 0 1 0 9 129 127 278 86 84 179 85 180 280 
88 12226 0.02075195312500000000 0.05737304687500000000 0 0 1 0 8 89 21 91 45 20 47 22 90 
89 12227 0.02319335937500000000 0.05737304687500000000 0 0 1 0 8 92 22 94 88 21 90 20 91 
90 12228 0.02075195312500000000 0.05493164062500000000 0 0 1 0 8 91 89 97 47 45 53 88 96 
91 12229 0.02319335937500000000 0.05493164062500000000 0 0 1 0 8 94 92 100 90 88 96 89 97 
92 12230 0.02563476562500000000 0.05737304687500000000 0 0 1 0 8 93 22 95 89 21 91 23 94 
93 12231 0.02807617187500000000 0.05737304687500000000 0 0 1 0 8 104 23 106 92 22 94 21 95 
94 12232 0.02563476562500000000 0.05493164062500000000 0 0 1 0 8 95 93 101 91 89 97 92 100 
95 12233 0.02807617187500000000 0.05493164062500000000 0 0 1 0 8 106 104 111 94 92 100 93 101 
96 12234 0.02075195312500000000 0.05249023437500000000 0 0 1 0 8 97 91 99 53 47 55 90 98 
97 12235 0.02319335937500000000 0.05249023437500000000 0 0 1 0 8 100 94 102 96 90 98 91 99 
98 12236 0.02075195312500000000 0.05004882812500000000 0 0 1 0 8 99 97 120 55 53 77 96 119 
99 12237 0.02319335937500000000 0.05004882812500000000 0 0 1 0 8 102 100 123 98 96 119 97 120 
100 12238 0.02563476562500000000 0.05249023437500000000 0 0 1 0 8 101 95 103 97 91 99 94 102 
101 12239 0.02807617187500000000 0.05249023437500000000 0 0 1 0 8 111 106 113 100 94 102 95 103 
102 12240 0.02563476562500000000 0.05004882812500000000 0 0 1 0 8 103 101 124 99 97 120 100 123 
103 12241 0.02807617187500000000 0.05004882812500000000 0 0 1 0 8 113 111 135 102 100 123 101 124 
104 12242 0.03051757812500000000 0.05737304687500000000 0 0 1 0 8 105 23 107 93 22 95 463 106 
105 12243 0.03295898437500000000 0.05737304687500000000 0 0 1 0 8 108 463 109 104 23 106 22 107 
106 12244 0.03051757812500000000 0.05493164062500000000 0 0 1 0 8 107 105 112 95 93 101 104 111 
107 12245 0.03295898437500000000 0.05493164062500000000 0 0 1 0 8 109 108 115 106 104 111 105 112 
108 12246 0.03540039062500000000 0.05737304687500000000 0 0 1 0 8 464 463 110 105 23 107 465 109 
109 12247 0.03540039062500000000 0.05493164062500000000 0 0 1 0 8 110 464 116 107 105 112 108 115 
110 12248 0.03784179687500000000 0.05493164062500000000 0 0 1 0 8 467 466 151 109 108 115 464 116 
111 12249 0.03051757812500000000 0.05249023437500000000 0 0 1 0 8 112 107 114 101 95 103 106 113 
112 12250 0.03295898437500000000 0.05249023437500000000 0 0 1 0 8 115 109 117 111 106 113 107 114 
113 12251 0.03051757812500000000 0.05004882812500000000 0 0 1 0 8 114 112 136 103 101 124 111 135 
114 12252 0.03295898437500000000 0.05004882812500000000 0 0 1 0 8 117 115 139 113 111 135 112 136 
115 12253 0.03540039062500000000 0.05249023437500000000 0 0 1 0 8 116 110 118 112 107 114 109 117 
116 12254 0.03784179687500000000 0.05249023437500000000 0 0 1 0 8 151 467 152 115 109 117 110 118 
117 12255 0.03540039062500000000 0.05004882812500000000 0 0 1 0 8 118 116 140 114 112 136 115 139 
118 12256 0.03784179687500000000 0.05004882812500000000 0 0 1 0 8 152 151 154 117 115 139 116 140 
119 12257 0.02075195312500000000 0.04760742187500000000 0 0 1 0 8 120 99 122 77 55 79 98 121 
120 12258 0.02319335937500000000 0.04760742187500000000 0 0 1 0 8 123 102 125 119 98 121 99 122 
121 12259 0.02075195312500000000 0.04516601562500000000 0 0 1 0 8 122 120 128 79 77 85 119 127 
122 12260 0.02319335937500000000 0.04516601562500000000 0 0 1 0 8 125 123 131 121 119 127 120 128 
123 12261 0.02563476562500000000 0.04760742187500000000 0 0 1 0 8 124 103 126 120 99 122 102 125 
124 12262 0.02807617187500000000 0.04760742187500000000 0 0 1 0 8 135 113 137 123 102 125 103 126 
125 12263 0.02563476562500000000 0.04516601562500000000 0 0 1 0 8 126 124 132 122 120 128 123 131 
126 12264 0.02807617187500000000 0.04516601562500000000 0 0 1 0 8 137 135 143 125 123 131 124 132 
127 12265 0.02075195312500000000 0.04272460937500000000 0 0 1 0 8 128 122 130 85 79 87 121 129 
128 12266 0.02319335937500000000 0.04272460937500000000 0 0 1 0 8 131 125 133 127 121 129 122 130 
129 12267 0.02075195312500000000 0.04028320312500000000 0 0 1 0 10 130 128 282 87 85 180 127 278 279 284 
130 12268 0.02319335937500000000 0.04028320312500000000 0 0 1 0 11 133 131 294 129 127 279 128 282 281 283 296 
131 12269 0.02563476562500000000 0.04272460937500000000 0 0 1 0 8 132 126 134 128 122 130 125 133 
132 12270 0.02807617187500000000 0.04272460937500000000 0 0 1 0 8 143 137 145 131 125 133 126 134 
133 12271 0.02563476562500000000 0.04028320312500000000 0 0 1 0 11 134 132 298 130 128 283 131 294 285 295 300 
134 12272 0.02807617187500000000 0.04028320312500000000 0 0 1 0 11 145 143 342 133 131 295 132 298 297 299 344 
135 12273 0.03051757812500000000 0.04760742187500000000 0 0 1 0 8 136 114 138 124 103 126 113 137 
136 12274 0.03295898437500000000 0.04760742187500000000 0 0 1 0 8 139 117 141 135 113 137 114 138 
137 12275 0.03051757812500000000 0.04516601562500000000 0 0 1 0 8 138 136 144 126 124 132 135 143 
138 12276 0.03295898437500000000 0.04516601562500000000 0 0 1 0 8 141 139 147 137 135 143 136 144 
139 12277 0.03540039062500000000 0.04760742187500000000 0 0 1 0 8 140 118 142 136 114 138 117 141 
140 12278 0.03784179687500000000 0.04760742187500000000 0 0 1 0 8 154 152 156 139 117 141 118 142 
141 12279 0.03540039062500000000 0.04516601562500000000 0 0 1 0 8 142 140 148 138 136 144 139 147 
142 12280 0.03784179687500000000 0.04516601562500000000 0 0 1 0 8 156 154 158 141 139 147 140 148 
143 12281 0.03051757812500000000 0.04272460937500000000 0 0 1 0 8 144 138 146 132 126 134 137 145 
144 12282 0.03295898437500000000 0.04272460937500000000 0 0 1 0 8 147 141 149 143 137 145 138 146 
145 12283 0.03051757812500000000 0.04028320312500000000 0 0 1 0 11 146 144 346 134 132 299 143 342 301 343 348 
146 12284 0.03295898437500000000 0.04028320312500000000 0 0 1 0 11 149 147 358 145 143 343 144 346 345 347 360 
147 12285 0.03540039062500000000 0.04272460937500000000 0 0 1 0 8 148 142 150 144 138 146 141 149 
148 12286 0.03784179687500000000 0.04272460937500000000 0 0 1 0 8 158 156 160 147 141 149 142 150 
149 12287 0.03540039062500000000 0.04028320312500000000 0 0 1 0 11 150 148 362 146 144 347 147 358 349 359 364 
150 12288 0.03784179687500000000 0.04028320312500000000 0 0 1 0 11 160 158 425 149 147 359 148 362 361 363 427 
151 12289 0.04028320312500000000 0.05249023437500000000 0 0 1 0 8 469 468 153 116 110 118 467 152 
152 12290 0.04028320312500000000 0.05004882812500000000 0 0 1 0 8 153 469 155 118 116 140 151 154 
153 12291 0.04272460937500000000 0.05004882812500000000 0 0 1 0 8 471 470 472 152 151 154 469 155 
154 12292 0.04028320312500000000 0.04760742187500000000 0 0 1 0 8 155 153 157 140 118 142 152 156 
155 12293 0.04272460937500000000 0.04760742187500000000 0 0 1 0 8 472 471 473 154 152 156 153 157 
156 12294 0.04028320312500000000 0.04516601562500000000 0 0 1 0 8 157 155 159 142 140 148 154 158 
157 12295 0.04272460937500000000 0.04516601562500000000 0 0 1 0 8 473 472 474 156 154 158 155 159 
158 12296 0.04028320312500000000 0.04272460937500000000 0 0 1 0 8 159 157 161 148 142 150 156 160 
159 12297 0.04272460937500000000 0.04272460937500000000 0 0 1 0 8 474 473 162 158 156 160 157 161 
160 12298 0.04028320312500000000 0.04028320312500000000 0 0 1 0 11 161 159 429 150 148 363 158 425 365 426 431 
161 12299 0.04272460937500000000 0.04028320312500000000 0 0 1 0 10 162 474 441 160 158 426 159 429 428 430 
162 12300 0.04516601562500000000 0.04028320312500000000 0 0 1 0 9 476 475 442 161 159 430 474 441 432 
163 12301 0.00366210937500000000 0.03784179687500000000 0 0 1 0 8 165 70 167 479 66 480 67 164 
164 12302 0.00366210937500000000 0.03540039062500000000 0 0 1 0 8 167 165 171 480 479 481 163 169 
165 12303 0.00610351562500000000 0.03784179687500000000 0 0 1 0 8 166 71 168 163 67 164 70 167 
166 12304 0.00854492187500000000 0.03784179687500000000 0 0 1 0 8 175 82 177 165 70 167 71 168 
167 12305 0.00610351562500000000 0.03540039062500000000 0 0 1 0 8 168 166 172 164 163 169 165 171 
168 12306 0.00854492187500000000 0.03540039062500000000 0 0 1 0 8 177 175 183 167 165 171 166 172 
169 12307 0.00366210937500000000 0.03295898437500000000 0 0 1 0 8 171 167 173 481 480 482 164 170 
170 12308 0.00366210937500000000 0.03051757812500000000 0 0 1 0 11 173 171 194 482 481 483 169 191 484 192 196 
171 12309 0.00610351562500000000 0.03295898437500000000 0 0 1 0 8 172 168 174 169 164 170 167 173 
172 12310 0.00854492187500000000 0.03295898437500000000 0 0 1 0 8 183 177 185 171 167 173 168 174 
173 12311 0.00610351562500000000 0.03051757812500000000 0 0 1 0 11 174 172 198 170 169 192 171 194 193 195 200 
174 12312 0.00854492187500000000 0.03051757812500000000 0 0 1 0 11 185 183 212 173 171 195 172 198 197 199 214 
175 12313 0.01098632812500000000 0.03784179687500000000 0 0 1 0 8 176 83 178 166 71 168 82 177 
176 12314 0.01342773437500000000 0.03784179687500000000 0 0 1 0 8 179 86 181 175 82 177 83 178 
177 12315 0.01098632812500000000 0.03540039062500000000 0 0 1 0 8 178 176 184 168 166 172 175 183 
178 12316 0.01342773437500000000 0.03540039062500000000 0 0 1 0 8 181 179 187 177 175 183 176 184 
179 12317 0.01586914062500000000 0.03784179687500000000 0 0 1 0 8 180 87 182 176 83 178 86 181 
180 12318 0.01831054687500000000 0.03784179687500000000 0 0 1 0 10 278 129 280 286 179 86 181 87 182 288 
181 12319 0.01586914062500000000 0.03540039062500000000 0 0 1 0 8 182 180 188 178 176 184 179 187 
182 12320 0.01831054687500000000 0.03540039062500000000 0 0 1 0 10 286 280 288 310 181 179 187 180 188 312 
183 12321 0.01098632812500000000 0.03295898437500000000 0 0 1 0 8 184 178 186 172 168 174 177 185 
184 12322 0.01342773437500000000 0.03295898437500000000 0 0 1 0 8 187 181 189 183 177 185 178 186 
185 12323 0.01098632812500000000 0.03051757812500000000 0 0 1 0 11 186 184 216 174 172 199 183 212 201 213 218 
186 12324 0.01342773437500000000 0.03051757812500000000 0 0 1 0 11 189 187 228 185 183 213 184 216 215 217 230 
187 12325 0.01586914062500000000 0.03295898437500000000 0 0 1 0 8 188 182 190 184 178 186 181 189 
188 12326 0.01831054687500000000 0.03295898437500000000 0 0 1 0 10 310 288 312 318 187 181 189 182 190 320 
189 12327 0.01586914062500000000 0.03051757812500000000 0 0 1 0 11 190 188 232 186 184 217 187 228 219 229 234 
190 12328 0.01831054687500000000 0.03051757812500000000 0 0 1 0 12 318 312 320 392 189 187 229 188 232 231 233 394 
191 12329 0.00305175781250000000 0.02868652343750000000 0 0 1 0 8 192 170 193 483 482 484 173 485 
192 12330 0.00427246093750000000 0.02868652343750000000 0 0 1 0 8 194 173 196 191 170 485 482 193 
193 12331 0.00427246093750000000 0.02746582031250000000 0 0 1 0 8 196 194 202 485 191 486 192 487 
194 12332 0.00549316406250000000 0.02868652343750000000 0 0 1 0 8 195 173 197 192 170 193 174 196 
195 12333 0.00671386718750000000 0.02868652343750000000 0 0 1 0 8 198 174 200 194 173 196 170 197 
196 12334 0.00549316406250000000 0.02746582031250000000 0 0 1 0 8 197 195 203 193 192 487 194 202 
197 12335 0.00671386718750000000 0.02746582031250000000 0 0 1 0 8 200 198 205 196 194 202 195 203 
198 12336 0.00793457031250000000 0.02868652343750000000 0 0 1 0 8 199 174 201 195 173 197 185 200 
199 12337 0.00915527343750000000 0.02868652343750000000 0 0 1 0 8 212 185 214 198 174 200 173 201 
200 12338 0.00793457031250000000 0.02746582031250000000 0 0 1 0 8 201 199 206 197 195 203 198 205 
201 12339 0.00915527343750000000 0.02746582031250000000 0 0 1 0 8 214 212 220 200 198 205 199 206 
202 12340 0.00549316406250000000 0.02624511718750000000 0 0 1 0 8 203 197 204 487 193 488 196 489 
203 12341 0.00671386718750000000 0.02624511718750000000 0 0 1 0 8 205 200 207 202 196 489 197 204 
204 12342 0.00671386718750000000 0.02502441406250000000 0 0 1 0 8 207 205 209 489 202 490 203 491 
205 12343 0.00793457031250000000 0.02624511718750000000 0 0 1 0 8 206 201 208 203 197 204 200 207 
206 12344 0.00915527343750000000 0.02624511718750000000 0 0 1 0 8 220 214 222 205 200 207 201 208 
207 12345 0.00793457031250000000 0.02502441406250000000 0 0 1 0 8 208 206 210 204 203 491 205 209 
208 12346 0.00915527343750000000 0.02502441406250000000 0 0 1 0 8 222 220 244 207 205 209 206 210 
209 12347 0.00793457031250000000 0.02380371093750000000 0 0 1 0 8 210 208 211 491 204 492 207 493 
210 12348 0.00915527343750000000 0.02380371093750000000 0 0 1 0 8 244 222 246 209 207 493 208 211 
211 12349 0.00915527343750000000 0.02258300781250000000 0 0 1 0 8 246 244 252 493 209 494 210 495 
212 12350 0.01037597656250000000 0.02868652343750000000 0 0 1 0 8 213 185 215 199 174 201 186 214 
213 12351 0.01159667968750000000 0.02868652343750000000 0 0 1 0 8 216 186 218 212 185 214 174 215 
214 12352 0.01037597656250000000 0.02746582031250000000 0 0 1 0 8 215 213 221 201 199 206 212 220 
215 12353 0.01159667968750000000 0.02746582031250000000 0 0 1 0 8 218 216 224 214 212 220 213 221 
216 12354 0.01281738281250000000 0.02868652343750000000 0 0 1 0 8 217 186 219 213 185 215 189 218 
217 12355 0.01403808593750000000 0.02868652343750000000 0 0 1 0 8 228 189 230 216 186 218 185 219 
218 12356 0.01281738281250000000 0.02746582031250000000 0 0 1 0 8 219 217 225 215 213 221 216 224 
219 12357 0.01403808593750000000 0.02746582031250000000 0 0 1 0 8 230 228 236 218 216 224 217 225 
220 12358 0.01037597656250000000 0.02624511718750000000 0 0 1 0 8 221 215 223 206 201 208 214 222 
221 12359 0.01159667968750000000 0.02624511718750000000 0 0 1 0 8 224 218 226 220 214 222 215 223 
222 12360 0.01037597656250000000 0.02502441406250000000 0 0 1 0 8 223 221 245 208 206 210 220 244 
223 12361 0.01159667968750000000 0.02502441406250000000 0 0 1 0 8 226 224 248 222 220 244 221 245 
224 12362 0.01281738281250000000 0.02624511718750000000 0 0 1 0 8 225 219 227 221 215 223 218 226 
225 12363 0.01403808593750000000 0.02624511718750000000 0 0 1 0 8 236 230 238 224 218 226 219 227 
226 12364 0.01281738281250000000 0.02502441406250000000 0 0 1 0 8 227 225 249 223 221 245 224 248 
227 12365 0.01403808593750000000 0.02502441406250000000 0 0 1 0 9 238 236 259 226 224 248 225 249 261 
228 12366 0.01525878906250000000 0.02868652343750000000 0 0 1 0 8 229 189 231 217 186 219 190 230 
229 12367 0.01647949218750000000 0.02868652343750000000 0 0 1 0 8 232 190 234 228 189 230 186 231 
230 12368 0.01525878906250000000 0.02746582031250000000 0 0 1 0 8 231 229 237 219 217 225 228 236 
231 12369 0.01647949218750000000 0.02746582031250000000 0 0 1 0 8 234 232 240 230 228 236 229 237 
232 12370 0.01770019531250000000 0.02868652343750000000 0 0 1 0 7 233 190 235 229 189 231 234 
233 12371 0.01892089843750000000 0.02868652343750000000 0 0 1 0 8 392 320 394 232 190 234 189 235 
234 12372 0.01770019531250000000 0.02746582031250000000 0 0 1 0 8 235 233 241 231 229 237 232 240 
235 12373 0.01892089843750000000 0.02746582031250000000 0 0 1 0 8 394 392 400 234 232 240 233 241 
236 12374 0.01525878906250000000 0.02624511718750000000 0 0 1 0 8 237 231 239 225 219 227 230 238 
237 12375 0.01647949218750000000 0.02624511718750000000 0 0 1 0 8 240 234 242 236 230 238 231 239 
238 12376 0.01525878906250000000 0.02502441406250000000 0 0 1 0 10 239 237 263 227 225 249 236 259 260 265 
239 12377 0.01647949218750000000 0.02502441406250000000 0 0 1 0 10 242 240 275 238 236 260 237 263 262 264 
240 12378 0.01770019531250000000 0.02624511718750000000 0 0 1 0 8 241 235 243 237 231 239 234 242 
241 12379 0.01892089843750000000 0.02624511718750000000 0 0 1 0 8 400 394 402 240 234 242 235 243 
242 12380 0.01770019531250000000 0.02502441406250000000 0 0 1 0 9 243 241 276 239 237 264 240 275 266 
243 12381 0.01892089843750000000 0.02502441406250000000 0 0 1 0 8 402 400 4 242 240 275 241 276 
244 12382 0.01037597656250000000 0.02380371093750000000 0 0 1 0 8 245 223 247 210 208 211 222 246 
245 12383 0.01159667968750000000 0.02380371093750000000 0 0 1 0 8 248 226 250 244 222 246 223 247 
246 12384 0.01037597656250000000 0.02258300781250000000 0 0 1 0 8 247 245 253 211 210 495 244 252 
247 12385 0.01159667968750000000 0.02258300781250000000 0 0 1 0 8 250 248 255 246 244 252 245 253 
248 12386 0.01281738281250000000 0.02380371093750000000 0 0 1 0 8 249 227 251 245 223 247 226 250 
249 12387 0.01403808593750000000 0.02380371093750000000 0 0 1 0 10 259 238 261 267 248 226 250 227 251 269 
250 12388 0.01281738281250000000 0.02258300781250000000 0 0 1 0 8 251 249 256 247 245 253 248 255 
251 12389 0.01403808593750000000 0.02258300781250000000 0 0 1 0 9 267 261 269 277 250 248 255 249 256 
252 12390 0.01037597656250000000 0.02136230468750000000 0 0 1 0 8 253 247 254 495 211 496 246 497 
253 12391 0.01159667968750000000 0.02136230468750000000 0 0 1 0 8 255 250 257 252 246 497 247 254 
254 12392 0.01159667968750000000 0.02014160156250000000 0 0 1 0 8 257 255 1 497 252 498 253 499 
255 12393 0.01281738281250000000 0.02136230468750000000 0 0 1 0 8 256 251 258 253 247 254 250 257 
256 12394 0.01403808593750000000 0.02136230468750000000 0 0 1 0 8 277 269 2 255 250 257 251 258 
257 12395 0.01281738281250000000 0.02014160156250000000 0 0 1 0 7 258 256 1 254 253 499 255 
258 12396 0.01403808593750000000 0.02014160156250000000 0 0 1 0 6 2 277 257 255 1 256 
259 12397 0.01495361328125000000 0.02410888671875000000 0 0 1 0 8 260 238 262 249 227 251 239 261 
260 12398 0.01556396484375000000 0.02410888671875000000 0 0 1 0 8 263 239 265 259 238 261 227 262 
261 12399 0.01495361328125000000 0.02349853515625000000 0 0 1 0 8 262 260 268 249 227 251 259 267 
262 12400 0.01556396484375000000 0.02349853515625000000 0 0 1 0 8 265 263 271 261 259 267 260 268 
263 12401 0.01617431640625000000 0.02410888671875000000 0 0 1 0 8 264 239 266 260 238 262 242 265 
264 12402 0.01678466796875000000 0.02410888671875000000 0 0 1 0 8 275 242 3 263 239 265 238 266 
265 12403 0.01617431640625000000 0.02349853515625000000 0 0 1 0 8 266 264 272 262 260 268 263 271 
266 12404 0.01678466796875000000 0.02349853515625000000 0 0 1 0 8 275 242 3 265 263 271 264 272 
267 12405 0.01495361328125000000 0.02288818359375000000 0 0 1 0 8 268 262 270 251 249 256 261 269 
268 12406 0.01556396484375000000 0.02288818359375000000 0 0 1 0 8 271 265 273 267 261 269 262 270 
269 12407 0.01495361328125000000 0.02227783203125000000 0 0 1 0 7 270 268 277 251 249 256 267 
270 12408 0.01556396484375000000 0.02227783203125000000 0 0 1 0 7 273 271 269 267 277 268 256 
271 12409 0.01617431640625000000 0.02288818359375000000 0 0 1 0 8 272 266 274 268 262 270 265 273 
272 12410 0.01678466796875000000 0.02288818359375000000 0 0 1 0 7 3 275 271 265 273 266 274 
273 12411 0.01617431640625000000 0.02227783203125000000 0 0 1 0 6 274 272 270 268 277 271 
274 12412 0.01678466796875000000 0.02227783203125000000 0 0 1 0 6 3 275 273 271 272 277 
275 12413 0.01770019531250000000 0.02380371093750000000 0 0 1 0 9 276 243 264 239 266 272 242 3 274 
276 12414 0.01892089843750000000 0.02380371093750000000 0 0 1 0 6 4 275 242 3 243 402 
277 12415 0.01525878906250000000 0.02136230468750000000 0 0 1 0 8 256 269 270 251 258 3 2 273 
278 12416 0.02014160156250000000 0.03845214843750000000 0 0 1 0 8 279 129 281 180 87 182 130 280 
279 12417 0.02136230468750000000 0.03845214843750000000 0 0 1 0 8 282 130 284 278 129 280 87 281 
280 12418 0.02014160156250000000 0.03723144531250000000 0 0 1 0 8 281 279 287 180 87 182 278 286 
281 12419 0.02136230468750000000 0.03723144531250000000 0 0 1 0 8 284 282 290 280 278 286 279 287 
282 12420 0.02258300781250000000 0.03845214843750000000 0 0 1 0 8 283 130 285 279 129 281 133 284 
283 12421 0.02380371093750000000 0.03845214843750000000 0 0 1 0 8 294 133 296 282 130 284 129 285 
284 12422 0.02258300781250000000 0.03723144531250000000 0 0 1 0 8 285 283 291 281 279 287 282 290 
285 12423 0.02380371093750000000 0.03723144531250000000 0 0 1 0 8 296 294 302 284 282 290 283 291 
286 12424 0.02014160156250000000 0.03601074218750000000 0 0 1 0 8 287 281 289 182 180 188 280 288 
287 12425 0.02136230468750000000 0.03601074218750000000 0 0 1 0 8 290 284 292 286 280 288 281 289 
288 12426 0.02014160156250000000 0.03479003906250000000 0 0 1 0 8 289 287 311 182 180 188 286 310 
289 12427 0.02136230468750000000 0.03479003906250000000 0 0 1 0 8 292 290 314 288 286 310 287 311 
290 12428 0.02258300781250000000 0.03601074218750000000 0 0 1 0 8 291 285 293 287 281 289 284 292 
291 12429 0.02380371093750000000 0.03601074218750000000 0 0 1 0 8 302 296 304 290 284 292 285 293 
292 12430 0.02258300781250000000 0.03479003906250000000 0 0 1 0 8 293 291 315 289 287 311 290 314 
293 12431 0.02380371093750000000 0.03479003906250000000 0 0 1 0 8 304 302 326 292 290 314 291 315 
294 12432 0.02502441406250000000 0.03845214843750000000 0 0 1 0 8 295 133 297 283 130 285 134 296 
295 12433 0.02624511718750000000 0.03845214843750000000 0 0 1 0 8 298 134 300 294 133 296 130 297 
296 12434 0.02502441406250000000 0.03723144531250000000 0 0 1 0 8 297 295 303 285 283 291 294 302 
297 12435 0.02624511718750000000 0.03723144531250000000 0 0 1 0 8 300 298 306 296 294 302 295 303 
298 12436 0.02746582031250000000 0.03845214843750000000 0 0 1 0 8 299 134 301 295 133 297 145 300 
299 12437 0.02868652343750000000 0.03845214843750000000 0 0 1 0 8 342 145 344 298 134 300 133 301 
300 12438 0.02746582031250000000 0.03723144531250000000 0 0 1 0 8 301 299 307 297 295 303 298 306 
301 12439 0.02868652343750000000 0.03723144531250000000 0 0 1 0 8 344 342 350 300 298 306 299 307 
302 12440 0.02502441406250000000 0.03601074218750000000 0 0 1 0 8 303 297 305 291 285 293 296 304 
303 12441 0.02624511718750000000 0.03601074218750000000 0 0 1 0 8 306 300 308 302 296 304 297 305 
304 12442 0.02502441406250000000 0.03479003906250000000 0 0 1 0 8 305 303 327 293 291 315 302 326 
305 12443 0.02624511718750000000 0.03479003906250000000 0 0 1 0 8 308 306 330 304 302 326 303 327 
306 12444 0.02746582031250000000 0.03601074218750000000 0 0 1 0 8 307 301 309 303 297 305 300 308 
307 12445 0.02868652343750000000 0.03601074218750000000 0 0 1 0 8 350 344 352 306 300 308 301 309 
308 12446 0.02746582031250000000 0.03479003906250000000 0 0 1 0 8 309 307 331 305 303 327 306 330 
309 12447 0.02868652343750000000 0.03479003906250000000 0 0 1 0 8 352 350 374 308 306 330 307 331 
310 12448 0.02014160156250000000 0.03356933593750000000 0 0 1 0 8 311 289 313 188 182 190 288 312 
311 12449 0.02136230468750000000 0.03356933593750000000 0 0 1 0 8 314 292 316 310 288 312 289 313 
312 12450 0.02014160156250000000 0.03234863281250000000 0 0 1 0 8 313 311 319 188 182 190 310 318 
313 12451 0.02136230468750000000 0.03234863281250000000 0 0 1 0 8 316 314 322 312 310 318 311 319 
314 12452 0.02258300781250000000 0.03356933593750000000 0 0 1 0 8 315 293 317 311 289 313 292 316 
315 12453 0.02380371093750000000 0.03356933593750000000 0 0 1 0 8 326 304 328 314 292 316 293 317 
316 12454 0.02258300781250000000 0.03234863281250000000 0 0 1 0 8 317 315 323 313 311 319 314 322 
317 12455 0.02380371093750000000 0.03234863281250000000 0 0 1 0 8 328 326 334 316 314 322 315 323 
318 12456 0.02014160156250000000 0.03112792968750000000 0 0 1 0 7 319 313 321 190 188 312 320 
319 12457 0.02136230468750000000 0.03112792968750000000 0 0 1 0 8 322 316 324 318 312 320 313 321 
320 12458 0.02014160156250000000 0.02990722656250000000 0 0 1 0 8 321 319 393 190 188 318 392 233 
321 12459 0.02136230468750000000 0.02990722656250000000 0 0 1 0 8 324 322 396 320 318 392 319 393 
322 12460 0.02258300781250000000 0.03112792968750000000 0 0 1 0 8 323 317 325 319 313 321 316 324 
323 12461 0.02380371093750000000 0.03112792968750000000 0 0 1 0 8 334 328 336 322 316 324 317 325 
324 12462 0.02258300781250000000 0.02990722656250000000 0 0 1 0 8 325 323 397 321 319 393 322 396 
325 12463 0.02380371093750000000 0.02990722656250000000 0 0 1 0 9 336 334 406 324 322 396 323 397 408 
326 12464 0.02502441406250000000 0.03356933593750000000 0 0 1 0 8 327 305 329 315 293 317 304 328 
327 12465 0.02624511718750000000 0.03356933593750000000 0 0 1 0 8 330 308 332 326 304 328 305 329 
328 12466 0.02502441406250000000 0.03234863281250000000 0 0 1 0 8 329 327 335 317 315 323 326 334 
329 12467 0.02624511718750000000 0.03234863281250000000 0 0 1 0 8 332 330 338 328 326 334 327 335 
330 12468 0.02746582031250000000 0.03356933593750000000 0 0 1 0 8 331 309 333 327 305 329 308 332 
331 12469 0.02868652343750000000 0.03356933593750000000 0 0 1 0 8 374 352 376 330 308 332 309 333 
332 12470 0.02746582031250000000 0.03234863281250000000 0 0 1 0 8 333 331 339 329 327 335 330 338 
333 12471 0.02868652343750000000 0.03234863281250000000 0 0 1 0 8 376 374 382 332 330 338 331 339 
334 12472 0.02502441406250000000 0.03112792968750000000 0 0 1 0 8 335 329 337 323 317 325 328 336 
335 12473 0.02624511718750000000 0.03112792968750000000 0 0 1 0 8 338 332 340 334 328 336 329 337 
336 12474 0.02502441406250000000 0.02990722656250000000 0 0 1 0 10 337 335 410 325 323 397 334 406 407 412 
337 12475 0.02624511718750000000 0.02990722656250000000 0 0 1 0 10 340 338 422 336 334 407 335 410 409 411 
338 12476 0.02746582031250000000 0.03112792968750000000 0 0 1 0 8 339 333 341 335 329 337 332 340 
339 12477 0.02868652343750000000 0.03112792968750000000 0 0 1 0 8 382 376 384 338 332 340 333 341 
340 12478 0.02746582031250000000 0.02990722656250000000 0 0 1 0 9 341 339 423 337 335 411 338 422 413 
341 12479 0.02868652343750000000 0.02990722656250000000 0 0 1 0 7 384 382 340 338 422 339 423 
342 12480 0.02990722656250000000 0.03845214843750000000 0 0 1 0 8 343 145 345 299 134 301 146 344 
343 12481 0.03112792968750000000 0.03845214843750000000 0 0 1 0 8 346 146 348 342 145 344 134 345 
344 12482 0.02990722656250000000 0.03723144531250000000 0 0 1 0 8 345 343 351 301 299 307 342 350 
345 12483 0.03112792968750000000 0.03723144531250000000 0 0 1 0 8 348 346 354 344 342 350 343 351 
346 12484 0.03234863281250000000 0.03845214843750000000 0 0 1 0 8 347 146 349 343 145 345 149 348 
347 12485 0.03356933593750000000 0.03845214843750000000 0 0 1 0 8 358 149 360 346 146 348 145 349 
348 12486 0.03234863281250000000 0.03723144531250000000 0 0 1 0 8 349 347 355 345 343 351 346 354 
349 12487 0.03356933593750000000 0.03723144531250000000 0 0 1 0 8 360 358 366 348 346 354 347 355 
350 12488 0.02990722656250000000 0.03601074218750000000 0 0 1 0 8 351 345 353 307 301 309 344 352 
351 12489 0.03112792968750000000 0.03601074218750000000 0 0 1 0 8 354 348 356 350 344 352 345 353 
352 12490 0.02990722656250000000 0.03479003906250000000 0 0 1 0 8 353 351 375 309 307 331 350 374 
353 12491 0.03112792968750000000 0.03479003906250000000 0 0 1 0 8 356 354 378 352 350 374 351 375 
354 12492 0.03234863281250000000 0.03601074218750000000 0 0 1 0 8 355 349 357 351 345 353 348 356 
355 12493 0.03356933593750000000 0.03601074218750000000 0 0 1 0 8 366 360 368 354 348 356 349 357 
356 12494 0.03234863281250000000 0.03479003906250000000 0 0 1 0 8 357 355 379 353 351 375 354 378 
357 12495 0.03356933593750000000 0.03479003906250000000 0 0 1 0 8 368 366 390 356 354 378 355 379 
358 12496 0.03479003906250000000 0.03845214843750000000 0 0 1 0 8 359 149 361 347 146 349 150 360 
359 12497 0.03601074218750000000 0.03845214843750000000 0 0 1 0 8 362 150 364 358 149 360 146 361 
360 12498 0.03479003906250000000 0.03723144531250000000 0 0 1 0 8 361 359 367 349 347 355 358 366 
361 12499 0.03601074218750000000 0.03723144531250000000 0 0 1 0 8 364 362 370 360 358 366 359 367 
362 12500 0.03723144531250000000 0.03845214843750000000 0 0 1 0 8 363 150 365 359 149 361 160 364 
363 12501 0.03845214843750000000 0.03845214843750000000 0 0 1 0 8 425 160 427 362 150 364 149 365 
364 12502 0.03723144531250000000 0.03723144531250000000 0 0 1 0 8 365 363 371 361 359 367 362 370 
365 12503 0.03845214843750000000 0.03723144531250000000 0 0 1 0 8 427 425 433 364 362 370 363 371 
366 12504 0.03479003906250000000 0.03601074218750000000 0 0 1 0 8 367 361 369 355 349 357 360 368 
367 12505 0.03601074218750000000 0.03601074218750000000 0 0 1 0 8 370 364 372 366 360 368 361 369 
368 12506 0.03479003906250000000 0.03479003906250000000 0 0 1 0 8 369 367 390 357 355 379 366 391 
369 12507 0.03601074218750000000 0.03479003906250000000 0 0 1 0 7 372 370 391 368 366 390 367 
370 12508 0.03723144531250000000 0.03601074218750000000 0 0 1 0 8 371 365 373 367 361 369 364 372 
371 12509 0.03845214843750000000 0.03601074218750000000 0 0 1 0 8 433 427 435 370 364 372 365 373 
372 12510 0.03723144531250000000 0.03479003906250000000 0 0 1 0 8 373 371 391 369 367 390 370 11 
373 12511 0.03845214843750000000 0.03479003906250000000 0 0 1 0 8 435 433 11 372 370 391 371 390 
374 12512 0.02990722656250000000 0.03356933593750000000 0 0 1 0 8 375 353 377 331 309 333 352 376 
375 12513 0.03112792968750000000 0.03356933593750000000 0 0 1 0 8 378 356 380 374 352 376 353 377 
376 12514 0.02990722656250000000 0.03234863281250000000 0 0 1 0 8 377 375 383 333 331 339 374 382 
377 12515 0.03112792968750000000 0.03234863281250000000 0 0 1 0 8 380 378 386 376 374 382 375 383 
378 12516 0.03234863281250000000 0.03356933593750000000 0 0 1 0 8 379 357 381 375 353 377 356 380 
379 12517 0.03356933593750000000 0.03356933593750000000 0 0 1 0 8 390 10 378 356 380 357 368 381 
380 12518 0.03234863281250000000 0.03234863281250000000 0 0 1 0 8 381 379 387 377 375 383 378 386 
381 12519 0.03356933593750000000 0.03234863281250000000 0 0 1 0 7 390 10 380 378 386 379 387 
382 12520 0.02990722656250000000 0.03112792968750000000 0 0 1 0 8 383 377 385 339 333 341 376 384 
383 12521 0.03112792968750000000 0.03112792968750000000 0 0 1 0 8 386 380 388 382 376 384 377 385 
384 12522 0.02990722656250000000 0.02990722656250000000 0 0 1 0 7 385 383 341 339 423 382 9 
385 12523 0.03112792968750000000 0.02990722656250000000 0 0 1 0 7 8 388 384 383 382 9 386 
386 12524 0.03234863281250000000 0.03112792968750000000 0 0 1 0 8 387 381 389 383 377 385 380 388 
387 12525 0.03356933593750000000 0.03112792968750000000 0 0 1 0 7 10 390 386 380 388 381 389 
388 12526 0.03234863281250000000 0.02990722656250000000 0 0 1 0 6 389 387 9 385 383 386 
389 12527 0.03356933593750000000 0.02990722656250000000 0 0 1 0 6 10 390 388 386 9 387 
390 12528 0.03540039062500000000 0.03295898437500000000 0 0 1 0 10 391 372 379 357 381 387 369 368 10 389 
391 12529 0.03784179687500000000 0.03295898437500000000 0 0 1 0 7 11 435 390 369 10 373 372 
392 12530 0.02014160156250000000 0.02868652343750000000 0 0 1 0 8 393 321 395 233 190 235 320 394 
393 12531 0.02136230468750000000 0.02868652343750000000 0 0 1 0 8 396 324 398 392 320 394 321 395 
394 12532 0.02014160156250000000 0.02746582031250000000 0 0 1 0 8 395 393 401 235 233 241 392 400 
395 12533 0.02136230468750000000 0.02746582031250000000 0 0 1 0 8 398 396 404 394 392 400 393 401 
396 12534 0.02258300781250000000 0.02868652343750000000 0 0 1 0 8 397 325 399 393 321 395 324 398 
397 12535 0.02380371093750000000 0.02868652343750000000 0 0 1 0 10 406 336 408 414 396 324 398 325 399 416 
398 12536 0.02258300781250000000 0.02746582031250000000 0 0 1 0 8 399 397 405 395 393 401 396 404 
399 12537 0.02380371093750000000 0.02746582031250000000 0 0 1 0 9 414 408 416 424 398 396 404 397 405 
400 12538 0.02014160156250000000 0.02624511718750000000 0 0 1 0 8 401 395 403 241 235 243 394 402 
401 12539 0.02136230468750000000 0.02624511718750000000 0 0 1 0 8 404 398 5 400 394 402 395 403 
402 12540 0.02014160156250000000 0.02502441406250000000 0 0 1 0 7 403 401 4 243 241 276 400 
403 12541 0.02136230468750000000 0.02502441406250000000 0 0 1 0 6 5 404 402 400 4 401 
404 12542 0.02258300781250000000 0.02624511718750000000 0 0 1 0 7 405 399 401 395 403 398 5 
405 12543 0.02380371093750000000 0.02624511718750000000 0 0 1 0 6 424 416 404 398 5 399 
406 12544 0.02471923828125000000 0.02899169921875000000 0 0 1 0 8 407 336 409 397 325 399 337 408 
407 12545 0.02532958984375000000 0.02899169921875000000 0 0 1 0 8 410 337 412 406 336 408 325 409 
408 12546 0.02471923828125000000 0.02838134765625000000 0 0 1 0 8 409 407 415 397 325 399 406 414 
409 12547 0.02532958984375000000 0.02838134765625000000 0 0 1 0 8 412 410 418 408 406 414 407 415 
410 12548 0.02593994140625000000 0.02899169921875000000 0 0 1 0 8 411 337 413 407 336 409 340 412 
411 12549 0.02655029296875000000 0.02899169921875000000 0 0 1 0 8 422 340 7 410 337 412 336 413 
412 12550 0.02593994140625000000 0.02838134765625000000 0 0 1 0 8 413 411 419 409 407 415 410 418 
413 12551 0.02655029296875000000 0.02838134765625000000 0 0 1 0 8 422 340 7 412 410 418 411 419 
414 12552 0.02471923828125000000 0.02777099609375000000 0 0 1 0 8 415 409 417 399 397 405 408 416 
415 12553 0.02532958984375000000 0.02777099609375000000 0 0 1 0 8 418 412 420 414 408 416 409 417 
416 12554 0.02471923828125000000 0.02716064453125000000 0 0 1 0 8 417 415 424 399 397 405 414 6 
417 12555 0.02532958984375000000 0.02716064453125000000 0 0 1 0 8 420 418 6 416 414 424 415 405 
418 12556 0.02593994140625000000 0.02777099609375000000 0 0 1 0 8 419 413 421 415 409 417 412 420 
419 12557 0.02655029296875000000 0.02777099609375000000 0 0 1 0 7 7 422 418 412 420 413 421 
420 12558 0.02593994140625000000 0.02716064453125000000 0 0 1 0 7 421 419 6 417 415 424 418 
421 12559 0.02655029296875000000 0.02716064453125000000 0 0 1 0 7 7 422 420 418 6 419 424 
422 12560 0.02746582031250000000 0.02868652343750000000 0 0 1 0 10 423 341 8 411 337 413 419 340 7 421 
423 12561 0.02868652343750000000 0.02868652343750000000 0 0 1 0 6 422 340 7 341 384 8 
424 12562 0.02502441406250000000 0.02624511718750000000 0 0 1 0 8 404 405 6 420 416 399 417 5 
425 12563 0.03967285156250000000 0.03845214843750000000 0 0 1 0 8 426 160 428 363 150 365 161 427 
426 12564 0.04089355468750000000 0.03845214843750000000 0 0 1 0 8 429 161 431 425 160 427 150 428 
427 12565 0.03967285156250000000 0.03723144531250000000 0 0 1 0 8 428 426 434 365 363 371 425 433 
428 12566 0.04089355468750000000 0.03723144531250000000 0 0 1 0 8 431 429 437 427 425 433 426 434 
429 12567 0.04211425781250000000 0.03845214843750000000 0 0 1 0 8 430 161 432 426 160 428 162 431 
430 12568 0.04333496093750000000 0.03845214843750000000 0 0 1 0 8 441 162 443 429 161 431 160 432 
431 12569 0.04211425781250000000 0.03723144531250000000 0 0 1 0 8 432 430 438 428 426 434 429 437 
432 12570 0.04333496093750000000 0.03723144531250000000 0 0 1 0 8 441 162 443 431 429 437 430 438 
433 12571 0.03967285156250000000 0.03601074218750000000 0 0 1 0 8 434 428 436 371 365 373 427 435 
434 12572 0.04089355468750000000 0.03601074218750000000 0 0 1 0 8 437 431 439 433 427 435 428 436 
435 12573 0.03967285156250000000 0.03479003906250000000 0 0 1 0 8 436 434 11 373 371 391 433 12 
436 12574 0.04089355468750000000 0.03479003906250000000 0 0 1 0 8 439 437 12 435 433 11 434 391 
437 12575 0.04211425781250000000 0.03601074218750000000 0 0 1 0 8 438 432 440 434 428 436 431 439 
438 12576 0.04333496093750000000 0.03601074218750000000 0 0 1 0 7 443 441 437 431 439 432 440 
439 12577 0.04211425781250000000 0.03479003906250000000 0 0 1 0 7 440 438 12 436 434 11 437 
440 12578 0.04333496093750000000 0.03479003906250000000 0 0 1 0 7 443 441 439 437 12 438 11 
441 12579 0.04516601562500000000 0.03784179687500000000 0 0 1 0 10 442 476 13 430 161 432 438 162 443 440 
442 12580 0.04760742187500000000 0.03784179687500000000 0 0 1 0 7 445 441 162 443 476 477 13 
443 12581 0.04516601562500000000 0.03540039062500000000 0 0 1 0 7 13 442 438 432 440 12 441 
