421 16678 -0.17578125000000000000 0.17578125000000000000 
422 16706 -0.04882812500000000000 0.24414062500000000000 
423 16709 -0.02929687500000000000 0.24414062500000000000 
424 16710 -0.00976562500000000000 0.24414062500000000000 
425 16718 -0.08789062500000000000 0.20507812500000000000 
426 16720 -0.12695312500000000000 0.18554687500000000000 
427 16721 -0.14648437500000000000 0.16601562500000000000 
428 16722 -0.12695312500000000000 0.16601562500000000000 
429 16723 -0.10742187500000000000 0.18554687500000000000 
430 16724 -0.08789062500000000000 0.18554687500000000000 
431 16725 -0.06835937500000000000 0.22460937500000000000 
432 16726 -0.04882812500000000000 0.22460937500000000000 
433 16727 -0.06835937500000000000 0.20507812500000000000 
434 16732 -0.21484375000000000000 0.13671875000000000000 
435 16733 -0.17578125000000000000 0.13671875000000000000 
436 16734 -0.21484375000000000000 0.09765625000000000000 
437 16737 -0.21484375000000000000 0.05859375000000000000 
438 13004 -0.21484375000000000000 0.01953125000000000000 
439 16738 -0.14648437500000000000 0.14648437500000000000 
440 12152 -0.00244140625000000000 0.05615234375000000000 
441 12153 -0.00244140625000000000 0.05126953125000000000 
442 12154 -0.00244140625000000000 0.04638671875000000000 
443 11727 -0.01098632812500000000 0.02319335937500000000 
444 11728 -0.01098632812500000000 0.02075195312500000000 
445 11729 -0.00915527343750000000 0.02502441406250000000 
446 11730 -0.00793457031250000000 0.02502441406250000000 
447 11731 -0.00549316406250000000 0.02624511718750000000 
448 11732 -0.00671386718750000000 0.02502441406250000000 
449 11733 -0.00549316406250000000 0.02502441406250000000 
450 11734 -0.00427246093750000000 0.02624511718750000000 
451 11735 -0.00305175781250000000 0.02624511718750000000 
452 11738 -0.00183105468750000000 0.02624511718750000000 
453 11739 -0.00061035156250000000 0.02624511718750000000 
454 11742 -0.00915527343750000000 0.02380371093750000000 
455 11744 -0.00915527343750000000 0.02258300781250000000 
456 11306 -0.02197265625000000000 0.01220703125000000000 
457 11307 -0.03173828125000000000 0.00244140625000000000 
458 11308 -0.02685546875000000000 0.00732421875000000000 
459 11309 -0.02197265625000000000 0.00732421875000000000 
460 11310 -0.02685546875000000000 0.00244140625000000000 
461 11774 -0.01098632812500000000 0.01831054687500000000 
462 11775 -0.01342773437500000000 0.01586914062500000000 
463 11776 -0.01098632812500000000 0.01586914062500000000 
464 11312 -0.01831054687500000000 0.01342773437500000000 
465 11313 -0.01586914062500000000 0.01342773437500000000 
466 11314 -0.01831054687500000000 0.01098632812500000000 
467 11316 -0.01342773437500000000 0.01342773437500000000 
468 16898 0.00976562500000000000 0.24414062500000000000 
469 16899 0.02929687500000000000 0.24414062500000000000 
470 919 0.04882812500000000000 0.24414062500000000000 
471 936 0.04882812500000000000 0.22460937500000000000 
472 937 0.06835937500000000000 0.22460937500000000000 
473 938 0.06835937500000000000 0.20507812500000000000 
474 941 0.08789062500000000000 0.20507812500000000000 
475 947 0.08789062500000000000 0.18554687500000000000 
476 948 0.10742187500000000000 0.18554687500000000000 
477 456 0.10742187500000000000 0.16601562500000000000 
478 460 0.07324218750000000000 0.12207031250000000000 
479 461 0.07324218750000000000 0.11230468750000000000 
480 462 0.07324218750000000000 0.10253906250000000000 
481 463 0.05371093750000000000 0.08300781250000000000 
482 464 0.06347656250000000000 0.09277343750000000000 
483 465 0.07324218750000000000 0.09277343750000000000 
484 466 0.06347656250000000000 0.08300781250000000000 
485 468 0.09277343750000000000 0.14160156250000000000 
486 469 0.10253906250000000000 0.15136718750000000000 
487 471 0.10253906250000000000 0.14160156250000000000 
488 473 0.08300781250000000000 0.13183593750000000000 
489 474 0.09277343750000000000 0.13183593750000000000 
490 475 0.08300781250000000000 0.12207031250000000000 
491 12155 0.00244140625000000000 0.06103515625000000000 
492 12156 0.00732421875000000000 0.06103515625000000000 
493 12157 0.01220703125000000000 0.06103515625000000000 
494 12158 0.01708984375000000000 0.06103515625000000000 
495 12159 0.02197265625000000000 0.06103515625000000000 
496 12160 0.02685546875000000000 0.06103515625000000000 
497 603 0.03662109375000000000 0.06591796875000000000 
498 12161 0.03173828125000000000 0.06103515625000000000 
499 604 0.03662109375000000000 0.06103515625000000000 
500 12162 0.00122070312500000000 0.05737304687500000000 
501 12164 0.00122070312500000000 0.05493164062500000000 
502 12196 0.00122070312500000000 0.04516601562500000000 
503 12202 0.00122070312500000000 0.04272460937500000000 
504 12204 0.00122070312500000000 0.04028320312500000000 
505 12205 0.00366210937500000000 0.04028320312500000000 
506 606 0.04638671875000000000 0.07568359375000000000 
507 607 0.04150390625000000000 0.07080078125000000000 
508 608 0.04638671875000000000 0.07080078125000000000 
509 609 0.05126953125000000000 0.07568359375000000000 
510 611 0.05126953125000000000 0.07080078125000000000 
511 613 0.04150390625000000000 0.06591796875000000000 
512 12301 0.00366210937500000000 0.03784179687500000000 
513 12302 0.00366210937500000000 0.03540039062500000000 
514 12307 0.00366210937500000000 0.03295898437500000000 
515 12308 0.00366210937500000000 0.03051757812500000000 
516 11906 0.00183105468750000000 0.02746582031250000000 
517 12329 0.00305175781250000000 0.02868652343750000000 
518 11907 0.00305175781250000000 0.02746582031250000000 
519 11908 0.00061035156250000000 0.02624511718750000000 
520 11909 0.00183105468750000000 0.02624511718750000000 
521 13019 -0.21484375000000000000 -0.01953125000000000000 
522 13020 -0.17578125000000000000 -0.01953125000000000000 
523 13022 -0.17578125000000000000 -0.05859375000000000000 
524 9143 -0.08789062500000000000 -0.02929687500000000000 
525 13031 -0.14648437500000000000 -0.04882812500000000000 
526 13032 -0.12695312500000000000 -0.04882812500000000000 
527 9144 -0.10742187500000000000 -0.04882812500000000000 
528 9145 -0.08789062500000000000 -0.04882812500000000000 
529 11431 -0.04394531250000000000 -0.01464843750000000000 
530 9148 -0.07324218750000000000 -0.02441406250000000000 
531 9149 -0.06347656250000000000 -0.02441406250000000000 
532 9150 -0.07324218750000000000 -0.03417968750000000000 
533 9152 -0.05371093750000000000 -0.02441406250000000000 
534 9153 -0.04394531250000000000 -0.02441406250000000000 
535 11432 -0.03662109375000000000 -0.00244140625000000000 
536 11433 -0.03173828125000000000 -0.00244140625000000000 
537 11434 -0.03662109375000000000 -0.00732421875000000000 
538 11440 -0.03662109375000000000 -0.01220703125000000000 
539 11442 -0.03662109375000000000 -0.01708984375000000000 
