539 420 119
1 12582 -0.10742187500000000000 0.16601562500000000000 0 0 1 0 8 2 430 23 428 426 19 429 22 
2 12583 -0.08789062500000000000 0.16601562500000000000 0 0 1 0 9 10 8 34 1 429 22 430 23 36 
3 12584 -0.04882812500000000000 0.20507812500000000000 0 0 1 0 8 6 4 12 433 431 8 432 9 
4 12585 -0.02929687500000000000 0.22460937500000000000 0 0 1 0 8 5 424 7 432 422 3 423 6 
5 12586 -0.00976562500000000000 0.22460937500000000000 0 0 1 0 8 303 468 305 4 423 6 424 7 
6 12587 -0.02929687500000000000 0.20507812500000000000 0 0 1 0 8 7 5 13 3 432 9 4 12 
7 12588 -0.00976562500000000000 0.20507812500000000000 0 0 1 0 8 305 303 308 6 4 12 5 13 
8 12589 -0.06835937500000000000 0.18554687500000000000 0 0 1 0 8 9 3 11 430 425 2 433 10 
9 12590 -0.04882812500000000000 0.18554687500000000000 0 0 1 0 8 12 6 14 8 433 10 3 11 
10 12591 -0.06835937500000000000 0.16601562500000000000 0 0 1 0 10 11 9 38 2 430 23 8 34 35 40 
11 12592 -0.04882812500000000000 0.16601562500000000000 0 0 1 0 11 14 12 50 10 8 35 9 38 37 39 52 
12 12593 -0.02929687500000000000 0.18554687500000000000 0 0 1 0 8 13 7 15 9 3 11 6 14 
13 12594 -0.00976562500000000000 0.18554687500000000000 0 0 1 0 8 308 305 310 12 6 14 7 15 
14 12595 -0.02929687500000000000 0.16601562500000000000 0 0 1 0 11 15 13 54 11 9 39 12 50 41 51 56 
15 12596 -0.00976562500000000000 0.16601562500000000000 0 0 1 0 11 310 308 317 14 12 51 13 54 53 55 319 
16 12597 -0.17578125000000000000 0.09765625000000000000 0 0 1 0 10 26 20 28 98 436 434 437 435 17 100 
17 12598 -0.17578125000000000000 0.05859375000000000000 0 0 1 0 10 98 28 100 106 437 436 438 16 18 108 
18 12599 -0.17578125000000000000 0.01953125000000000000 0 0 1 0 10 106 100 108 407 438 437 521 17 522 409 
19 12600 -0.12695312500000000000 0.14648437500000000000 0 0 1 0 8 22 1 24 439 427 20 428 21 
20 12601 -0.14648437500000000000 0.12695312500000000000 0 0 1 0 8 21 19 27 435 421 16 439 26 
21 12602 -0.12695312500000000000 0.12695312500000000000 0 0 1 0 8 24 22 30 20 439 26 19 27 
22 12603 -0.10742187500000000000 0.14648437500000000000 0 0 1 0 8 23 2 25 19 428 21 1 24 
23 12604 -0.08789062500000000000 0.14648437500000000000 0 0 1 0 10 34 10 36 42 22 1 24 2 25 44 
24 12605 -0.10742187500000000000 0.12695312500000000000 0 0 1 0 8 25 23 31 21 19 27 22 30 
25 12606 -0.08789062500000000000 0.12695312500000000000 0 0 1 0 10 42 36 44 66 24 22 30 23 31 68 
26 12607 -0.14648437500000000000 0.10742187500000000000 0 0 1 0 8 27 21 29 16 435 17 20 28 
27 12608 -0.12695312500000000000 0.10742187500000000000 0 0 1 0 8 30 24 32 26 20 28 21 29 
28 12609 -0.14648437500000000000 0.08789062500000000000 0 0 1 0 8 29 27 99 16 435 17 26 98 
29 12610 -0.12695312500000000000 0.08789062500000000000 0 0 1 0 8 32 30 102 28 26 98 27 99 
30 12611 -0.10742187500000000000 0.10742187500000000000 0 0 1 0 8 31 25 33 27 21 29 24 32 
31 12612 -0.08789062500000000000 0.10742187500000000000 0 0 1 0 10 66 44 68 74 30 24 32 25 33 76 
32 12613 -0.10742187500000000000 0.08789062500000000000 0 0 1 0 8 33 31 103 29 27 99 30 102 
33 12614 -0.08789062500000000000 0.08789062500000000000 0 0 1 0 10 74 68 76 114 32 30 102 31 103 116 
34 12615 -0.07324218750000000000 0.15136718750000000000 0 0 1 0 8 35 10 37 23 2 25 11 36 
35 12616 -0.06347656250000000000 0.15136718750000000000 0 0 1 0 8 38 11 40 34 10 36 2 37 
36 12617 -0.07324218750000000000 0.14160156250000000000 0 0 1 0 8 37 35 43 23 2 25 34 42 
37 12618 -0.06347656250000000000 0.14160156250000000000 0 0 1 0 8 40 38 46 36 34 42 35 43 
38 12619 -0.05371093750000000000 0.15136718750000000000 0 0 1 0 8 39 11 41 35 10 37 14 40 
39 12620 -0.04394531250000000000 0.15136718750000000000 0 0 1 0 8 50 14 52 38 11 40 10 41 
40 12621 -0.05371093750000000000 0.14160156250000000000 0 0 1 0 8 41 39 47 37 35 43 38 46 
41 12622 -0.04394531250000000000 0.14160156250000000000 0 0 1 0 8 52 50 58 40 38 46 39 47 
42 12623 -0.07324218750000000000 0.13183593750000000000 0 0 1 0 8 43 37 45 25 23 31 36 44 
43 12624 -0.06347656250000000000 0.13183593750000000000 0 0 1 0 8 46 40 48 42 36 44 37 45 
44 12625 -0.07324218750000000000 0.12207031250000000000 0 0 1 0 8 45 43 67 25 23 31 42 66 
45 12626 -0.06347656250000000000 0.12207031250000000000 0 0 1 0 8 48 46 70 44 42 66 43 67 
46 12627 -0.05371093750000000000 0.13183593750000000000 0 0 1 0 8 47 41 49 43 37 45 40 48 
47 12628 -0.04394531250000000000 0.13183593750000000000 0 0 1 0 8 58 52 60 46 40 48 41 49 
48 12629 -0.05371093750000000000 0.12207031250000000000 0 0 1 0 8 49 47 71 45 43 67 46 70 
49 12630 -0.04394531250000000000 0.12207031250000000000 0 0 1 0 8 60 58 82 48 46 70 47 71 
50 12631 -0.03417968750000000000 0.15136718750000000000 0 0 1 0 8 51 14 53 39 11 41 15 52 
51 12632 -0.02441406250000000000 0.15136718750000000000 0 0 1 0 8 54 15 56 50 14 52 11 53 
52 12633 -0.03417968750000000000 0.14160156250000000000 0 0 1 0 8 53 51 59 41 39 47 50 58 
53 12634 -0.02441406250000000000 0.14160156250000000000 0 0 1 0 8 56 54 62 52 50 58 51 59 
54 12635 -0.01464843750000000000 0.15136718750000000000 0 0 1 0 8 55 15 57 51 14 53 310 56 
55 12636 -0.00488281250000000000 0.15136718750000000000 0 0 1 0 8 317 310 319 54 15 56 14 57 
56 12637 -0.01464843750000000000 0.14160156250000000000 0 0 1 0 8 57 55 63 53 51 59 54 62 
57 12638 -0.00488281250000000000 0.14160156250000000000 0 0 1 0 8 319 317 325 56 54 62 55 63 
58 12639 -0.03417968750000000000 0.13183593750000000000 0 0 1 0 8 59 53 61 47 41 49 52 60 
59 12640 -0.02441406250000000000 0.13183593750000000000 0 0 1 0 8 62 56 64 58 52 60 53 61 
60 12641 -0.03417968750000000000 0.12207031250000000000 0 0 1 0 8 61 59 83 49 47 71 58 82 
61 12642 -0.02441406250000000000 0.12207031250000000000 0 0 1 0 8 64 62 86 60 58 82 59 83 
62 12643 -0.01464843750000000000 0.13183593750000000000 0 0 1 0 8 63 57 65 59 53 61 56 64 
63 12644 -0.00488281250000000000 0.13183593750000000000 0 0 1 0 8 325 319 327 62 56 64 57 65 
64 12645 -0.01464843750000000000 0.12207031250000000000 0 0 1 0 8 65 63 87 61 59 83 62 86 
65 12646 -0.00488281250000000000 0.12207031250000000000 0 0 1 0 8 327 325 348 64 62 86 63 87 
66 12647 -0.07324218750000000000 0.11230468750000000000 0 0 1 0 8 67 45 69 31 25 33 44 68 
67 12648 -0.06347656250000000000 0.11230468750000000000 0 0 1 0 8 70 48 72 66 44 68 45 69 
68 12649 -0.07324218750000000000 0.10253906250000000000 0 0 1 0 8 69 67 75 31 25 33 66 74 
69 12650 -0.06347656250000000000 0.10253906250000000000 0 0 1 0 8 72 70 78 68 66 74 67 75 
70 12651 -0.05371093750000000000 0.11230468750000000000 0 0 1 0 8 71 49 73 67 45 69 48 72 
71 12652 -0.04394531250000000000 0.11230468750000000000 0 0 1 0 8 82 60 84 70 48 72 49 73 
72 12653 -0.05371093750000000000 0.10253906250000000000 0 0 1 0 8 73 71 79 69 67 75 70 78 
73 12654 -0.04394531250000000000 0.10253906250000000000 0 0 1 0 8 84 82 90 72 70 78 71 79 
74 12655 -0.07324218750000000000 0.09277343750000000000 0 0 1 0 8 75 69 77 33 31 103 68 76 
75 12656 -0.06347656250000000000 0.09277343750000000000 0 0 1 0 8 78 72 80 74 68 76 69 77 
76 12657 -0.07324218750000000000 0.08300781250000000000 0 0 1 0 8 77 75 115 33 31 103 74 114 
77 12658 -0.06347656250000000000 0.08300781250000000000 0 0 1 0 8 80 78 118 76 74 114 75 115 
78 12659 -0.05371093750000000000 0.09277343750000000000 0 0 1 0 8 79 73 81 75 69 77 72 80 
79 12660 -0.04394531250000000000 0.09277343750000000000 0 0 1 0 8 90 84 92 78 72 80 73 81 
80 12661 -0.05371093750000000000 0.08300781250000000000 0 0 1 0 8 81 79 119 77 75 115 78 118 
81 12662 -0.04394531250000000000 0.08300781250000000000 0 0 1 0 9 92 90 130 80 78 118 79 119 132 
82 12663 -0.03417968750000000000 0.11230468750000000000 0 0 1 0 8 83 61 85 71 49 73 60 84 
83 12664 -0.02441406250000000000 0.11230468750000000000 0 0 1 0 8 86 64 88 82 60 84 61 85 
84 12665 -0.03417968750000000000 0.10253906250000000000 0 0 1 0 8 85 83 91 73 71 79 82 90 
85 12666 -0.02441406250000000000 0.10253906250000000000 0 0 1 0 8 88 86 94 84 82 90 83 91 
86 12667 -0.01464843750000000000 0.11230468750000000000 0 0 1 0 8 87 65 89 83 61 85 64 88 
87 12668 -0.00488281250000000000 0.11230468750000000000 0 0 1 0 8 348 327 350 86 64 88 65 89 
88 12669 -0.01464843750000000000 0.10253906250000000000 0 0 1 0 8 89 87 95 85 83 91 86 94 
89 12670 -0.00488281250000000000 0.10253906250000000000 0 0 1 0 8 350 348 356 88 86 94 87 95 
90 12671 -0.03417968750000000000 0.09277343750000000000 0 0 1 0 8 91 85 93 79 73 81 84 92 
91 12672 -0.02441406250000000000 0.09277343750000000000 0 0 1 0 8 94 88 96 90 84 92 85 93 
92 12673 -0.03417968750000000000 0.08300781250000000000 0 0 1 0 10 93 91 134 81 79 119 90 130 131 136 
93 12674 -0.02441406250000000000 0.08300781250000000000 0 0 1 0 11 96 94 146 92 90 131 91 134 133 135 148 
94 12675 -0.01464843750000000000 0.09277343750000000000 0 0 1 0 8 95 89 97 91 85 93 88 96 
95 12676 -0.00488281250000000000 0.09277343750000000000 0 0 1 0 8 356 350 358 94 88 96 89 97 
96 12677 -0.01464843750000000000 0.08300781250000000000 0 0 1 0 11 97 95 150 93 91 135 94 146 137 147 152 
97 12678 -0.00488281250000000000 0.08300781250000000000 0 0 1 0 11 358 356 376 96 94 147 95 150 149 151 378 
98 12679 -0.14648437500000000000 0.06835937500000000000 0 0 1 0 8 99 29 101 17 16 18 28 100 
99 12680 -0.12695312500000000000 0.06835937500000000000 0 0 1 0 8 102 32 104 98 28 100 29 101 
100 12681 -0.14648437500000000000 0.04882812500000000000 0 0 1 0 8 101 99 107 17 16 18 98 106 
101 12682 -0.12695312500000000000 0.04882812500000000000 0 0 1 0 8 104 102 110 100 98 106 99 107 
102 12683 -0.10742187500000000000 0.06835937500000000000 0 0 1 0 8 103 33 105 99 29 101 32 104 
103 12684 -0.08789062500000000000 0.06835937500000000000 0 0 1 0 10 114 76 116 122 102 32 104 33 105 124 
104 12685 -0.10742187500000000000 0.04882812500000000000 0 0 1 0 8 105 103 111 101 99 107 102 110 
105 12686 -0.08789062500000000000 0.04882812500000000000 0 0 1 0 10 122 116 124 191 104 102 110 103 111 193 
106 12687 -0.14648437500000000000 0.02929687500000000000 0 0 1 0 8 107 101 109 18 17 522 100 108 
107 12688 -0.12695312500000000000 0.02929687500000000000 0 0 1 0 8 110 104 112 106 100 108 101 109 
108 12689 -0.14648437500000000000 0.00976562500000000000 0 0 1 0 8 109 107 408 18 17 522 106 407 
109 12690 -0.12695312500000000000 0.00976562500000000000 0 0 1 0 8 112 110 411 108 106 407 107 408 
110 12691 -0.10742187500000000000 0.02929687500000000000 0 0 1 0 8 111 105 113 107 101 109 104 112 
111 12692 -0.08789062500000000000 0.02929687500000000000 0 0 1 0 10 191 124 193 199 110 104 112 105 113 201 
112 12693 -0.10742187500000000000 0.00976562500000000000 0 0 1 0 8 113 111 412 109 107 408 110 411 
113 12694 -0.08789062500000000000 0.00976562500000000000 0 0 1 0 10 199 193 201 414 112 110 411 111 412 416 
114 12695 -0.07324218750000000000 0.07324218750000000000 0 0 1 0 8 115 77 117 103 33 105 76 116 
115 12696 -0.06347656250000000000 0.07324218750000000000 0 0 1 0 8 118 80 120 114 76 116 77 117 
116 12697 -0.07324218750000000000 0.06347656250000000000 0 0 1 0 8 117 115 123 103 33 105 114 122 
117 12698 -0.06347656250000000000 0.06347656250000000000 0 0 1 0 8 120 118 126 116 114 122 115 123 
118 12699 -0.05371093750000000000 0.07324218750000000000 0 0 1 0 8 119 81 121 115 77 117 80 120 
119 12700 -0.04394531250000000000 0.07324218750000000000 0 0 1 0 10 130 92 132 138 118 80 120 81 121 140 
120 12701 -0.05371093750000000000 0.06347656250000000000 0 0 1 0 8 121 119 127 117 115 123 118 126 
121 12702 -0.04394531250000000000 0.06347656250000000000 0 0 1 0 10 138 132 140 162 120 118 126 119 127 164 
122 12703 -0.07324218750000000000 0.05371093750000000000 0 0 1 0 8 123 117 125 105 103 111 116 124 
123 12704 -0.06347656250000000000 0.05371093750000000000 0 0 1 0 8 126 120 128 122 116 124 117 125 
124 12705 -0.07324218750000000000 0.04394531250000000000 0 0 1 0 8 125 123 192 105 103 111 122 191 
125 12706 -0.06347656250000000000 0.04394531250000000000 0 0 1 0 8 128 126 195 124 122 191 123 192 
126 12707 -0.05371093750000000000 0.05371093750000000000 0 0 1 0 8 127 121 129 123 117 125 120 128 
127 12708 -0.04394531250000000000 0.05371093750000000000 0 0 1 0 10 162 140 164 170 126 120 128 121 129 172 
128 12709 -0.05371093750000000000 0.04394531250000000000 0 0 1 0 8 129 127 196 125 123 192 126 195 
129 12710 -0.04394531250000000000 0.04394531250000000000 0 0 1 0 10 170 164 172 207 128 126 195 127 196 209 
130 12711 -0.03662109375000000000 0.07568359375000000000 0 0 1 0 8 131 92 133 119 81 121 93 132 
131 12712 -0.03173828125000000000 0.07568359375000000000 0 0 1 0 8 134 93 136 130 92 132 81 133 
132 12713 -0.03662109375000000000 0.07080078125000000000 0 0 1 0 8 133 131 139 119 81 121 130 138 
133 12714 -0.03173828125000000000 0.07080078125000000000 0 0 1 0 8 136 134 142 132 130 138 131 139 
134 12715 -0.02685546875000000000 0.07568359375000000000 0 0 1 0 8 135 93 137 131 92 133 96 136 
135 12716 -0.02197265625000000000 0.07568359375000000000 0 0 1 0 8 146 96 148 134 93 136 92 137 
136 12717 -0.02685546875000000000 0.07080078125000000000 0 0 1 0 8 137 135 143 133 131 139 134 142 
137 12718 -0.02197265625000000000 0.07080078125000000000 0 0 1 0 8 148 146 154 136 134 142 135 143 
138 12719 -0.03662109375000000000 0.06591796875000000000 0 0 1 0 8 139 133 141 121 119 127 132 140 
139 12720 -0.03173828125000000000 0.06591796875000000000 0 0 1 0 8 142 136 144 138 132 140 133 141 
140 12721 -0.03662109375000000000 0.06103515625000000000 0 0 1 0 8 141 139 163 121 119 127 138 162 
141 12722 -0.03173828125000000000 0.06103515625000000000 0 0 1 0 8 144 142 166 140 138 162 139 163 
142 12723 -0.02685546875000000000 0.06591796875000000000 0 0 1 0 8 143 137 145 139 133 141 136 144 
143 12724 -0.02197265625000000000 0.06591796875000000000 0 0 1 0 8 154 148 156 142 136 144 137 145 
144 12725 -0.02685546875000000000 0.06103515625000000000 0 0 1 0 8 145 143 167 141 139 163 142 166 
145 12726 -0.02197265625000000000 0.06103515625000000000 0 0 1 0 8 156 154 178 144 142 166 143 167 
146 12727 -0.01708984375000000000 0.07568359375000000000 0 0 1 0 8 147 96 149 135 93 137 97 148 
147 12728 -0.01220703125000000000 0.07568359375000000000 0 0 1 0 8 150 97 152 146 96 148 93 149 
148 12729 -0.01708984375000000000 0.07080078125000000000 0 0 1 0 8 149 147 155 137 135 143 146 154 
149 12730 -0.01220703125000000000 0.07080078125000000000 0 0 1 0 8 152 150 158 148 146 154 147 155 
150 12731 -0.00732421875000000000 0.07568359375000000000 0 0 1 0 8 151 97 153 147 96 149 358 152 
151 12732 -0.00244140625000000000 0.07568359375000000000 0 0 1 0 8 376 358 378 150 97 152 96 153 
152 12733 -0.00732421875000000000 0.07080078125000000000 0 0 1 0 8 153 151 159 149 147 155 150 158 
153 12734 -0.00244140625000000000 0.07080078125000000000 0 0 1 0 8 378 376 384 152 150 158 151 159 
154 12735 -0.01708984375000000000 0.06591796875000000000 0 0 1 0 8 155 149 157 143 137 145 148 156 
155 12736 -0.01220703125000000000 0.06591796875000000000 0 0 1 0 8 158 152 160 154 148 156 149 157 
156 12737 -0.01708984375000000000 0.06103515625000000000 0 0 1 0 8 157 155 179 145 143 167 154 178 
157 12738 -0.01220703125000000000 0.06103515625000000000 0 0 1 0 8 160 158 182 156 154 178 155 179 
158 12739 -0.00732421875000000000 0.06591796875000000000 0 0 1 0 8 159 153 161 155 149 157 152 160 
159 12740 -0.00244140625000000000 0.06591796875000000000 0 0 1 0 8 384 378 491 158 152 160 153 161 
160 12741 -0.00732421875000000000 0.06103515625000000000 0 0 1 0 8 161 159 440 157 155 179 158 182 
161 12742 -0.00244140625000000000 0.06103515625000000000 0 0 1 0 9 491 384 500 160 158 182 159 440 501 
162 12743 -0.03662109375000000000 0.05615234375000000000 0 0 1 0 8 163 141 165 127 121 129 140 164 
163 12744 -0.03173828125000000000 0.05615234375000000000 0 0 1 0 8 166 144 168 162 140 164 141 165 
164 12745 -0.03662109375000000000 0.05126953125000000000 0 0 1 0 8 165 163 171 127 121 129 162 170 
165 12746 -0.03173828125000000000 0.05126953125000000000 0 0 1 0 8 168 166 174 164 162 170 163 171 
166 12747 -0.02685546875000000000 0.05615234375000000000 0 0 1 0 8 167 145 169 163 141 165 144 168 
167 12748 -0.02197265625000000000 0.05615234375000000000 0 0 1 0 8 178 156 180 166 144 168 145 169 
168 12749 -0.02685546875000000000 0.05126953125000000000 0 0 1 0 8 169 167 175 165 163 171 166 174 
169 12750 -0.02197265625000000000 0.05126953125000000000 0 0 1 0 8 180 178 184 168 166 174 167 175 
170 12751 -0.03662109375000000000 0.04638671875000000000 0 0 1 0 8 171 165 173 129 127 196 164 172 
171 12752 -0.03173828125000000000 0.04638671875000000000 0 0 1 0 8 174 168 176 170 164 172 165 173 
172 12753 -0.03662109375000000000 0.04150390625000000000 0 0 1 0 8 173 171 208 129 127 196 170 207 
173 12754 -0.03173828125000000000 0.04150390625000000000 0 0 1 0 8 176 174 211 172 170 207 171 208 
174 12755 -0.02685546875000000000 0.04638671875000000000 0 0 1 0 8 175 169 177 171 165 173 168 176 
175 12756 -0.02197265625000000000 0.04638671875000000000 0 0 1 0 8 184 180 186 174 168 176 169 177 
176 12757 -0.02685546875000000000 0.04150390625000000000 0 0 1 0 8 177 175 212 173 171 208 174 211 
177 12758 -0.02197265625000000000 0.04150390625000000000 0 0 1 0 9 186 184 223 176 174 211 175 212 225 
178 12759 -0.01708984375000000000 0.05615234375000000000 0 0 1 0 8 179 157 181 167 145 169 156 180 
179 12760 -0.01220703125000000000 0.05615234375000000000 0 0 1 0 8 182 160 183 178 156 180 157 181 
180 12761 -0.01708984375000000000 0.05126953125000000000 0 0 1 0 8 181 179 185 169 167 175 178 184 
181 12762 -0.01220703125000000000 0.05126953125000000000 0 0 1 0 8 183 182 188 180 178 184 179 185 
182 12763 -0.00732421875000000000 0.05615234375000000000 0 0 1 0 8 440 161 441 179 157 181 160 183 
183 12764 -0.00732421875000000000 0.05126953125000000000 0 0 1 0 8 441 440 442 181 179 185 182 188 
184 12765 -0.01708984375000000000 0.04638671875000000000 0 0 1 0 8 185 181 187 175 169 177 180 186 
185 12766 -0.01220703125000000000 0.04638671875000000000 0 0 1 0 8 188 183 189 184 180 186 181 187 
186 12767 -0.01708984375000000000 0.04150390625000000000 0 0 1 0 10 187 185 227 177 175 212 184 223 224 229 
187 12768 -0.01220703125000000000 0.04150390625000000000 0 0 1 0 11 189 188 239 186 184 224 185 227 226 228 241 
188 12769 -0.00732421875000000000 0.04638671875000000000 0 0 1 0 8 442 441 190 185 181 187 183 189 
189 12770 -0.00732421875000000000 0.04150390625000000000 0 0 1 0 11 190 442 243 187 185 228 188 239 230 240 245 
190 12771 -0.00244140625000000000 0.04150390625000000000 0 0 1 0 12 503 502 504 400 189 188 240 442 243 242 244 401 
191 12772 -0.07324218750000000000 0.03417968750000000000 0 0 1 0 8 192 125 194 111 105 113 124 193 
192 12773 -0.06347656250000000000 0.03417968750000000000 0 0 1 0 8 195 128 197 191 124 193 125 194 
193 12774 -0.07324218750000000000 0.02441406250000000000 0 0 1 0 8 194 192 200 111 105 113 191 199 
194 12775 -0.06347656250000000000 0.02441406250000000000 0 0 1 0 8 197 195 203 193 191 199 192 200 
195 12776 -0.05371093750000000000 0.03417968750000000000 0 0 1 0 8 196 129 198 192 125 194 128 197 
196 12777 -0.04394531250000000000 0.03417968750000000000 0 0 1 0 10 207 172 209 215 195 128 197 129 198 217 
197 12778 -0.05371093750000000000 0.02441406250000000000 0 0 1 0 8 198 196 204 194 192 200 195 203 
198 12779 -0.04394531250000000000 0.02441406250000000000 0 0 1 0 10 215 209 217 288 197 195 203 196 204 290 
199 12780 -0.07324218750000000000 0.01464843750000000000 0 0 1 0 8 200 194 202 113 111 412 193 201 
200 12781 -0.06347656250000000000 0.01464843750000000000 0 0 1 0 8 203 197 205 199 193 201 194 202 
201 12782 -0.07324218750000000000 0.00488281250000000000 0 0 1 0 8 202 200 415 113 111 412 199 414 
202 12783 -0.06347656250000000000 0.00488281250000000000 0 0 1 0 8 205 203 418 201 199 414 200 415 
203 12784 -0.05371093750000000000 0.01464843750000000000 0 0 1 0 8 204 198 206 200 194 202 197 205 
204 12785 -0.04394531250000000000 0.01464843750000000000 0 0 1 0 10 288 217 290 295 203 197 205 198 206 297 
205 12786 -0.05371093750000000000 0.00488281250000000000 0 0 1 0 8 206 204 419 202 200 415 203 418 
206 12787 -0.04394531250000000000 0.00488281250000000000 0 0 1 0 10 295 290 297 535 205 203 418 204 419 537 
207 12788 -0.03662109375000000000 0.03662109375000000000 0 0 1 0 8 208 173 210 196 129 198 172 209 
208 12789 -0.03173828125000000000 0.03662109375000000000 0 0 1 0 8 211 176 213 207 172 209 173 210 
209 12790 -0.03662109375000000000 0.03173828125000000000 0 0 1 0 8 210 208 216 196 129 198 207 215 
210 12791 -0.03173828125000000000 0.03173828125000000000 0 0 1 0 8 213 211 219 209 207 215 208 216 
211 12792 -0.02685546875000000000 0.03662109375000000000 0 0 1 0 8 212 177 214 208 173 210 176 213 
212 12793 -0.02197265625000000000 0.03662109375000000000 0 0 1 0 10 223 186 225 231 211 176 213 177 214 233 
213 12794 -0.02685546875000000000 0.03173828125000000000 0 0 1 0 8 214 212 220 210 208 216 211 219 
214 12795 -0.02197265625000000000 0.03173828125000000000 0 0 1 0 10 231 225 233 255 213 211 219 212 220 257 
215 12796 -0.03662109375000000000 0.02685546875000000000 0 0 1 0 8 216 210 218 198 196 204 209 217 
216 12797 -0.03173828125000000000 0.02685546875000000000 0 0 1 0 8 219 213 221 215 209 217 210 218 
217 12798 -0.03662109375000000000 0.02197265625000000000 0 0 1 0 8 218 216 289 198 196 204 215 288 
218 12799 -0.03173828125000000000 0.02197265625000000000 0 0 1 0 8 221 219 292 217 215 288 216 289 
219 12800 -0.02685546875000000000 0.02685546875000000000 0 0 1 0 8 220 214 222 216 210 218 213 221 
220 12801 -0.02197265625000000000 0.02685546875000000000 0 0 1 0 10 255 233 257 263 219 213 221 214 222 265 
221 12802 -0.02685546875000000000 0.02197265625000000000 0 0 1 0 8 222 220 293 218 216 289 219 292 
222 12803 -0.02197265625000000000 0.02197265625000000000 0 0 1 0 10 263 257 265 298 221 219 292 220 293 300 
223 12804 -0.01831054687500000000 0.03784179687500000000 0 0 1 0 8 224 186 226 212 177 214 187 225 
224 12805 -0.01586914062500000000 0.03784179687500000000 0 0 1 0 8 227 187 229 223 186 225 177 226 
225 12806 -0.01831054687500000000 0.03540039062500000000 0 0 1 0 8 226 224 232 212 177 214 223 231 
226 12807 -0.01586914062500000000 0.03540039062500000000 0 0 1 0 8 229 227 235 225 223 231 224 232 
227 12808 -0.01342773437500000000 0.03784179687500000000 0 0 1 0 8 228 187 230 224 186 226 189 229 
228 12809 -0.01098632812500000000 0.03784179687500000000 0 0 1 0 8 239 189 241 227 187 229 186 230 
229 12810 -0.01342773437500000000 0.03540039062500000000 0 0 1 0 8 230 228 236 226 224 232 227 235 
230 12811 -0.01098632812500000000 0.03540039062500000000 0 0 1 0 8 241 239 247 229 227 235 228 236 
231 12812 -0.01831054687500000000 0.03295898437500000000 0 0 1 0 8 232 226 234 214 212 220 225 233 
232 12813 -0.01586914062500000000 0.03295898437500000000 0 0 1 0 8 235 229 237 231 225 233 226 234 
233 12814 -0.01831054687500000000 0.03051757812500000000 0 0 1 0 8 234 232 256 214 212 220 231 255 
234 12815 -0.01586914062500000000 0.03051757812500000000 0 0 1 0 8 237 235 259 233 231 255 232 256 
235 12816 -0.01342773437500000000 0.03295898437500000000 0 0 1 0 8 236 230 238 232 226 234 229 237 
236 12817 -0.01098632812500000000 0.03295898437500000000 0 0 1 0 8 247 241 249 235 229 237 230 238 
237 12818 -0.01342773437500000000 0.03051757812500000000 0 0 1 0 8 238 236 260 234 232 256 235 259 
238 12819 -0.01098632812500000000 0.03051757812500000000 0 0 1 0 9 249 247 269 237 235 259 236 260 271 
239 12820 -0.00854492187500000000 0.03784179687500000000 0 0 1 0 8 240 189 242 228 187 230 190 241 
240 12821 -0.00610351562500000000 0.03784179687500000000 0 0 1 0 8 243 190 245 239 189 241 187 242 
241 12822 -0.00854492187500000000 0.03540039062500000000 0 0 1 0 8 242 240 248 230 228 236 239 247 
242 12823 -0.00610351562500000000 0.03540039062500000000 0 0 1 0 8 245 243 251 241 239 247 240 248 
243 12824 -0.00366210937500000000 0.03784179687500000000 0 0 1 0 7 244 190 246 240 189 242 245 
244 12825 -0.00122070312500000000 0.03784179687500000000 0 0 1 0 8 400 504 401 243 190 245 189 246 
245 12826 -0.00366210937500000000 0.03540039062500000000 0 0 1 0 8 246 244 252 242 240 248 243 251 
246 12827 -0.00122070312500000000 0.03540039062500000000 0 0 1 0 8 401 400 402 245 243 251 244 252 
247 12828 -0.00854492187500000000 0.03295898437500000000 0 0 1 0 8 248 242 250 236 230 238 241 249 
248 12829 -0.00610351562500000000 0.03295898437500000000 0 0 1 0 8 251 245 253 247 241 249 242 250 
249 12830 -0.00854492187500000000 0.03051757812500000000 0 0 1 0 10 250 248 273 238 236 260 247 269 270 275 
250 12831 -0.00610351562500000000 0.03051757812500000000 0 0 1 0 11 253 251 280 249 247 270 248 273 272 274 282 
251 12832 -0.00366210937500000000 0.03295898437500000000 0 0 1 0 8 252 246 254 248 242 250 245 253 
252 12833 -0.00122070312500000000 0.03295898437500000000 0 0 1 0 8 402 401 403 251 245 253 246 254 
253 12834 -0.00366210937500000000 0.03051757812500000000 0 0 1 0 11 254 252 284 250 248 274 251 280 276 281 286 
254 12835 -0.00122070312500000000 0.03051757812500000000 0 0 1 0 11 403 402 404 253 251 281 252 284 283 285 406 
255 12836 -0.01831054687500000000 0.02807617187500000000 0 0 1 0 8 256 234 258 220 214 222 233 257 
256 12837 -0.01586914062500000000 0.02807617187500000000 0 0 1 0 8 259 237 261 255 233 257 234 258 
257 12838 -0.01831054687500000000 0.02563476562500000000 0 0 1 0 8 258 256 264 220 214 222 255 263 
258 12839 -0.01586914062500000000 0.02563476562500000000 0 0 1 0 8 261 259 267 257 255 263 256 264 
259 12840 -0.01342773437500000000 0.02807617187500000000 0 0 1 0 8 260 238 262 256 234 258 237 261 
260 12841 -0.01098632812500000000 0.02807617187500000000 0 0 1 0 10 269 249 271 277 259 237 261 238 262 445 
261 12842 -0.01342773437500000000 0.02563476562500000000 0 0 1 0 8 262 260 443 258 256 264 259 267 
262 12843 -0.01098632812500000000 0.02563476562500000000 0 0 1 0 10 277 271 445 454 261 259 267 260 443 455 
263 12844 -0.01831054687500000000 0.02319335937500000000 0 0 1 0 8 264 258 266 222 220 293 257 265 
264 12845 -0.01586914062500000000 0.02319335937500000000 0 0 1 0 8 267 261 268 263 257 265 258 266 
265 12846 -0.01831054687500000000 0.02075195312500000000 0 0 1 0 8 266 264 299 222 220 293 263 298 
266 12847 -0.01586914062500000000 0.02075195312500000000 0 0 1 0 8 268 267 302 265 263 298 264 299 
267 12848 -0.01342773437500000000 0.02319335937500000000 0 0 1 0 8 443 262 444 264 258 266 261 268 
268 12849 -0.01342773437500000000 0.02075195312500000000 0 0 1 0 8 444 443 461 266 264 299 267 302 
269 12850 -0.00915527343750000000 0.02868652343750000000 0 0 1 0 8 270 249 272 260 238 262 250 271 
270 12851 -0.00793457031250000000 0.02868652343750000000 0 0 1 0 8 273 250 275 269 249 271 238 272 
271 12852 -0.00915527343750000000 0.02746582031250000000 0 0 1 0 8 272 270 278 260 238 262 269 277 
272 12853 -0.00793457031250000000 0.02746582031250000000 0 0 1 0 8 275 273 279 271 269 277 270 278 
273 12854 -0.00671386718750000000 0.02868652343750000000 0 0 1 0 8 274 250 276 270 249 272 253 275 
274 12855 -0.00549316406250000000 0.02868652343750000000 0 0 1 0 8 280 253 282 273 250 275 249 276 
275 12856 -0.00671386718750000000 0.02746582031250000000 0 0 1 0 8 276 274 447 272 270 278 273 279 
276 12857 -0.00549316406250000000 0.02746582031250000000 0 0 1 0 8 282 280 450 275 273 279 274 447 
277 12858 -0.00915527343750000000 0.02624511718750000000 0 0 1 0 8 278 272 446 262 260 443 271 445 
278 12859 -0.00793457031250000000 0.02624511718750000000 0 0 1 0 8 279 275 448 277 271 445 272 446 
279 12860 -0.00671386718750000000 0.02624511718750000000 0 0 1 0 8 447 276 449 278 272 446 275 448 
280 12861 -0.00427246093750000000 0.02868652343750000000 0 0 1 0 8 281 253 283 274 250 276 254 282 
281 12862 -0.00305175781250000000 0.02868652343750000000 0 0 1 0 8 284 254 286 280 253 282 250 283 
282 12863 -0.00427246093750000000 0.02746582031250000000 0 0 1 0 8 283 281 451 276 274 447 280 450 
283 12864 -0.00305175781250000000 0.02746582031250000000 0 0 1 0 8 286 284 452 282 280 450 281 451 
284 12865 -0.00183105468750000000 0.02868652343750000000 0 0 1 0 8 285 254 287 281 253 283 403 286 
285 12866 -0.00061035156250000000 0.02868652343750000000 0 0 1 0 8 404 403 406 284 254 286 253 287 
286 12867 -0.00183105468750000000 0.02746582031250000000 0 0 1 0 8 287 285 453 283 281 451 284 452 
287 12868 -0.00061035156250000000 0.02746582031250000000 0 0 1 0 8 406 404 519 286 284 452 285 453 
288 12869 -0.03662109375000000000 0.01708984375000000000 0 0 1 0 8 289 218 291 204 198 206 217 290 
289 12870 -0.03173828125000000000 0.01708984375000000000 0 0 1 0 8 292 221 294 288 217 290 218 291 
290 12871 -0.03662109375000000000 0.01220703125000000000 0 0 1 0 8 291 289 296 204 198 206 288 295 
291 12872 -0.03173828125000000000 0.01220703125000000000 0 0 1 0 8 294 292 458 290 288 295 289 296 
292 12873 -0.02685546875000000000 0.01708984375000000000 0 0 1 0 8 293 222 456 289 218 291 221 294 
293 12874 -0.02197265625000000000 0.01708984375000000000 0 0 1 0 10 298 265 300 464 292 221 294 222 456 466 
294 12875 -0.02685546875000000000 0.01220703125000000000 0 0 1 0 8 456 293 459 291 289 296 292 458 
295 12876 -0.03662109375000000000 0.00732421875000000000 0 0 1 0 8 296 291 457 206 204 419 290 297 
296 12877 -0.03173828125000000000 0.00732421875000000000 0 0 1 0 8 458 294 460 295 290 297 291 457 
297 12878 -0.03662109375000000000 0.00244140625000000000 0 0 1 0 8 457 296 536 206 204 419 295 535 
298 12879 -0.01831054687500000000 0.01831054687500000000 0 0 1 0 8 299 266 301 293 222 456 265 300 
299 12880 -0.01586914062500000000 0.01831054687500000000 0 0 1 0 8 302 268 462 298 265 300 266 301 
300 12881 -0.01831054687500000000 0.01586914062500000000 0 0 1 0 8 301 299 465 293 222 456 298 464 
301 12882 -0.01586914062500000000 0.01586914062500000000 0 0 1 0 8 462 302 467 300 298 464 299 465 
302 12883 -0.01342773437500000000 0.01831054687500000000 0 0 1 0 8 461 444 463 299 266 301 268 462 
303 12884 0.00976562500000000000 0.22460937500000000000 0 0 1 0 8 304 469 306 5 424 7 468 305 
304 12885 0.02929687500000000000 0.22460937500000000000 0 0 1 0 8 471 470 307 303 468 305 469 306 
305 12886 0.00976562500000000000 0.20507812500000000000 0 0 1 0 8 306 304 309 7 5 13 303 308 
306 12887 0.02929687500000000000 0.20507812500000000000 0 0 1 0 8 307 471 312 305 303 308 304 309 
307 12888 0.04882812500000000000 0.20507812500000000000 0 0 1 0 8 473 472 313 306 304 309 471 312 
308 12889 0.00976562500000000000 0.18554687500000000000 0 0 1 0 8 309 306 311 13 7 15 305 310 
309 12890 0.02929687500000000000 0.18554687500000000000 0 0 1 0 8 312 307 314 308 305 310 306 311 
310 12891 0.00976562500000000000 0.16601562500000000000 0 0 1 0 11 311 309 321 15 13 55 308 317 57 318 323 
311 12892 0.02929687500000000000 0.16601562500000000000 0 0 1 0 11 314 312 333 310 308 318 309 321 320 322 335 
312 12893 0.04882812500000000000 0.18554687500000000000 0 0 1 0 8 313 473 315 309 306 311 307 314 
313 12894 0.06835937500000000000 0.18554687500000000000 0 0 1 0 8 475 474 316 312 307 314 473 315 
314 12895 0.04882812500000000000 0.16601562500000000000 0 0 1 0 11 315 313 337 311 309 322 312 333 324 334 339 
315 12896 0.06835937500000000000 0.16601562500000000000 0 0 1 0 11 316 475 373 314 312 334 313 337 336 338 375 
316 12897 0.08789062500000000000 0.16601562500000000000 0 0 1 0 11 477 476 486 315 313 338 475 373 340 374 487 
317 12898 0.00488281250000000000 0.15136718750000000000 0 0 1 0 8 318 310 320 55 15 57 311 319 
318 12899 0.01464843750000000000 0.15136718750000000000 0 0 1 0 8 321 311 323 317 310 319 15 320 
319 12900 0.00488281250000000000 0.14160156250000000000 0 0 1 0 8 320 318 326 57 55 63 317 325 
320 12901 0.01464843750000000000 0.14160156250000000000 0 0 1 0 8 323 321 329 319 317 325 318 326 
321 12902 0.02441406250000000000 0.15136718750000000000 0 0 1 0 8 322 311 324 318 310 320 314 323 
322 12903 0.03417968750000000000 0.15136718750000000000 0 0 1 0 8 333 314 335 321 311 323 310 324 
323 12904 0.02441406250000000000 0.14160156250000000000 0 0 1 0 8 324 322 330 320 318 326 321 329 
324 12905 0.03417968750000000000 0.14160156250000000000 0 0 1 0 8 335 333 341 323 321 329 322 330 
325 12906 0.00488281250000000000 0.13183593750000000000 0 0 1 0 8 326 320 328 63 57 65 319 327 
326 12907 0.01464843750000000000 0.13183593750000000000 0 0 1 0 8 329 323 331 325 319 327 320 328 
327 12908 0.00488281250000000000 0.12207031250000000000 0 0 1 0 8 328 326 349 65 63 87 325 348 
328 12909 0.01464843750000000000 0.12207031250000000000 0 0 1 0 8 331 329 352 327 325 348 326 349 
329 12910 0.02441406250000000000 0.13183593750000000000 0 0 1 0 8 330 324 332 326 320 328 323 331 
330 12911 0.03417968750000000000 0.13183593750000000000 0 0 1 0 8 341 335 343 329 323 331 324 332 
331 12912 0.02441406250000000000 0.12207031250000000000 0 0 1 0 8 332 330 353 328 326 349 329 352 
332 12913 0.03417968750000000000 0.12207031250000000000 0 0 1 0 8 343 341 364 331 329 352 330 353 
333 12914 0.04394531250000000000 0.15136718750000000000 0 0 1 0 8 334 314 336 322 311 324 315 335 
334 12915 0.05371093750000000000 0.15136718750000000000 0 0 1 0 8 337 315 339 333 314 335 311 336 
335 12916 0.04394531250000000000 0.14160156250000000000 0 0 1 0 8 336 334 342 324 322 330 333 341 
336 12917 0.05371093750000000000 0.14160156250000000000 0 0 1 0 8 339 337 345 335 333 341 334 342 
337 12918 0.06347656250000000000 0.15136718750000000000 0 0 1 0 8 338 315 340 334 314 336 316 339 
338 12919 0.07324218750000000000 0.15136718750000000000 0 0 1 0 8 373 316 375 337 315 339 314 340 
339 12920 0.06347656250000000000 0.14160156250000000000 0 0 1 0 8 340 338 346 336 334 342 337 345 
340 12921 0.07324218750000000000 0.14160156250000000000 0 0 1 0 8 375 373 488 339 337 345 338 346 
341 12922 0.04394531250000000000 0.13183593750000000000 0 0 1 0 8 342 336 344 330 324 332 335 343 
342 12923 0.05371093750000000000 0.13183593750000000000 0 0 1 0 8 345 339 347 341 335 343 336 344 
343 12924 0.04394531250000000000 0.12207031250000000000 0 0 1 0 8 344 342 365 332 330 353 341 364 
344 12925 0.05371093750000000000 0.12207031250000000000 0 0 1 0 8 347 345 368 343 341 364 342 365 
345 12926 0.06347656250000000000 0.13183593750000000000 0 0 1 0 8 346 340 478 342 336 344 339 347 
346 12927 0.07324218750000000000 0.13183593750000000000 0 0 1 0 8 488 375 490 345 339 347 340 478 
347 12928 0.06347656250000000000 0.12207031250000000000 0 0 1 0 8 478 346 479 344 342 365 345 368 
348 12929 0.00488281250000000000 0.11230468750000000000 0 0 1 0 8 349 328 351 87 65 89 327 350 
349 12930 0.01464843750000000000 0.11230468750000000000 0 0 1 0 8 352 331 354 348 327 350 328 351 
350 12931 0.00488281250000000000 0.10253906250000000000 0 0 1 0 8 351 349 357 89 87 95 348 356 
351 12932 0.01464843750000000000 0.10253906250000000000 0 0 1 0 8 354 352 360 350 348 356 349 357 
352 12933 0.02441406250000000000 0.11230468750000000000 0 0 1 0 8 353 332 355 349 328 351 331 354 
353 12934 0.03417968750000000000 0.11230468750000000000 0 0 1 0 8 364 343 366 352 331 354 332 355 
354 12935 0.02441406250000000000 0.10253906250000000000 0 0 1 0 8 355 353 361 351 349 357 352 360 
355 12936 0.03417968750000000000 0.10253906250000000000 0 0 1 0 8 366 364 370 354 352 360 353 361 
356 12937 0.00488281250000000000 0.09277343750000000000 0 0 1 0 8 357 351 359 95 89 97 350 358 
357 12938 0.01464843750000000000 0.09277343750000000000 0 0 1 0 8 360 354 362 356 350 358 351 359 
358 12939 0.00488281250000000000 0.08300781250000000000 0 0 1 0 11 359 357 380 97 95 151 356 376 153 377 382 
359 12940 0.01464843750000000000 0.08300781250000000000 0 0 1 0 11 362 360 388 358 356 377 357 380 379 381 390 
360 12941 0.02441406250000000000 0.09277343750000000000 0 0 1 0 8 361 355 363 357 351 359 354 362 
361 12942 0.03417968750000000000 0.09277343750000000000 0 0 1 0 8 370 366 372 360 354 362 355 363 
362 12943 0.02441406250000000000 0.08300781250000000000 0 0 1 0 11 363 361 392 359 357 381 360 388 383 389 394 
363 12944 0.03417968750000000000 0.08300781250000000000 0 0 1 0 11 372 370 399 362 360 389 361 392 391 393 507 
364 12945 0.04394531250000000000 0.11230468750000000000 0 0 1 0 8 365 344 367 353 332 355 343 366 
365 12946 0.05371093750000000000 0.11230468750000000000 0 0 1 0 8 368 347 369 364 343 366 344 367 
366 12947 0.04394531250000000000 0.10253906250000000000 0 0 1 0 8 367 365 371 355 353 361 364 370 
367 12948 0.05371093750000000000 0.10253906250000000000 0 0 1 0 8 369 368 482 366 364 370 365 371 
368 12949 0.06347656250000000000 0.11230468750000000000 0 0 1 0 8 479 478 480 365 344 367 347 369 
369 12950 0.06347656250000000000 0.10253906250000000000 0 0 1 0 8 480 479 483 367 365 371 368 482 
370 12951 0.04394531250000000000 0.09277343750000000000 0 0 1 0 8 371 367 481 361 355 363 366 372 
371 12952 0.05371093750000000000 0.09277343750000000000 0 0 1 0 8 482 369 484 370 366 372 367 481 
372 12953 0.04394531250000000000 0.08300781250000000000 0 0 1 0 11 481 371 509 363 361 393 370 399 395 506 510 
373 12954 0.08300781250000000000 0.15136718750000000000 0 0 1 0 8 374 316 485 338 315 340 477 375 
374 12955 0.09277343750000000000 0.15136718750000000000 0 0 1 0 8 486 477 487 373 316 375 315 485 
375 12956 0.08300781250000000000 0.14160156250000000000 0 0 1 0 8 485 374 489 340 338 346 373 488 
376 12957 0.00244140625000000000 0.07568359375000000000 0 0 1 0 8 377 358 379 151 97 153 359 378 
377 12958 0.00732421875000000000 0.07568359375000000000 0 0 1 0 8 380 359 382 376 358 378 97 379 
378 12959 0.00244140625000000000 0.07080078125000000000 0 0 1 0 8 379 377 385 153 151 159 376 384 
379 12960 0.00732421875000000000 0.07080078125000000000 0 0 1 0 8 382 380 386 378 376 384 377 385 
380 12961 0.01220703125000000000 0.07568359375000000000 0 0 1 0 8 381 359 383 377 358 379 362 382 
381 12962 0.01708984375000000000 0.07568359375000000000 0 0 1 0 8 388 362 390 380 359 382 358 383 
382 12963 0.01220703125000000000 0.07080078125000000000 0 0 1 0 8 383 381 387 379 377 385 380 386 
383 12964 0.01708984375000000000 0.07080078125000000000 0 0 1 0 8 390 388 396 382 380 386 381 387 
384 12965 0.00244140625000000000 0.06591796875000000000 0 0 1 0 8 385 379 492 159 153 161 378 491 
385 12966 0.00732421875000000000 0.06591796875000000000 0 0 1 0 8 386 382 493 384 378 491 379 492 
386 12967 0.01220703125000000000 0.06591796875000000000 0 0 1 0 8 387 383 494 385 379 492 382 493 
387 12968 0.01708984375000000000 0.06591796875000000000 0 0 1 0 8 396 390 495 386 382 493 383 494 
388 12969 0.02197265625000000000 0.07568359375000000000 0 0 1 0 8 389 362 391 381 359 383 363 390 
389 12970 0.02685546875000000000 0.07568359375000000000 0 0 1 0 8 392 363 394 388 362 390 359 391 
390 12971 0.02197265625000000000 0.07080078125000000000 0 0 1 0 8 391 389 397 383 381 387 388 396 
391 12972 0.02685546875000000000 0.07080078125000000000 0 0 1 0 8 394 392 398 390 388 396 389 397 
392 12973 0.03173828125000000000 0.07568359375000000000 0 0 1 0 8 393 363 395 389 362 391 372 394 
393 12974 0.03662109375000000000 0.07568359375000000000 0 0 1 0 8 399 372 507 392 363 394 362 395 
394 12975 0.03173828125000000000 0.07080078125000000000 0 0 1 0 8 395 393 497 391 389 397 392 398 
395 12976 0.03662109375000000000 0.07080078125000000000 0 0 1 0 8 507 399 511 394 392 398 393 497 
396 12977 0.02197265625000000000 0.06591796875000000000 0 0 1 0 8 397 391 496 387 383 494 390 495 
397 12978 0.02685546875000000000 0.06591796875000000000 0 0 1 0 8 398 394 498 396 390 495 391 496 
398 12979 0.03173828125000000000 0.06591796875000000000 0 0 1 0 8 497 395 499 397 391 496 394 498 
399 12980 0.04150390625000000000 0.07568359375000000000 0 0 1 0 8 506 372 508 393 363 395 481 507 
400 12981 0.00122070312500000000 0.03784179687500000000 0 0 1 0 8 512 505 513 244 190 246 504 401 
401 12982 0.00122070312500000000 0.03540039062500000000 0 0 1 0 8 513 512 514 246 244 252 400 402 
402 12983 0.00122070312500000000 0.03295898437500000000 0 0 1 0 8 514 513 515 252 246 254 401 403 
403 12984 0.00122070312500000000 0.03051757812500000000 0 0 1 0 11 515 514 517 254 252 285 402 404 287 405 518 
404 12985 0.00061035156250000000 0.02868652343750000000 0 0 1 0 8 405 403 516 285 254 287 515 406 
405 12986 0.00183105468750000000 0.02868652343750000000 0 0 1 0 8 517 515 518 404 403 406 254 516 
406 12987 0.00061035156250000000 0.02746582031250000000 0 0 1 0 8 516 405 520 287 285 453 404 519 
407 12988 -0.14648437500000000000 -0.00976562500000000000 0 0 1 0 8 408 109 410 522 18 523 108 409 
408 12989 -0.12695312500000000000 -0.00976562500000000000 0 0 1 0 8 411 112 413 407 108 409 109 410 
409 12990 -0.14648437500000000000 -0.02929687500000000000 0 0 1 0 8 410 408 526 522 18 523 407 525 
410 12991 -0.12695312500000000000 -0.02929687500000000000 0 0 1 0 8 413 411 527 409 407 525 408 526 
411 12992 -0.10742187500000000000 -0.00976562500000000000 0 0 1 0 8 412 113 524 408 109 410 112 413 
412 12993 -0.08789062500000000000 -0.00976562500000000000 0 0 1 0 10 414 201 416 530 411 112 413 113 524 532 
413 12994 -0.10742187500000000000 -0.02929687500000000000 0 0 1 0 8 524 412 528 410 408 526 411 527 
414 12995 -0.07324218750000000000 -0.00488281250000000000 0 0 1 0 8 415 202 417 412 113 524 201 416 
415 12996 -0.06347656250000000000 -0.00488281250000000000 0 0 1 0 8 418 205 420 414 201 416 202 417 
416 12997 -0.07324218750000000000 -0.01464843750000000000 0 0 1 0 8 417 415 531 412 113 524 414 530 
417 12998 -0.06347656250000000000 -0.01464843750000000000 0 0 1 0 8 420 418 533 416 414 530 415 531 
418 12999 -0.05371093750000000000 -0.00488281250000000000 0 0 1 0 8 419 206 529 415 202 417 205 420 
419 13000 -0.04394531250000000000 -0.00488281250000000000 0 0 1 0 10 535 297 537 538 418 205 420 206 529 539 
420 13001 -0.05371093750000000000 -0.01464843750000000000 0 0 1 0 8 529 419 534 417 415 531 418 533 
