422 10885 0.00289464670000000009 -0.00932114849999999932 
423 11719 0.00117288630000000004 0.00598481359999999962 
424 12787 -0.04394531250000000000 0.00488281250000000000 
425 12872 -0.03173828125000000000 0.01220703125000000000 
426 12873 -0.02685546875000000000 0.01708984375000000000 
427 12874 -0.02197265625000000000 0.01708984375000000000 
428 12875 -0.02685546875000000000 0.01220703125000000000 
429 12876 -0.03662109375000000000 0.00732421875000000000 
430 12877 -0.03173828125000000000 0.00732421875000000000 
431 12878 -0.03662109375000000000 0.00244140625000000000 
432 12881 -0.01831054687500000000 0.01586914062500000000 
433 12882 -0.01586914062500000000 0.01586914062500000000 
434 11775 -0.01342773437500000000 0.01586914062500000000 
435 11776 -0.01098632812500000000 0.01586914062500000000 
436 11777 -0.01098632812500000000 0.01342773437500000000 
437 11812 -0.00915527343750000000 0.01281738281250000000 
438 11818 -0.00915527343750000000 0.01159667968750000000 
439 11820 -0.00915527343750000000 0.01037597656250000000 
440 11821 -0.00793457031250000000 0.01037597656250000000 
441 11824 -0.00671386718750000000 0.01037597656250000000 
442 11842 -0.00671386718750000000 0.00915527343750000000 
443 11843 -0.00549316406250000000 0.00915527343750000000 
444 11844 -0.00549316406250000000 0.00793457031250000000 
445 11855 -0.00457763671875000000 0.00762939453125000000 
446 11877 -0.00457763671875000000 0.00701904296875000000 
447 11879 -0.00457763671875000000 0.00640869140625000000 
448 11880 -0.00396728515625000000 0.00640869140625000000 
449 11885 -0.00396728515625000000 0.00579833984375000000 
450 11886 -0.00335693359375000000 0.00579833984375000000 
451 11888 -0.00335693359375000000 0.00518798828125000000 
452 11889 -0.00274658203125000000 0.00518798828125000000 
453 11900 -0.00213623046875000000 0.00518798828125000000 
454 11901 -0.00152587890625000000 0.00518798828125000000 
455 11904 -0.00091552734375000000 0.00518798828125000000 
456 11905 -0.00030517578125000000 0.00518798828125000000 
457 12999 -0.05371093750000000000 -0.00488281250000000000 
458 13000 -0.04394531250000000000 -0.00488281250000000000 
459 13001 -0.05371093750000000000 -0.01464843750000000000 
460 9152 -0.05371093750000000000 -0.02441406250000000000 
461 9153 -0.04394531250000000000 -0.02441406250000000000 
462 9155 -0.04394531250000000000 -0.03417968750000000000 
463 10886 -0.00061035156250000000 -0.01037597656250000000 
464 10887 -0.00061035156250000000 -0.01159667968750000000 
465 10888 -0.00061035156250000000 -0.01281738281250000000 
466 10889 -0.00183105468750000000 -0.01403808593750000000 
467 10890 -0.00061035156250000000 -0.01403808593750000000 
468 10891 -0.00549316406250000000 -0.01770019531250000000 
469 10892 -0.00671386718750000000 -0.01892089843750000000 
470 10893 -0.00549316406250000000 -0.01892089843750000000 
471 10894 -0.00305175781250000000 -0.01525878906250000000 
472 10895 -0.00427246093750000000 -0.01647949218750000000 
473 10896 -0.00305175781250000000 -0.01647949218750000000 
474 10897 -0.00183105468750000000 -0.01525878906250000000 
475 10901 -0.00427246093750000000 -0.01770019531250000000 
476 9156 -0.03662109375000000000 -0.02685546875000000000 
477 9157 -0.03173828125000000000 -0.02685546875000000000 
478 9158 -0.02685546875000000000 -0.02685546875000000000 
479 9159 -0.02197265625000000000 -0.02685546875000000000 
480 9165 -0.02197265625000000000 -0.03173828125000000000 
481 10909 -0.00671386718750000000 -0.02014160156250000000 
482 10911 -0.00671386718750000000 -0.02136230468750000000 
483 10913 -0.00671386718750000000 -0.02258300781250000000 
484 10915 -0.00671386718750000000 -0.02380371093750000000 
485 10933 -0.00671386718750000000 -0.02502441406250000000 
486 10935 -0.00671386718750000000 -0.02624511718750000000 
487 10937 -0.00671386718750000000 -0.02746582031250000000 
488 10939 -0.00671386718750000000 -0.02868652343750000000 
489 9168 -0.01831054687500000000 -0.03051757812500000000 
490 9169 -0.01586914062500000000 -0.03051757812500000000 
491 9172 -0.01342773437500000000 -0.03051757812500000000 
492 9173 -0.01098632812500000000 -0.03051757812500000000 
493 9184 -0.00854492187500000000 -0.03051757812500000000 
494 9185 -0.00610351562500000000 -0.03051757812500000000 
495 10959 0.00061035156250000000 -0.00915527343750000000 
496 10960 0.00183105468750000000 -0.00915527343750000000 
