443 4351 0.77905530000000000612 -0.02752167000000000155 
444 14310 0.65636888999999998262 -0.03985639199999999743 
445 14651 0.65673828125000000000 -0.04638671875000000000 
446 14652 0.66162109375000000000 -0.04638671875000000000 
447 14674 0.66284179687500000000 -0.05004882812500000000 
448 14676 0.66284179687500000000 -0.05249023437500000000 
449 14682 0.66284179687500000000 -0.05493164062500000000 
450 14684 0.66284179687500000000 -0.05737304687500000000 
451 14706 0.66162109375000000000 -0.06103515625000000000 
452 14708 0.66162109375000000000 -0.06591796875000000000 
453 14714 0.66162109375000000000 -0.07080078125000000000 
454 14716 0.66162109375000000000 -0.07568359375000000000 
455 4352 0.77514648437500000000 -0.03051757812500000000 
456 4353 0.77514648437500000000 -0.03295898437500000000 
457 4358 0.77514648437500000000 -0.03540039062500000000 
458 4359 0.77514648437500000000 -0.03784179687500000000 
459 4362 0.77758789062500000000 -0.03784179687500000000 
460 4364 0.77880859375000000000 -0.04150390625000000000 
461 4365 0.77880859375000000000 -0.04638671875000000000 
462 4366 0.77880859375000000000 -0.05126953125000000000 
463 4367 0.77880859375000000000 -0.05615234375000000000 
464 4368 0.77880859375000000000 -0.06103515625000000000 
465 4369 0.77880859375000000000 -0.06591796875000000000 
466 14722 0.65917968750000000000 -0.08300781250000000000 
467 14724 0.65917968750000000000 -0.09277343750000000000 
468 14851 0.65917968750000000000 -0.10253906250000000000 
469 14853 0.65917968750000000000 -0.11230468750000000000 
470 14854 0.66894531250000000000 -0.11230468750000000000 
471 14871 0.66894531250000000000 -0.12207031250000000000 
472 14872 0.67871093750000000000 -0.12207031250000000000 
473 14874 0.67871093750000000000 -0.13183593750000000000 
474 14875 0.68847656250000000000 -0.13183593750000000000 
475 14880 0.68847656250000000000 -0.14160156250000000000 
476 14881 0.69824218750000000000 -0.14160156250000000000 
477 14883 0.69824218750000000000 -0.15136718750000000000 
478 14884 0.70800781250000000000 -0.15136718750000000000 
479 4640 0.78369140625000000000 -0.06591796875000000000 
480 4646 0.78369140625000000000 -0.07080078125000000000 
481 4647 0.78857421875000000000 -0.07080078125000000000 
482 4648 0.78857421875000000000 -0.07568359375000000000 
483 4651 0.79345703125000000000 -0.07568359375000000000 
484 4746 0.79589843750000000000 -0.08300781250000000000 
485 4747 0.80566406250000000000 -0.08300781250000000000 
486 4749 0.80566406250000000000 -0.09277343750000000000 
487 4750 0.81542968750000000000 -0.09277343750000000000 
488 4751 0.81542968750000000000 -0.10253906250000000000 
489 4760 0.82519531250000000000 -0.10253906250000000000 
490 4762 0.82519531250000000000 -0.11230468750000000000 
491 4763 0.83496093750000000000 -0.11230468750000000000 
492 4768 0.83496093750000000000 -0.12207031250000000000 
493 4769 0.84472656250000000000 -0.12207031250000000000 
494 5750 0.84472656250000000000 -0.13183593750000000000 
495 5752 0.84472656250000000000 -0.14160156250000000000 
496 5754 0.84472656250000000000 -0.15136718750000000000 
497 14890 0.69335937500000000000 -0.16601562500000000000 
498 14901 0.71289062500000000000 -0.16601562500000000000 
499 14902 0.71289062500000000000 -0.18554687500000000000 
500 14903 0.73242187500000000000 -0.18554687500000000000 
501 14904 0.75195312500000000000 -0.18554687500000000000 
502 14905 0.77148437500000000000 -0.18554687500000000000 
503 14946 0.79101562500000000000 -0.18554687500000000000 
504 14947 0.81054687500000000000 -0.18554687500000000000 
505 14948 0.83007812500000000000 -0.16601562500000000000 
506 5809 0.84960937500000000000 -0.16601562500000000000 
507 14949 0.83007812500000000000 -0.18554687500000000000 
