545 432 113
1 13445 1.42578125000000000000 0.01953125000000000000 0 0 1 0 8 438 437 260 435 433 250 436 259 
2 13446 -0.70312500000000000000 -0.39062500000000000000 0 0 1 0 10 452 451 4 5 449 447 450 448 3 7 
3 13447 -0.70312500000000000000 -0.54687500000000000000 0 0 1 0 10 5 4 7 14 450 449 460 2 10 16 
4 13448 -0.58593750000000000000 -0.42968750000000000000 0 0 1 0 8 454 453 6 2 448 3 452 5 
5 13449 -0.58593750000000000000 -0.50781250000000000000 0 0 1 0 8 6 454 8 3 2 10 4 7 
6 13450 -0.50781250000000000000 -0.50781250000000000000 0 0 1 0 8 456 455 9 5 4 7 454 8 
7 13451 -0.58593750000000000000 -0.58593750000000000000 0 0 1 0 8 8 6 15 3 2 10 5 14 
8 13452 -0.50781250000000000000 -0.58593750000000000000 0 0 1 0 8 9 456 18 7 5 14 6 15 
9 13453 -0.42968750000000000000 -0.58593750000000000000 0 0 1 0 8 458 457 19 8 6 15 456 18 
10 13454 -0.70312500000000000000 -0.70312500000000000000 0 0 1 0 10 14 7 16 22 460 450 461 3 11 24 
11 13455 -0.70312500000000000000 -0.85937500000000000000 0 0 1 0 10 22 16 24 42 461 460 462 10 12 44 
12 13456 -0.70312500000000000000 -1.01562500000000000000 0 0 1 0 10 42 24 44 50 462 461 463 11 13 52 
13 13457 -0.70312500000000000000 -1.17187500000000000000 0 0 1 0 9 50 44 52 74 463 462 468 12 469 
14 13458 -0.58593750000000000000 -0.66406250000000000000 0 0 1 0 8 15 8 17 10 3 11 7 16 
15 13459 -0.50781250000000000000 -0.66406250000000000000 0 0 1 0 8 18 9 20 14 7 16 8 17 
16 13460 -0.58593750000000000000 -0.74218750000000000000 0 0 1 0 8 17 15 23 10 3 11 14 22 
17 13461 -0.50781250000000000000 -0.74218750000000000000 0 0 1 0 8 20 18 26 16 14 22 15 23 
18 13462 -0.42968750000000000000 -0.66406250000000000000 0 0 1 0 8 19 458 21 15 8 17 9 20 
19 13463 -0.35156250000000000000 -0.66406250000000000000 0 0 1 0 8 464 459 30 18 9 20 458 21 
20 13464 -0.42968750000000000000 -0.74218750000000000000 0 0 1 0 8 21 19 27 17 15 23 18 26 
21 13465 -0.35156250000000000000 -0.74218750000000000000 0 0 1 0 8 30 464 34 20 18 26 19 27 
22 13466 -0.58593750000000000000 -0.82031250000000000000 0 0 1 0 8 23 17 25 11 10 12 16 24 
23 13467 -0.50781250000000000000 -0.82031250000000000000 0 0 1 0 8 26 20 28 22 16 24 17 25 
24 13468 -0.58593750000000000000 -0.89843750000000000000 0 0 1 0 8 25 23 43 11 10 12 22 42 
25 13469 -0.50781250000000000000 -0.89843750000000000000 0 0 1 0 8 28 26 46 24 22 42 23 43 
26 13470 -0.42968750000000000000 -0.82031250000000000000 0 0 1 0 8 27 21 29 23 17 25 20 28 
27 13471 -0.35156250000000000000 -0.82031250000000000000 0 0 1 0 8 34 30 36 26 20 28 21 29 
28 13472 -0.42968750000000000000 -0.89843750000000000000 0 0 1 0 8 29 27 47 25 23 43 26 46 
29 13473 -0.35156250000000000000 -0.89843750000000000000 0 0 1 0 8 36 34 58 28 26 46 27 47 
30 13474 -0.27343750000000000000 -0.74218750000000000000 0 0 1 0 8 31 465 35 21 19 27 464 34 
31 13475 -0.19531250000000000000 -0.74218750000000000000 0 0 1 0 8 32 466 38 30 464 34 465 35 
32 13476 -0.11718750000000000000 -0.74218750000000000000 0 0 1 0 8 33 467 39 31 465 35 466 38 
33 13477 -0.03906250000000000000 -0.74218750000000000000 0 0 1 0 8 133 499 137 32 466 38 467 39 
34 13478 -0.27343750000000000000 -0.82031250000000000000 0 0 1 0 8 35 31 37 27 21 29 30 36 
35 13479 -0.19531250000000000000 -0.82031250000000000000 0 0 1 0 8 38 32 40 34 30 36 31 37 
36 13480 -0.27343750000000000000 -0.89843750000000000000 0 0 1 0 8 37 35 59 29 27 47 34 58 
37 13481 -0.19531250000000000000 -0.89843750000000000000 0 0 1 0 8 40 38 62 36 34 58 35 59 
38 13482 -0.11718750000000000000 -0.82031250000000000000 0 0 1 0 8 39 33 41 35 31 37 32 40 
39 13483 -0.03906250000000000000 -0.82031250000000000000 0 0 1 0 8 137 133 139 38 32 40 33 41 
40 13484 -0.11718750000000000000 -0.89843750000000000000 0 0 1 0 8 41 39 63 37 35 59 38 62 
41 13485 -0.03906250000000000000 -0.89843750000000000000 0 0 1 0 8 139 137 157 40 38 62 39 63 
42 13486 -0.58593750000000000000 -0.97656250000000000000 0 0 1 0 8 43 25 45 12 11 13 24 44 
43 13487 -0.50781250000000000000 -0.97656250000000000000 0 0 1 0 8 46 28 48 42 24 44 25 45 
44 13488 -0.58593750000000000000 -1.05468750000000000000 0 0 1 0 8 45 43 51 12 11 13 42 50 
45 13489 -0.50781250000000000000 -1.05468750000000000000 0 0 1 0 8 48 46 54 44 42 50 43 51 
46 13490 -0.42968750000000000000 -0.97656250000000000000 0 0 1 0 8 47 29 49 43 25 45 28 48 
47 13491 -0.35156250000000000000 -0.97656250000000000000 0 0 1 0 8 58 36 60 46 28 48 29 49 
48 13492 -0.42968750000000000000 -1.05468750000000000000 0 0 1 0 8 49 47 55 45 43 51 46 54 
49 13493 -0.35156250000000000000 -1.05468750000000000000 0 0 1 0 8 60 58 66 48 46 54 47 55 
50 13494 -0.58593750000000000000 -1.13281250000000000000 0 0 1 0 8 51 45 53 13 12 469 44 52 
51 13495 -0.50781250000000000000 -1.13281250000000000000 0 0 1 0 8 54 48 56 50 44 52 45 53 
52 13496 -0.58593750000000000000 -1.21093750000000000000 0 0 1 0 8 53 51 74 13 12 469 50 75 
53 13497 -0.50781250000000000000 -1.21093750000000000000 0 0 1 0 8 56 54 75 52 50 74 51 469 
54 13498 -0.42968750000000000000 -1.13281250000000000000 0 0 1 0 8 55 49 57 51 45 53 48 56 
55 13499 -0.35156250000000000000 -1.13281250000000000000 0 0 1 0 8 66 60 68 54 48 56 49 57 
56 13500 -0.42968750000000000000 -1.21093750000000000000 0 0 1 0 8 57 55 75 53 51 74 54 77 
57 13501 -0.35156250000000000000 -1.21093750000000000000 0 0 1 0 8 68 66 77 56 54 75 55 74 
58 13502 -0.27343750000000000000 -0.97656250000000000000 0 0 1 0 8 59 37 61 47 29 49 36 60 
59 13503 -0.19531250000000000000 -0.97656250000000000000 0 0 1 0 8 62 40 64 58 36 60 37 61 
60 13504 -0.27343750000000000000 -1.05468750000000000000 0 0 1 0 8 61 59 67 49 47 55 58 66 
61 13505 -0.19531250000000000000 -1.05468750000000000000 0 0 1 0 8 64 62 70 60 58 66 59 67 
62 13506 -0.11718750000000000000 -0.97656250000000000000 0 0 1 0 8 63 41 65 59 37 61 40 64 
63 13507 -0.03906250000000000000 -0.97656250000000000000 0 0 1 0 8 157 139 159 62 40 64 41 65 
64 13508 -0.11718750000000000000 -1.05468750000000000000 0 0 1 0 8 65 63 71 61 59 67 62 70 
65 13509 -0.03906250000000000000 -1.05468750000000000000 0 0 1 0 8 159 157 165 64 62 70 63 71 
66 13510 -0.27343750000000000000 -1.13281250000000000000 0 0 1 0 8 67 61 69 55 49 57 60 68 
67 13511 -0.19531250000000000000 -1.13281250000000000000 0 0 1 0 8 70 64 72 66 60 68 61 69 
68 13512 -0.27343750000000000000 -1.21093750000000000000 0 0 1 0 8 69 67 77 57 55 75 66 78 
69 13513 -0.19531250000000000000 -1.21093750000000000000 0 0 1 0 8 72 70 78 68 66 77 67 75 
70 13514 -0.11718750000000000000 -1.13281250000000000000 0 0 1 0 8 71 65 73 67 61 69 64 72 
71 13515 -0.03906250000000000000 -1.13281250000000000000 0 0 1 0 8 165 159 167 70 64 72 65 73 
72 13516 -0.11718750000000000000 -1.21093750000000000000 0 0 1 0 8 73 71 78 69 67 77 70 416 
73 13517 -0.03906250000000000000 -1.21093750000000000000 0 0 1 0 8 167 165 416 72 70 78 71 77 
74 13518 -0.54687500000000000000 -1.32812500000000000000 0 0 1 0 9 75 56 76 469 13 470 53 52 471 
75 13519 -0.39062500000000000000 -1.32812500000000000000 0 0 1 0 9 77 68 79 74 53 471 57 56 76 
76 13520 -0.39062500000000000000 -1.48437500000000000000 0 0 1 0 8 79 77 474 471 74 472 75 473 
77 13521 -0.23437500000000000000 -1.32812500000000000000 0 0 1 0 9 78 72 80 75 57 76 69 68 79 
78 13522 -0.07812500000000000000 -1.32812500000000000000 0 0 1 0 9 416 167 418 77 69 79 73 72 80 
79 13523 -0.23437500000000000000 -1.48437500000000000000 0 0 1 0 8 80 78 475 76 75 473 77 474 
80 13524 -0.07812500000000000000 -1.48437500000000000000 0 0 1 0 8 418 416 533 79 77 474 78 475 
81 13525 1.15234375000000000000 -0.21484375000000000000 0 0 1 0 8 82 480 86 479 477 482 478 84 
82 13526 1.19140625000000000000 -0.21484375000000000000 0 0 1 0 8 83 481 87 81 478 84 480 86 
83 13527 1.23046875000000000000 -0.21484375000000000000 0 0 1 0 8 277 275 283 82 480 86 481 87 
84 13528 1.15234375000000000000 -0.25390625000000000000 0 0 1 0 8 86 82 88 482 479 483 81 85 
85 13529 1.15234375000000000000 -0.29296875000000000000 0 0 1 0 8 88 86 94 483 482 494 84 91 
86 13530 1.19140625000000000000 -0.25390625000000000000 0 0 1 0 8 87 83 89 84 81 85 82 88 
87 13531 1.23046875000000000000 -0.25390625000000000000 0 0 1 0 8 283 277 285 86 82 88 83 89 
88 13532 1.19140625000000000000 -0.29296875000000000000 0 0 1 0 8 89 87 95 85 84 91 86 94 
89 13533 1.23046875000000000000 -0.29296875000000000000 0 0 1 0 8 285 283 323 88 86 94 87 95 
90 13534 1.07421875000000000000 -0.44921875000000000000 0 0 1 0 8 100 98 117 493 491 106 492 107 
91 13535 1.15234375000000000000 -0.33203125000000000000 0 0 1 0 8 94 88 96 494 483 92 85 93 
92 13536 1.11328125000000000000 -0.37109375000000000000 0 0 1 0 8 93 91 99 489 488 492 494 98 
93 13537 1.15234375000000000000 -0.37109375000000000000 0 0 1 0 8 96 94 102 92 494 98 91 99 
94 13538 1.19140625000000000000 -0.33203125000000000000 0 0 1 0 8 95 89 97 91 85 93 88 96 
95 13539 1.23046875000000000000 -0.33203125000000000000 0 0 1 0 8 323 325 94 88 96 89 285 97 
96 13540 1.19140625000000000000 -0.37109375000000000000 0 0 1 0 8 97 95 103 93 91 99 94 102 
97 13541 1.23046875000000000000 -0.37109375000000000000 0 0 1 0 7 323 325 96 94 102 95 103 
98 13542 1.11328125000000000000 -0.41015625000000000000 0 0 1 0 8 99 93 101 492 489 90 92 100 
99 13543 1.15234375000000000000 -0.41015625000000000000 0 0 1 0 8 102 96 104 98 92 100 93 101 
100 13544 1.11328125000000000000 -0.44921875000000000000 0 0 1 0 8 101 99 118 90 492 107 98 117 
101 13545 1.15234375000000000000 -0.44921875000000000000 0 0 1 0 8 104 102 121 100 98 117 99 118 
102 13546 1.19140625000000000000 -0.41015625000000000000 0 0 1 0 8 103 97 105 99 93 101 96 104 
103 13547 1.23046875000000000000 -0.41015625000000000000 0 0 1 0 8 325 323 331 102 96 104 97 105 
104 13548 1.19140625000000000000 -0.44921875000000000000 0 0 1 0 8 105 103 122 101 99 118 102 121 
105 13549 1.23046875000000000000 -0.44921875000000000000 0 0 1 0 8 325 323 331 104 102 121 103 122 
106 13550 1.03515625000000000000 -0.48828125000000000000 0 0 1 0 8 107 90 109 495 490 497 493 108 
107 13551 1.07421875000000000000 -0.48828125000000000000 0 0 1 0 8 117 100 119 106 493 108 90 109 
108 13552 1.03515625000000000000 -0.52734375000000000000 0 0 1 0 8 109 107 114 497 495 110 106 113 
109 13553 1.07421875000000000000 -0.52734375000000000000 0 0 1 0 8 119 117 125 108 106 113 107 114 
110 13554 0.99609375000000000000 -0.56640625000000000000 0 0 1 0 8 113 108 115 498 496 111 497 112 
111 13555 0.95703125000000000000 -0.60546875000000000000 0 0 1 0 8 112 110 202 487 485 191 498 203 
112 13556 0.99609375000000000000 -0.60546875000000000000 0 0 1 0 8 115 113 203 111 498 202 110 191 
113 13557 1.03515625000000000000 -0.56640625000000000000 0 0 1 0 8 114 109 116 110 497 112 108 115 
114 13558 1.07421875000000000000 -0.56640625000000000000 0 0 1 0 8 125 119 127 113 108 115 109 116 
115 13559 1.03515625000000000000 -0.60546875000000000000 0 0 1 0 8 116 114 203 112 110 202 113 206 
116 13560 1.07421875000000000000 -0.60546875000000000000 0 0 1 0 8 127 125 206 115 113 203 114 202 
117 13561 1.11328125000000000000 -0.48828125000000000000 0 0 1 0 8 118 101 120 107 90 109 100 119 
118 13562 1.15234375000000000000 -0.48828125000000000000 0 0 1 0 8 121 104 123 117 100 119 101 120 
119 13563 1.11328125000000000000 -0.52734375000000000000 0 0 1 0 8 120 118 126 109 107 114 117 125 
120 13564 1.15234375000000000000 -0.52734375000000000000 0 0 1 0 8 123 121 129 119 117 125 118 126 
121 13565 1.19140625000000000000 -0.48828125000000000000 0 0 1 0 8 122 105 124 118 101 120 104 123 
122 13566 1.23046875000000000000 -0.48828125000000000000 0 0 1 0 8 331 325 333 121 104 123 105 124 
123 13567 1.19140625000000000000 -0.52734375000000000000 0 0 1 0 8 124 122 130 120 118 126 121 129 
124 13568 1.23046875000000000000 -0.52734375000000000000 0 0 1 0 8 331 325 333 123 121 129 122 130 
125 13569 1.11328125000000000000 -0.56640625000000000000 0 0 1 0 8 126 120 128 114 109 116 119 127 
126 13570 1.15234375000000000000 -0.56640625000000000000 0 0 1 0 8 129 123 131 125 119 127 120 128 
127 13571 1.11328125000000000000 -0.60546875000000000000 0 0 1 0 8 128 126 206 116 114 203 125 207 
128 13572 1.15234375000000000000 -0.60546875000000000000 0 0 1 0 8 131 129 207 127 125 206 126 203 
129 13573 1.19140625000000000000 -0.56640625000000000000 0 0 1 0 8 130 124 132 126 120 128 123 131 
130 13574 1.23046875000000000000 -0.56640625000000000000 0 0 1 0 8 333 331 361 129 123 131 124 132 
131 13575 1.19140625000000000000 -0.60546875000000000000 0 0 1 0 8 132 130 207 128 126 206 129 361 
132 13576 1.23046875000000000000 -0.60546875000000000000 0 0 1 0 8 333 331 361 131 129 207 130 206 
133 13577 0.03906250000000000000 -0.74218750000000000000 0 0 1 0 8 134 500 138 33 467 39 499 137 
134 13578 0.11718750000000000000 -0.74218750000000000000 0 0 1 0 8 135 501 141 133 499 137 500 138 
135 13579 0.19531250000000000000 -0.74218750000000000000 0 0 1 0 8 136 502 142 134 500 138 501 141 
136 13580 0.27343750000000000000 -0.74218750000000000000 0 0 1 0 8 145 503 149 135 501 141 502 142 
137 13581 0.03906250000000000000 -0.82031250000000000000 0 0 1 0 8 138 134 140 39 33 41 133 139 
138 13582 0.11718750000000000000 -0.82031250000000000000 0 0 1 0 8 141 135 143 137 133 139 134 140 
139 13583 0.03906250000000000000 -0.89843750000000000000 0 0 1 0 8 140 138 158 41 39 63 137 157 
140 13584 0.11718750000000000000 -0.89843750000000000000 0 0 1 0 8 143 141 161 139 137 157 138 158 
141 13585 0.19531250000000000000 -0.82031250000000000000 0 0 1 0 8 142 136 144 138 134 140 135 143 
142 13586 0.27343750000000000000 -0.82031250000000000000 0 0 1 0 8 149 145 151 141 135 143 136 144 
143 13587 0.19531250000000000000 -0.89843750000000000000 0 0 1 0 8 144 142 162 140 138 158 141 161 
144 13588 0.27343750000000000000 -0.89843750000000000000 0 0 1 0 8 151 149 173 143 141 161 142 162 
145 13589 0.35156250000000000000 -0.74218750000000000000 0 0 1 0 8 146 504 150 136 502 142 503 149 
146 13590 0.42968750000000000000 -0.74218750000000000000 0 0 1 0 8 147 505 153 145 503 149 504 150 
147 13591 0.50781250000000000000 -0.74218750000000000000 0 0 1 0 8 148 506 154 146 504 150 505 153 
148 13592 0.58593750000000000000 -0.74218750000000000000 0 0 1 0 8 189 507 194 147 505 153 506 154 
149 13593 0.35156250000000000000 -0.82031250000000000000 0 0 1 0 8 150 146 152 142 136 144 145 151 
150 13594 0.42968750000000000000 -0.82031250000000000000 0 0 1 0 8 153 147 155 149 145 151 146 152 
151 13595 0.35156250000000000000 -0.89843750000000000000 0 0 1 0 8 152 150 174 144 142 162 149 173 
152 13596 0.42968750000000000000 -0.89843750000000000000 0 0 1 0 8 155 153 177 151 149 173 150 174 
153 13597 0.50781250000000000000 -0.82031250000000000000 0 0 1 0 8 154 148 156 150 146 152 147 155 
154 13598 0.58593750000000000000 -0.82031250000000000000 0 0 1 0 8 194 189 196 153 147 155 148 156 
155 13599 0.50781250000000000000 -0.89843750000000000000 0 0 1 0 8 156 154 178 152 150 174 153 177 
156 13600 0.58593750000000000000 -0.89843750000000000000 0 0 1 0 8 196 194 218 155 153 177 154 178 
157 13601 0.03906250000000000000 -0.97656250000000000000 0 0 1 0 8 158 140 160 63 41 65 139 159 
158 13602 0.11718750000000000000 -0.97656250000000000000 0 0 1 0 8 161 143 163 157 139 159 140 160 
159 13603 0.03906250000000000000 -1.05468750000000000000 0 0 1 0 8 160 158 166 65 63 71 157 165 
160 13604 0.11718750000000000000 -1.05468750000000000000 0 0 1 0 8 163 161 169 159 157 165 158 166 
161 13605 0.19531250000000000000 -0.97656250000000000000 0 0 1 0 8 162 144 164 158 140 160 143 163 
162 13606 0.27343750000000000000 -0.97656250000000000000 0 0 1 0 8 173 151 175 161 143 163 144 164 
163 13607 0.19531250000000000000 -1.05468750000000000000 0 0 1 0 8 164 162 170 160 158 166 161 169 
164 13608 0.27343750000000000000 -1.05468750000000000000 0 0 1 0 8 175 173 181 163 161 169 162 170 
165 13609 0.03906250000000000000 -1.13281250000000000000 0 0 1 0 8 166 160 168 71 65 73 159 167 
166 13610 0.11718750000000000000 -1.13281250000000000000 0 0 1 0 8 169 163 171 165 159 167 160 168 
167 13611 0.03906250000000000000 -1.21093750000000000000 0 0 1 0 8 168 166 416 73 71 78 165 417 
168 13612 0.11718750000000000000 -1.21093750000000000000 0 0 1 0 8 171 169 417 167 165 416 166 78 
169 13613 0.19531250000000000000 -1.13281250000000000000 0 0 1 0 8 170 164 172 166 160 168 163 171 
170 13614 0.27343750000000000000 -1.13281250000000000000 0 0 1 0 8 181 175 183 169 163 171 164 172 
171 13615 0.19531250000000000000 -1.21093750000000000000 0 0 1 0 8 172 170 417 168 166 416 169 420 
172 13616 0.27343750000000000000 -1.21093750000000000000 0 0 1 0 8 183 181 420 171 169 417 170 416 
173 13617 0.35156250000000000000 -0.97656250000000000000 0 0 1 0 8 174 152 176 162 144 164 151 175 
174 13618 0.42968750000000000000 -0.97656250000000000000 0 0 1 0 8 177 155 179 173 151 175 152 176 
175 13619 0.35156250000000000000 -1.05468750000000000000 0 0 1 0 8 176 174 182 164 162 170 173 181 
176 13620 0.42968750000000000000 -1.05468750000000000000 0 0 1 0 8 179 177 185 175 173 181 174 182 
177 13621 0.50781250000000000000 -0.97656250000000000000 0 0 1 0 8 178 156 180 174 152 176 155 179 
178 13622 0.58593750000000000000 -0.97656250000000000000 0 0 1 0 8 218 196 220 177 155 179 156 180 
179 13623 0.50781250000000000000 -1.05468750000000000000 0 0 1 0 8 180 178 186 176 174 182 177 185 
180 13624 0.58593750000000000000 -1.05468750000000000000 0 0 1 0 8 220 218 226 179 177 185 178 186 
181 13625 0.35156250000000000000 -1.13281250000000000000 0 0 1 0 8 182 176 184 170 164 172 175 183 
182 13626 0.42968750000000000000 -1.13281250000000000000 0 0 1 0 8 185 179 187 181 175 183 176 184 
183 13627 0.35156250000000000000 -1.21093750000000000000 0 0 1 0 8 184 182 420 172 170 417 181 421 
184 13628 0.42968750000000000000 -1.21093750000000000000 0 0 1 0 8 187 185 421 183 181 420 182 417 
185 13629 0.50781250000000000000 -1.13281250000000000000 0 0 1 0 8 186 180 188 182 176 184 179 187 
186 13630 0.58593750000000000000 -1.13281250000000000000 0 0 1 0 8 226 220 228 185 179 187 180 188 
187 13631 0.50781250000000000000 -1.21093750000000000000 0 0 1 0 8 188 186 421 184 182 420 185 424 
188 13632 0.58593750000000000000 -1.21093750000000000000 0 0 1 0 8 228 226 424 187 185 421 186 420 
189 13633 0.66406250000000000000 -0.74218750000000000000 0 0 1 0 8 190 508 195 148 506 154 507 194 
190 13634 0.74218750000000000000 -0.74218750000000000000 0 0 1 0 8 192 509 198 189 507 194 508 195 
191 13635 0.89843750000000000000 -0.66406250000000000000 0 0 1 0 9 202 111 204 509 484 192 487 486 193 
192 13636 0.82031250000000000000 -0.74218750000000000000 0 0 1 0 8 193 191 199 190 508 195 509 198 
193 13637 0.89843750000000000000 -0.74218750000000000000 0 0 1 0 8 204 202 210 192 509 198 191 199 
194 13638 0.66406250000000000000 -0.82031250000000000000 0 0 1 0 8 195 190 197 154 148 156 189 196 
195 13639 0.74218750000000000000 -0.82031250000000000000 0 0 1 0 8 198 192 200 194 189 196 190 197 
196 13640 0.66406250000000000000 -0.89843750000000000000 0 0 1 0 8 197 195 219 156 154 178 194 218 
197 13641 0.74218750000000000000 -0.89843750000000000000 0 0 1 0 8 200 198 222 196 194 218 195 219 
198 13642 0.82031250000000000000 -0.82031250000000000000 0 0 1 0 8 199 193 201 195 190 197 192 200 
199 13643 0.89843750000000000000 -0.82031250000000000000 0 0 1 0 8 210 204 212 198 192 200 193 201 
200 13644 0.82031250000000000000 -0.89843750000000000000 0 0 1 0 8 201 199 223 197 195 219 198 222 
201 13645 0.89843750000000000000 -0.89843750000000000000 0 0 1 0 8 212 210 234 200 198 222 199 223 
202 13646 0.97656250000000000000 -0.66406250000000000000 0 0 1 0 9 203 115 205 191 487 193 112 111 204 
203 13647 1.05468750000000000000 -0.66406250000000000000 0 0 1 0 9 206 127 208 202 112 204 116 115 205 
204 13648 0.97656250000000000000 -0.74218750000000000000 0 0 1 0 8 205 203 211 193 191 199 202 210 
205 13649 1.05468750000000000000 -0.74218750000000000000 0 0 1 0 8 208 206 214 204 202 210 203 211 
206 13650 1.13281250000000000000 -0.66406250000000000000 0 0 1 0 9 207 131 209 203 116 205 128 127 208 
207 13651 1.21093750000000000000 -0.66406250000000000000 0 0 1 0 9 361 333 363 206 128 208 132 131 209 
208 13652 1.13281250000000000000 -0.74218750000000000000 0 0 1 0 8 209 207 215 205 203 211 206 214 
209 13653 1.21093750000000000000 -0.74218750000000000000 0 0 1 0 8 363 361 369 208 206 214 207 215 
210 13654 0.97656250000000000000 -0.82031250000000000000 0 0 1 0 8 211 205 213 199 193 201 204 212 
211 13655 1.05468750000000000000 -0.82031250000000000000 0 0 1 0 8 214 208 216 210 204 212 205 213 
212 13656 0.97656250000000000000 -0.89843750000000000000 0 0 1 0 8 213 211 235 201 199 223 210 234 
213 13657 1.05468750000000000000 -0.89843750000000000000 0 0 1 0 8 216 214 238 212 210 234 211 235 
214 13658 1.13281250000000000000 -0.82031250000000000000 0 0 1 0 8 215 209 217 211 205 213 208 216 
215 13659 1.21093750000000000000 -0.82031250000000000000 0 0 1 0 8 369 363 371 214 208 216 209 217 
216 13660 1.13281250000000000000 -0.89843750000000000000 0 0 1 0 8 217 215 239 213 211 235 214 238 
217 13661 1.21093750000000000000 -0.89843750000000000000 0 0 1 0 8 371 369 393 216 214 238 215 239 
218 13662 0.66406250000000000000 -0.97656250000000000000 0 0 1 0 8 219 197 221 178 156 180 196 220 
219 13663 0.74218750000000000000 -0.97656250000000000000 0 0 1 0 8 222 200 224 218 196 220 197 221 
220 13664 0.66406250000000000000 -1.05468750000000000000 0 0 1 0 8 221 219 227 180 178 186 218 226 
221 13665 0.74218750000000000000 -1.05468750000000000000 0 0 1 0 8 224 222 230 220 218 226 219 227 
222 13666 0.82031250000000000000 -0.97656250000000000000 0 0 1 0 8 223 201 225 219 197 221 200 224 
223 13667 0.89843750000000000000 -0.97656250000000000000 0 0 1 0 8 234 212 236 222 200 224 201 225 
224 13668 0.82031250000000000000 -1.05468750000000000000 0 0 1 0 8 225 223 231 221 219 227 222 230 
225 13669 0.89843750000000000000 -1.05468750000000000000 0 0 1 0 8 236 234 242 224 222 230 223 231 
226 13670 0.66406250000000000000 -1.13281250000000000000 0 0 1 0 8 227 221 229 186 180 188 220 228 
227 13671 0.74218750000000000000 -1.13281250000000000000 0 0 1 0 8 230 224 232 226 220 228 221 229 
228 13672 0.66406250000000000000 -1.21093750000000000000 0 0 1 0 8 229 227 424 188 186 421 226 425 
229 13673 0.74218750000000000000 -1.21093750000000000000 0 0 1 0 8 232 230 425 228 226 424 227 421 
230 13674 0.82031250000000000000 -1.13281250000000000000 0 0 1 0 8 231 225 233 227 221 229 224 232 
231 13675 0.89843750000000000000 -1.13281250000000000000 0 0 1 0 8 242 236 244 230 224 232 225 233 
232 13676 0.82031250000000000000 -1.21093750000000000000 0 0 1 0 8 233 231 425 229 227 424 230 428 
233 13677 0.89843750000000000000 -1.21093750000000000000 0 0 1 0 8 244 242 428 232 230 425 231 424 
234 13678 0.97656250000000000000 -0.97656250000000000000 0 0 1 0 8 235 213 237 223 201 225 212 236 
235 13679 1.05468750000000000000 -0.97656250000000000000 0 0 1 0 8 238 216 240 234 212 236 213 237 
236 13680 0.97656250000000000000 -1.05468750000000000000 0 0 1 0 8 237 235 243 225 223 231 234 242 
237 13681 1.05468750000000000000 -1.05468750000000000000 0 0 1 0 8 240 238 246 236 234 242 235 243 
238 13682 1.13281250000000000000 -0.97656250000000000000 0 0 1 0 8 239 217 241 235 213 237 216 240 
239 13683 1.21093750000000000000 -0.97656250000000000000 0 0 1 0 8 393 371 395 238 216 240 217 241 
240 13684 1.13281250000000000000 -1.05468750000000000000 0 0 1 0 8 241 239 247 237 235 243 238 246 
241 13685 1.21093750000000000000 -1.05468750000000000000 0 0 1 0 8 395 393 401 240 238 246 239 247 
242 13686 0.97656250000000000000 -1.13281250000000000000 0 0 1 0 8 243 237 245 231 225 233 236 244 
243 13687 1.05468750000000000000 -1.13281250000000000000 0 0 1 0 8 246 240 248 242 236 244 237 245 
244 13688 0.97656250000000000000 -1.21093750000000000000 0 0 1 0 8 245 243 428 233 231 425 242 429 
245 13689 1.05468750000000000000 -1.21093750000000000000 0 0 1 0 8 248 246 429 244 242 428 243 425 
246 13690 1.13281250000000000000 -1.13281250000000000000 0 0 1 0 8 247 241 249 243 237 245 240 248 
247 13691 1.21093750000000000000 -1.13281250000000000000 0 0 1 0 8 401 395 403 246 240 248 241 249 
248 13692 1.13281250000000000000 -1.21093750000000000000 0 0 1 0 8 249 247 429 245 243 428 246 432 
249 13693 1.21093750000000000000 -1.21093750000000000000 0 0 1 0 8 403 401 432 248 246 429 247 428 
250 13694 1.38671875000000000000 -0.01953125000000000000 0 0 1 0 8 259 1 261 513 434 251 435 252 
251 13695 1.34765625000000000000 -0.05859375000000000000 0 0 1 0 8 252 250 256 512 510 253 513 255 
252 13696 1.38671875000000000000 -0.05859375000000000000 0 0 1 0 8 261 259 267 251 513 255 250 256 
253 13697 1.30859375000000000000 -0.09765625000000000000 0 0 1 0 8 255 251 257 514 511 515 512 254 
254 13698 1.30859375000000000000 -0.13671875000000000000 0 0 1 0 8 257 255 279 515 514 275 253 276 
255 13699 1.34765625000000000000 -0.09765625000000000000 0 0 1 0 8 256 252 258 253 512 254 251 257 
256 13700 1.38671875000000000000 -0.09765625000000000000 0 0 1 0 8 267 261 269 255 251 257 252 258 
257 13701 1.34765625000000000000 -0.13671875000000000000 0 0 1 0 8 258 256 280 254 253 276 255 279 
258 13702 1.38671875000000000000 -0.13671875000000000000 0 0 1 0 8 269 267 291 257 255 279 256 280 
259 13703 1.42578125000000000000 -0.01953125000000000000 0 0 1 0 8 260 438 262 250 435 252 1 261 
260 13704 1.46484375000000000000 -0.01953125000000000000 0 0 1 0 8 263 439 265 259 1 261 438 262 
261 13705 1.42578125000000000000 -0.05859375000000000000 0 0 1 0 8 262 260 268 252 250 256 259 267 
262 13706 1.46484375000000000000 -0.05859375000000000000 0 0 1 0 8 265 263 271 261 259 267 260 268 
263 13707 1.50390625000000000000 -0.01953125000000000000 0 0 1 0 8 264 440 266 260 438 262 439 265 
264 13708 1.54296875000000000000 -0.01953125000000000000 0 0 1 0 8 307 441 309 263 439 265 440 266 
265 13709 1.50390625000000000000 -0.05859375000000000000 0 0 1 0 8 266 264 272 262 260 268 263 271 
266 13710 1.54296875000000000000 -0.05859375000000000000 0 0 1 0 8 307 441 309 265 263 271 264 272 
267 13711 1.42578125000000000000 -0.09765625000000000000 0 0 1 0 8 268 262 270 256 252 258 261 269 
268 13712 1.46484375000000000000 -0.09765625000000000000 0 0 1 0 8 271 265 273 267 261 269 262 270 
269 13713 1.42578125000000000000 -0.13671875000000000000 0 0 1 0 8 270 268 292 258 256 280 267 291 
270 13714 1.46484375000000000000 -0.13671875000000000000 0 0 1 0 8 273 271 295 269 267 291 268 292 
271 13715 1.50390625000000000000 -0.09765625000000000000 0 0 1 0 8 272 266 274 268 262 270 265 273 
272 13716 1.54296875000000000000 -0.09765625000000000000 0 0 1 0 8 309 307 315 271 265 273 266 274 
273 13717 1.50390625000000000000 -0.13671875000000000000 0 0 1 0 8 274 272 296 270 268 292 271 295 
274 13718 1.54296875000000000000 -0.13671875000000000000 0 0 1 0 8 309 307 315 273 271 295 272 296 
275 13719 1.26953125000000000000 -0.17578125000000000000 0 0 1 0 8 276 254 278 481 476 83 515 277 
276 13720 1.30859375000000000000 -0.17578125000000000000 0 0 1 0 8 279 257 281 275 515 277 254 278 
277 13721 1.26953125000000000000 -0.21484375000000000000 0 0 1 0 8 278 276 284 83 481 87 275 283 
278 13722 1.30859375000000000000 -0.21484375000000000000 0 0 1 0 8 281 279 287 277 275 283 276 284 
279 13723 1.34765625000000000000 -0.17578125000000000000 0 0 1 0 8 280 258 282 276 254 278 257 281 
280 13724 1.38671875000000000000 -0.17578125000000000000 0 0 1 0 8 291 269 293 279 257 281 258 282 
281 13725 1.34765625000000000000 -0.21484375000000000000 0 0 1 0 8 282 280 288 278 276 284 279 287 
282 13726 1.38671875000000000000 -0.21484375000000000000 0 0 1 0 8 293 291 299 281 279 287 280 288 
283 13727 1.26953125000000000000 -0.25390625000000000000 0 0 1 0 8 284 278 286 87 83 89 277 285 
284 13728 1.30859375000000000000 -0.25390625000000000000 0 0 1 0 8 287 281 289 283 277 285 278 286 
285 13729 1.26953125000000000000 -0.29296875000000000000 0 0 1 0 8 286 284 323 89 87 95 283 324 
286 13730 1.30859375000000000000 -0.29296875000000000000 0 0 1 0 7 289 287 324 285 283 323 284 
287 13731 1.34765625000000000000 -0.25390625000000000000 0 0 1 0 8 288 282 290 284 278 286 281 289 
288 13732 1.38671875000000000000 -0.25390625000000000000 0 0 1 0 8 299 293 301 287 281 289 282 290 
289 13733 1.34765625000000000000 -0.29296875000000000000 0 0 1 0 8 290 288 324 286 284 323 287 327 
290 13734 1.38671875000000000000 -0.29296875000000000000 0 0 1 0 8 301 299 327 289 287 324 288 323 
291 13735 1.42578125000000000000 -0.17578125000000000000 0 0 1 0 8 292 270 294 280 258 282 269 293 
292 13736 1.46484375000000000000 -0.17578125000000000000 0 0 1 0 8 295 273 297 291 269 293 270 294 
293 13737 1.42578125000000000000 -0.21484375000000000000 0 0 1 0 8 294 292 300 282 280 288 291 299 
294 13738 1.46484375000000000000 -0.21484375000000000000 0 0 1 0 8 297 295 303 293 291 299 292 300 
295 13739 1.50390625000000000000 -0.17578125000000000000 0 0 1 0 8 296 274 298 292 270 294 273 297 
296 13740 1.54296875000000000000 -0.17578125000000000000 0 0 1 0 8 315 309 317 295 273 297 274 298 
297 13741 1.50390625000000000000 -0.21484375000000000000 0 0 1 0 8 298 296 304 294 292 300 295 303 
298 13742 1.54296875000000000000 -0.21484375000000000000 0 0 1 0 8 315 309 317 297 295 303 296 304 
299 13743 1.42578125000000000000 -0.25390625000000000000 0 0 1 0 8 300 294 302 288 282 290 293 301 
300 13744 1.46484375000000000000 -0.25390625000000000000 0 0 1 0 8 303 297 305 299 293 301 294 302 
301 13745 1.42578125000000000000 -0.29296875000000000000 0 0 1 0 8 302 300 327 290 288 324 299 328 
302 13746 1.46484375000000000000 -0.29296875000000000000 0 0 1 0 8 305 303 328 301 299 327 300 324 
303 13747 1.50390625000000000000 -0.25390625000000000000 0 0 1 0 8 304 298 306 300 294 302 297 305 
304 13748 1.54296875000000000000 -0.25390625000000000000 0 0 1 0 8 317 315 339 303 297 305 298 306 
305 13749 1.50390625000000000000 -0.29296875000000000000 0 0 1 0 8 306 304 328 302 300 327 303 339 
306 13750 1.54296875000000000000 -0.29296875000000000000 0 0 1 0 8 317 315 339 305 303 328 304 327 
307 13751 1.60156250000000000000 -0.03906250000000000000 0 0 1 0 10 308 442 310 264 440 266 272 441 309 274 
308 13752 1.67968750000000000000 -0.03906250000000000000 0 0 1 0 8 311 443 313 307 441 309 442 310 
309 13753 1.60156250000000000000 -0.11718750000000000000 0 0 1 0 10 310 308 316 272 266 274 296 307 315 298 
310 13754 1.67968750000000000000 -0.11718750000000000000 0 0 1 0 8 313 311 319 309 307 315 308 316 
311 13755 1.75781250000000000000 -0.03906250000000000000 0 0 1 0 8 312 444 314 308 442 310 443 313 
312 13756 1.83593750000000000000 -0.03906250000000000000 0 0 1 0 8 355 445 356 311 443 313 444 314 
313 13757 1.75781250000000000000 -0.11718750000000000000 0 0 1 0 8 314 312 320 310 308 316 311 319 
314 13758 1.83593750000000000000 -0.11718750000000000000 0 0 1 0 8 355 445 356 313 311 319 312 320 
315 13759 1.60156250000000000000 -0.19531250000000000000 0 0 1 0 10 316 310 318 296 274 298 304 309 317 306 
316 13760 1.67968750000000000000 -0.19531250000000000000 0 0 1 0 8 319 313 321 315 309 317 310 318 
317 13761 1.60156250000000000000 -0.27343750000000000000 0 0 1 0 9 318 316 340 304 298 306 328 315 339 
318 13762 1.67968750000000000000 -0.27343750000000000000 0 0 1 0 8 321 319 343 317 315 339 316 340 
319 13763 1.75781250000000000000 -0.19531250000000000000 0 0 1 0 8 320 314 322 316 310 318 313 321 
320 13764 1.83593750000000000000 -0.19531250000000000000 0 0 1 0 8 356 355 358 319 313 321 314 322 
321 13765 1.75781250000000000000 -0.27343750000000000000 0 0 1 0 8 322 320 344 318 316 340 319 343 
322 13766 1.83593750000000000000 -0.27343750000000000000 0 0 1 0 8 356 355 358 321 319 343 320 344 
323 13767 1.28906250000000000000 -0.35156250000000000000 0 0 1 0 11 324 289 326 95 89 97 103 286 285 325 105 
324 13768 1.36718750000000000000 -0.35156250000000000000 0 0 1 0 9 327 301 329 323 286 325 290 289 326 
325 13769 1.28906250000000000000 -0.42968750000000000000 0 0 1 0 10 326 324 332 103 97 105 122 323 331 124 
326 13770 1.36718750000000000000 -0.42968750000000000000 0 0 1 0 8 329 327 335 325 323 331 324 332 
327 13771 1.44531250000000000000 -0.35156250000000000000 0 0 1 0 9 328 305 330 324 290 326 302 301 329 
328 13772 1.52343750000000000000 -0.35156250000000000000 0 0 1 0 9 339 317 341 327 302 329 306 305 330 
329 13773 1.44531250000000000000 -0.42968750000000000000 0 0 1 0 8 330 328 336 326 324 332 327 335 
330 13774 1.52343750000000000000 -0.42968750000000000000 0 0 1 0 8 341 339 347 329 327 335 328 336 
331 13775 1.28906250000000000000 -0.50781250000000000000 0 0 1 0 10 332 326 334 122 105 124 130 325 333 132 
332 13776 1.36718750000000000000 -0.50781250000000000000 0 0 1 0 8 335 329 337 331 325 333 326 334 
333 13777 1.28906250000000000000 -0.58593750000000000000 0 0 1 0 9 334 332 362 130 124 132 207 331 361 
334 13778 1.36718750000000000000 -0.58593750000000000000 0 0 1 0 8 337 335 365 333 331 361 332 362 
335 13779 1.44531250000000000000 -0.50781250000000000000 0 0 1 0 8 336 330 338 332 326 334 329 337 
336 13780 1.52343750000000000000 -0.50781250000000000000 0 0 1 0 8 347 341 349 335 329 337 330 338 
337 13781 1.44531250000000000000 -0.58593750000000000000 0 0 1 0 8 338 336 366 334 332 362 335 365 
338 13782 1.52343750000000000000 -0.58593750000000000000 0 0 1 0 8 349 347 377 337 335 365 336 366 
339 13783 1.60156250000000000000 -0.35156250000000000000 0 0 1 0 8 340 318 342 328 306 330 317 341 
340 13784 1.67968750000000000000 -0.35156250000000000000 0 0 1 0 8 343 321 345 339 317 341 318 342 
341 13785 1.60156250000000000000 -0.42968750000000000000 0 0 1 0 8 342 340 348 330 328 336 339 347 
342 13786 1.67968750000000000000 -0.42968750000000000000 0 0 1 0 8 345 343 351 341 339 347 340 348 
343 13787 1.75781250000000000000 -0.35156250000000000000 0 0 1 0 8 344 322 346 340 318 342 321 345 
344 13788 1.83593750000000000000 -0.35156250000000000000 0 0 1 0 8 358 356 360 343 321 345 322 346 
345 13789 1.75781250000000000000 -0.42968750000000000000 0 0 1 0 8 346 344 352 342 340 348 343 351 
346 13790 1.83593750000000000000 -0.42968750000000000000 0 0 1 0 8 358 356 360 345 343 351 344 352 
347 13791 1.60156250000000000000 -0.50781250000000000000 0 0 1 0 8 348 342 350 336 330 338 341 349 
348 13792 1.67968750000000000000 -0.50781250000000000000 0 0 1 0 8 351 345 353 347 341 349 342 350 
349 13793 1.60156250000000000000 -0.58593750000000000000 0 0 1 0 8 350 348 378 338 336 366 347 377 
350 13794 1.67968750000000000000 -0.58593750000000000000 0 0 1 0 8 353 351 381 349 347 377 348 378 
351 13795 1.75781250000000000000 -0.50781250000000000000 0 0 1 0 8 352 346 354 348 342 350 345 353 
352 13796 1.83593750000000000000 -0.50781250000000000000 0 0 1 0 8 360 358 415 351 345 353 346 354 
353 13797 1.75781250000000000000 -0.58593750000000000000 0 0 1 0 8 354 352 382 350 348 378 351 381 
354 13798 1.83593750000000000000 -0.58593750000000000000 0 0 1 0 8 360 358 415 353 351 381 352 382 
355 13799 1.95312500000000000000 -0.07812500000000000000 0 0 1 0 10 516 446 357 312 444 314 320 445 356 322 
356 13800 1.95312500000000000000 -0.23437500000000000000 0 0 1 0 10 357 516 359 320 314 322 344 355 358 346 
357 13801 2.10937500000000000000 -0.23437500000000000000 0 0 1 0 8 518 517 520 356 355 358 516 359 
358 13802 1.95312500000000000000 -0.39062500000000000000 0 0 1 0 10 359 357 519 344 322 346 352 356 360 354 
359 13803 2.10937500000000000000 -0.39062500000000000000 0 0 1 0 8 520 518 521 358 356 360 357 519 
360 13804 1.95312500000000000000 -0.54687500000000000000 0 0 1 0 10 519 359 529 352 346 354 382 358 415 384 
361 13805 1.28906250000000000000 -0.66406250000000000000 0 0 1 0 8 362 334 364 207 132 209 333 363 
362 13806 1.36718750000000000000 -0.66406250000000000000 0 0 1 0 8 365 337 367 361 333 363 334 364 
363 13807 1.28906250000000000000 -0.74218750000000000000 0 0 1 0 8 364 362 370 209 207 215 361 369 
364 13808 1.36718750000000000000 -0.74218750000000000000 0 0 1 0 8 367 365 373 363 361 369 362 370 
365 13809 1.44531250000000000000 -0.66406250000000000000 0 0 1 0 8 366 338 368 362 334 364 337 367 
366 13810 1.52343750000000000000 -0.66406250000000000000 0 0 1 0 8 377 349 379 365 337 367 338 368 
367 13811 1.44531250000000000000 -0.74218750000000000000 0 0 1 0 8 368 366 374 364 362 370 365 373 
368 13812 1.52343750000000000000 -0.74218750000000000000 0 0 1 0 8 379 377 385 367 365 373 366 374 
369 13813 1.28906250000000000000 -0.82031250000000000000 0 0 1 0 8 370 364 372 215 209 217 363 371 
370 13814 1.36718750000000000000 -0.82031250000000000000 0 0 1 0 8 373 367 375 369 363 371 364 372 
371 13815 1.28906250000000000000 -0.89843750000000000000 0 0 1 0 8 372 370 394 217 215 239 369 393 
372 13816 1.36718750000000000000 -0.89843750000000000000 0 0 1 0 8 375 373 397 371 369 393 370 394 
373 13817 1.44531250000000000000 -0.82031250000000000000 0 0 1 0 8 374 368 376 370 364 372 367 375 
374 13818 1.52343750000000000000 -0.82031250000000000000 0 0 1 0 8 385 379 387 373 367 375 368 376 
375 13819 1.44531250000000000000 -0.89843750000000000000 0 0 1 0 8 376 374 398 372 370 394 373 397 
376 13820 1.52343750000000000000 -0.89843750000000000000 0 0 1 0 8 387 385 409 375 373 397 374 398 
377 13821 1.60156250000000000000 -0.66406250000000000000 0 0 1 0 8 378 350 380 366 338 368 349 379 
378 13822 1.67968750000000000000 -0.66406250000000000000 0 0 1 0 8 381 353 383 377 349 379 350 380 
379 13823 1.60156250000000000000 -0.74218750000000000000 0 0 1 0 8 380 378 386 368 366 374 377 385 
380 13824 1.67968750000000000000 -0.74218750000000000000 0 0 1 0 8 383 381 389 379 377 385 378 386 
381 13825 1.75781250000000000000 -0.66406250000000000000 0 0 1 0 8 382 354 384 378 350 380 353 383 
382 13826 1.83593750000000000000 -0.66406250000000000000 0 0 1 0 8 415 360 530 381 353 383 354 384 
383 13827 1.75781250000000000000 -0.74218750000000000000 0 0 1 0 8 384 382 390 380 378 386 381 389 
384 13828 1.83593750000000000000 -0.74218750000000000000 0 0 1 0 8 415 360 530 383 381 389 382 390 
385 13829 1.60156250000000000000 -0.82031250000000000000 0 0 1 0 8 386 380 388 374 368 376 379 387 
386 13830 1.67968750000000000000 -0.82031250000000000000 0 0 1 0 8 389 383 391 385 379 387 380 388 
387 13831 1.60156250000000000000 -0.89843750000000000000 0 0 1 0 8 388 386 410 376 374 398 385 409 
388 13832 1.67968750000000000000 -0.89843750000000000000 0 0 1 0 8 391 389 413 387 385 409 386 410 
389 13833 1.75781250000000000000 -0.82031250000000000000 0 0 1 0 8 390 384 392 386 380 388 383 391 
390 13834 1.83593750000000000000 -0.82031250000000000000 0 0 1 0 8 530 415 532 389 383 391 384 392 
391 13835 1.75781250000000000000 -0.89843750000000000000 0 0 1 0 8 392 390 522 388 386 410 389 413 
392 13836 1.83593750000000000000 -0.89843750000000000000 0 0 1 0 8 530 415 532 391 389 413 390 522 
393 13837 1.28906250000000000000 -0.97656250000000000000 0 0 1 0 8 394 372 396 239 217 241 371 395 
394 13838 1.36718750000000000000 -0.97656250000000000000 0 0 1 0 8 397 375 399 393 371 395 372 396 
395 13839 1.28906250000000000000 -1.05468750000000000000 0 0 1 0 8 396 394 402 241 239 247 393 401 
396 13840 1.36718750000000000000 -1.05468750000000000000 0 0 1 0 8 399 397 405 395 393 401 394 402 
397 13841 1.44531250000000000000 -0.97656250000000000000 0 0 1 0 8 398 376 400 394 372 396 375 399 
398 13842 1.52343750000000000000 -0.97656250000000000000 0 0 1 0 8 409 387 411 397 375 399 376 400 
399 13843 1.44531250000000000000 -1.05468750000000000000 0 0 1 0 8 400 398 406 396 394 402 397 405 
400 13844 1.52343750000000000000 -1.05468750000000000000 0 0 1 0 8 411 409 414 399 397 405 398 406 
401 13845 1.28906250000000000000 -1.13281250000000000000 0 0 1 0 8 402 396 404 247 241 249 395 403 
402 13846 1.36718750000000000000 -1.13281250000000000000 0 0 1 0 8 405 399 407 401 395 403 396 404 
403 13847 1.28906250000000000000 -1.21093750000000000000 0 0 1 0 8 404 402 432 249 247 429 401 541 
404 13848 1.36718750000000000000 -1.21093750000000000000 0 0 1 0 8 407 405 541 403 401 432 402 429 
405 13849 1.44531250000000000000 -1.13281250000000000000 0 0 1 0 8 406 400 408 402 396 404 399 407 
406 13850 1.52343750000000000000 -1.13281250000000000000 0 0 1 0 8 414 411 526 405 399 407 400 408 
407 13851 1.44531250000000000000 -1.21093750000000000000 0 0 1 0 8 408 406 541 404 402 432 405 544 
408 13852 1.52343750000000000000 -1.21093750000000000000 0 0 1 0 8 526 414 544 407 405 541 406 432 
409 13853 1.60156250000000000000 -0.97656250000000000000 0 0 1 0 8 410 388 412 398 376 400 387 411 
410 13854 1.67968750000000000000 -0.97656250000000000000 0 0 1 0 8 413 391 523 409 387 411 388 412 
411 13855 1.60156250000000000000 -1.05468750000000000000 0 0 1 0 8 412 410 525 400 398 406 409 414 
412 13856 1.67968750000000000000 -1.05468750000000000000 0 0 1 0 8 523 413 528 411 409 414 410 525 
413 13857 1.75781250000000000000 -0.97656250000000000000 0 0 1 0 8 522 392 524 410 388 412 391 523 
414 13858 1.60156250000000000000 -1.13281250000000000000 0 0 1 0 8 525 412 527 406 400 408 411 526 
415 13859 1.95312500000000000000 -0.70312500000000000000 0 0 1 0 10 529 519 531 382 354 384 390 360 530 392 
416 13860 0.07812500000000000000 -1.32812500000000000000 0 0 1 0 9 417 171 419 78 73 80 168 167 418 
417 13861 0.23437500000000000000 -1.32812500000000000000 0 0 1 0 9 420 183 422 416 168 418 172 171 419 
418 13862 0.07812500000000000000 -1.48437500000000000000 0 0 1 0 8 419 417 534 80 78 475 416 533 
419 13863 0.23437500000000000000 -1.48437500000000000000 0 0 1 0 8 422 420 535 418 416 533 417 534 
420 13864 0.39062500000000000000 -1.32812500000000000000 0 0 1 0 9 421 187 423 417 172 419 184 183 422 
421 13865 0.54687500000000000000 -1.32812500000000000000 0 0 1 0 9 424 228 426 420 184 422 188 187 423 
422 13866 0.39062500000000000000 -1.48437500000000000000 0 0 1 0 8 423 421 536 419 417 534 420 535 
423 13867 0.54687500000000000000 -1.48437500000000000000 0 0 1 0 8 426 424 537 422 420 535 421 536 
424 13868 0.70312500000000000000 -1.32812500000000000000 0 0 1 0 9 425 232 427 421 188 423 229 228 426 
425 13869 0.85937500000000000000 -1.32812500000000000000 0 0 1 0 9 428 244 430 424 229 426 233 232 427 
426 13870 0.70312500000000000000 -1.48437500000000000000 0 0 1 0 8 427 425 538 423 421 536 424 537 
427 13871 0.85937500000000000000 -1.48437500000000000000 0 0 1 0 8 430 428 539 426 424 537 425 538 
428 13872 1.01562500000000000000 -1.32812500000000000000 0 0 1 0 9 429 248 431 425 233 427 245 244 430 
429 13873 1.17187500000000000000 -1.32812500000000000000 0 0 1 0 9 432 403 542 428 245 430 249 248 431 
430 13874 1.01562500000000000000 -1.48437500000000000000 0 0 1 0 8 431 429 540 427 425 538 428 539 
431 13875 1.17187500000000000000 -1.48437500000000000000 0 0 1 0 8 542 432 545 430 428 539 429 540 
432 13876 1.32812500000000000000 -1.32812500000000000000 0 0 1 0 9 541 407 543 429 249 431 404 403 542 
