485 440 45
1 1 0.11593133999999999384 0.04901951200000000120 441 2 0 1 7 185 179 463 462 48 441 2 
2 2 0.11910019653111096616 0.04946265629286657889 1 3 0 1 7 185 48 187 179 1 186 3 
3 3 0.12068533201706684033 0.04967905602455877090 2 4 0 1 5 187 185 186 2 4 
4 4 0.12227090999999999654 0.04989207600000000048 3 5 0 1 7 187 180 185 186 3 188 5 
5 5 0.12875519999999998633 0.05072856299999999735 4 6 0 1 7 200 203 4 188 221 6 222 
6 6 0.13538172000000001094 0.05152849600000000002 5 7 0 1 7 226 223 216 220 219 5 7 
7 7 0.13876411178593872631 0.05191648576046355851 6 8 0 1 7 226 227 230 220 6 8 225 
8 8 0.14045585580070280018 0.05210556766933496092 7 9 0 1 5 230 226 227 7 9 
9 9 0.14214794000000000040 0.05229143399999999775 8 10 0 1 7 10 227 226 230 231 8 225 
10 10 0.14905124999999999624 0.05301697699999999985 9 11 0 1 8 258 11 240 241 243 246 247 9 
11 11 0.15256953614796101015 0.05336717878926439812 10 12 0 1 6 262 247 259 258 10 12 
12 12 0.15432913747493237633 0.05353752761851016118 11 13 0 1 7 258 259 11 13 262 263 257 
13 13 0.15608901999999999499 0.05370476300000000258 12 14 0 1 7 12 14 263 434 262 436 435 
14 14 0.15967324059165405314 0.05403582427398444937 13 15 0 1 7 364 13 15 434 435 436 349 
15 15 0.16325855000000000228 0.05435447300000000037 14 16 0 1 7 364 435 349 353 352 14 16 
16 16 0.17055709999999998927 0.05496582800000000130 15 17 0 1 8 364 365 366 368 369 15 17 353 
17 17 0.17426903532658616358 0.05525821815028674616 16 18 0 1 6 412 365 369 368 16 18 
18 18 0.17798185999999999174 0.05553859700000000205 17 19 0 1 6 416 369 413 412 17 19 
19 19 0.18552999000000000573 0.05607258999999999854 18 20 0 1 8 428 429 18 20 413 416 417 426 
20 20 0.19319859999999999811 0.05656766299999999720 19 21 0 1 6 440 429 433 432 19 21 
21 21 0.20098474999999998980 0.05702371900000000049 20 442 0 1 7 433 20 442 439 440 484 485 
22 22 0.14892578125000000000 0.10009765625000000000 0 0 1 0 8 23 450 33 448 446 29 449 32 
23 23 0.15380859375000000000 0.10009765625000000000 0 0 1 0 8 264 466 272 22 449 32 450 33 
24 24 0.11962890625000000000 0.08056640625000000000 0 0 1 0 10 25 455 53 445 443 44 454 49 50 55 
25 25 0.12451171875000000000 0.08056640625000000000 0 0 1 0 11 27 456 65 24 454 50 455 53 52 54 67 
26 26 0.13427734375000000000 0.08544921875000000000 0 0 1 0 8 36 30 38 456 452 27 453 28 
27 27 0.12939453125000000000 0.08056640625000000000 0 0 1 0 11 28 26 69 25 455 54 456 65 56 66 71 
28 28 0.13427734375000000000 0.08056640625000000000 0 0 1 0 11 38 36 113 27 456 66 26 69 68 70 115 
29 29 0.14404296875000000000 0.09521484375000000000 0 0 1 0 8 32 22 34 457 447 30 448 31 
30 30 0.13916015625000000000 0.09033203125000000000 0 0 1 0 8 31 29 37 453 451 26 457 36 
31 31 0.14404296875000000000 0.09033203125000000000 0 0 1 0 8 34 32 40 30 457 36 29 37 
32 32 0.14892578125000000000 0.09521484375000000000 0 0 1 0 8 33 23 35 29 448 31 22 34 
33 33 0.15380859375000000000 0.09521484375000000000 0 0 1 0 8 272 264 274 32 22 34 23 35 
34 34 0.14892578125000000000 0.09033203125000000000 0 0 1 0 8 35 33 41 31 29 37 32 40 
35 35 0.15380859375000000000 0.09033203125000000000 0 0 1 0 8 274 272 280 34 32 40 33 41 
36 36 0.13916015625000000000 0.08544921875000000000 0 0 1 0 8 37 31 39 26 453 28 30 38 
37 37 0.14404296875000000000 0.08544921875000000000 0 0 1 0 8 40 34 42 36 30 38 31 39 
38 38 0.13916015625000000000 0.08056640625000000000 0 0 1 0 11 39 37 117 28 26 70 36 113 72 114 119 
39 39 0.14404296875000000000 0.08056640625000000000 0 0 1 0 11 42 40 129 38 36 114 37 117 116 118 131 
40 40 0.14892578125000000000 0.08544921875000000000 0 0 1 0 8 41 35 43 37 31 39 34 42 
41 41 0.15380859375000000000 0.08544921875000000000 0 0 1 0 8 280 274 282 40 34 42 35 43 
42 42 0.14892578125000000000 0.08056640625000000000 0 0 1 0 11 43 41 133 39 37 118 40 129 120 130 135 
43 43 0.15380859375000000000 0.08056640625000000000 0 0 1 0 11 282 280 306 42 40 130 41 133 132 134 308 
44 44 0.11474609375000000000 0.07568359375000000000 0 0 1 0 10 49 24 51 57 458 444 459 445 45 59 
45 45 0.11474609375000000000 0.07080078125000000000 0 0 1 0 10 57 51 59 81 459 458 460 44 46 83 
46 46 0.11474609375000000000 0.06591796875000000000 0 0 1 0 10 81 59 83 89 460 459 461 45 47 91 
47 47 0.11474609375000000000 0.06103515625000000000 0 0 1 0 10 89 83 91 177 461 460 462 46 48 179 
48 48 0.11474609375000000000 0.05615234375000000000 0 0 1 0 10 177 91 179 185 462 461 463 47 1 2 
49 49 0.11840820312500000000 0.07690429687500000000 0 0 1 0 8 50 24 52 44 445 45 25 51 
50 50 0.12084960937500000000 0.07690429687500000000 0 0 1 0 8 53 25 55 49 24 51 445 52 
51 51 0.11840820312500000000 0.07446289062500000000 0 0 1 0 8 52 50 58 44 445 45 49 57 
52 52 0.12084960937500000000 0.07446289062500000000 0 0 1 0 8 55 53 61 51 49 57 50 58 
53 53 0.12329101562500000000 0.07690429687500000000 0 0 1 0 8 54 25 56 50 24 52 27 55 
54 54 0.12573242187500000000 0.07690429687500000000 0 0 1 0 8 65 27 67 53 25 55 24 56 
55 55 0.12329101562500000000 0.07446289062500000000 0 0 1 0 8 56 54 62 52 50 58 53 61 
56 56 0.12573242187500000000 0.07446289062500000000 0 0 1 0 8 67 65 73 55 53 61 54 62 
57 57 0.11840820312500000000 0.07202148437500000000 0 0 1 0 8 58 52 60 45 44 46 51 59 
58 58 0.12084960937500000000 0.07202148437500000000 0 0 1 0 8 61 55 63 57 51 59 52 60 
59 59 0.11840820312500000000 0.06958007812500000000 0 0 1 0 8 60 58 82 45 44 46 57 81 
60 60 0.12084960937500000000 0.06958007812500000000 0 0 1 0 8 63 61 85 59 57 81 58 82 
61 61 0.12329101562500000000 0.07202148437500000000 0 0 1 0 8 62 56 64 58 52 60 55 63 
62 62 0.12573242187500000000 0.07202148437500000000 0 0 1 0 8 73 67 75 61 55 63 56 64 
63 63 0.12329101562500000000 0.06958007812500000000 0 0 1 0 8 64 62 86 60 58 82 61 85 
64 64 0.12573242187500000000 0.06958007812500000000 0 0 1 0 8 75 73 97 63 61 85 62 86 
65 65 0.12817382812500000000 0.07690429687500000000 0 0 1 0 8 66 27 68 54 25 56 28 67 
66 66 0.13061523437500000000 0.07690429687500000000 0 0 1 0 8 69 28 71 65 27 67 25 68 
67 67 0.12817382812500000000 0.07446289062500000000 0 0 1 0 8 68 66 74 56 54 62 65 73 
68 68 0.13061523437500000000 0.07446289062500000000 0 0 1 0 8 71 69 77 67 65 73 66 74 
69 69 0.13305664062500000000 0.07690429687500000000 0 0 1 0 8 70 28 72 66 27 68 38 71 
70 70 0.13549804687500000000 0.07690429687500000000 0 0 1 0 8 113 38 115 69 28 71 27 72 
71 71 0.13305664062500000000 0.07446289062500000000 0 0 1 0 8 72 70 78 68 66 74 69 77 
72 72 0.13549804687500000000 0.07446289062500000000 0 0 1 0 8 115 113 121 71 69 77 70 78 
73 73 0.12817382812500000000 0.07202148437500000000 0 0 1 0 8 74 68 76 62 56 64 67 75 
74 74 0.13061523437500000000 0.07202148437500000000 0 0 1 0 8 77 71 79 73 67 75 68 76 
75 75 0.12817382812500000000 0.06958007812500000000 0 0 1 0 8 76 74 98 64 62 86 73 97 
76 76 0.13061523437500000000 0.06958007812500000000 0 0 1 0 8 79 77 101 75 73 97 74 98 
77 77 0.13305664062500000000 0.07202148437500000000 0 0 1 0 8 78 72 80 74 68 76 71 79 
78 78 0.13549804687500000000 0.07202148437500000000 0 0 1 0 8 121 115 123 77 71 79 72 80 
79 79 0.13305664062500000000 0.06958007812500000000 0 0 1 0 8 80 78 102 76 74 98 77 101 
80 80 0.13549804687500000000 0.06958007812500000000 0 0 1 0 8 123 121 145 79 77 101 78 102 
81 81 0.11840820312500000000 0.06713867187500000000 0 0 1 0 8 82 60 84 46 45 47 59 83 
82 82 0.12084960937500000000 0.06713867187500000000 0 0 1 0 8 85 63 87 81 59 83 60 84 
83 83 0.11840820312500000000 0.06469726562500000000 0 0 1 0 8 84 82 90 46 45 47 81 89 
84 84 0.12084960937500000000 0.06469726562500000000 0 0 1 0 8 87 85 93 83 81 89 82 90 
85 85 0.12329101562500000000 0.06713867187500000000 0 0 1 0 8 86 64 88 82 60 84 63 87 
86 86 0.12573242187500000000 0.06713867187500000000 0 0 1 0 8 97 75 99 85 63 87 64 88 
87 87 0.12329101562500000000 0.06469726562500000000 0 0 1 0 8 88 86 94 84 82 90 85 93 
88 88 0.12573242187500000000 0.06469726562500000000 0 0 1 0 8 99 97 105 87 85 93 86 94 
89 89 0.11840820312500000000 0.06225585937500000000 0 0 1 0 8 90 84 92 47 46 48 83 91 
90 90 0.12084960937500000000 0.06225585937500000000 0 0 1 0 8 93 87 95 89 83 91 84 92 
91 91 0.11840820312500000000 0.05981445312500000000 0 0 1 0 8 92 90 178 47 46 48 89 177 
92 92 0.12084960937500000000 0.05981445312500000000 0 0 1 0 8 95 93 181 91 89 177 90 178 
93 93 0.12329101562500000000 0.06225585937500000000 0 0 1 0 8 94 88 96 90 84 92 87 95 
94 94 0.12573242187500000000 0.06225585937500000000 0 0 1 0 8 105 99 107 93 87 95 88 96 
95 95 0.12329101562500000000 0.05981445312500000000 0 0 1 0 8 96 94 182 92 90 178 93 181 
96 96 0.12573242187500000000 0.05981445312500000000 0 0 1 0 9 107 105 189 95 93 181 94 182 191 
97 97 0.12817382812500000000 0.06713867187500000000 0 0 1 0 8 98 76 100 86 64 88 75 99 
98 98 0.13061523437500000000 0.06713867187500000000 0 0 1 0 8 101 79 103 97 75 99 76 100 
99 99 0.12817382812500000000 0.06469726562500000000 0 0 1 0 8 100 98 106 88 86 94 97 105 
100 100 0.13061523437500000000 0.06469726562500000000 0 0 1 0 8 103 101 109 99 97 105 98 106 
101 101 0.13305664062500000000 0.06713867187500000000 0 0 1 0 8 102 80 104 98 76 100 79 103 
102 102 0.13549804687500000000 0.06713867187500000000 0 0 1 0 8 145 123 147 101 79 103 80 104 
103 103 0.13305664062500000000 0.06469726562500000000 0 0 1 0 8 104 102 110 100 98 106 101 109 
104 104 0.13549804687500000000 0.06469726562500000000 0 0 1 0 8 147 145 153 103 101 109 102 110 
105 105 0.12817382812500000000 0.06225585937500000000 0 0 1 0 8 106 100 108 94 88 96 99 107 
106 106 0.13061523437500000000 0.06225585937500000000 0 0 1 0 8 109 103 111 105 99 107 100 108 
107 107 0.12817382812500000000 0.05981445312500000000 0 0 1 0 10 108 106 193 96 94 182 105 189 190 195 
108 108 0.13061523437500000000 0.05981445312500000000 0 0 1 0 11 111 109 205 107 105 190 106 193 192 194 207 
109 109 0.13305664062500000000 0.06225585937500000000 0 0 1 0 8 110 104 112 106 100 108 103 111 
110 110 0.13549804687500000000 0.06225585937500000000 0 0 1 0 8 153 147 155 109 103 111 104 112 
111 111 0.13305664062500000000 0.05981445312500000000 0 0 1 0 11 112 110 209 108 106 194 109 205 196 206 211 
112 112 0.13549804687500000000 0.05981445312500000000 0 0 1 0 10 155 153 224 111 109 206 110 209 208 210 
113 113 0.13793945312500000000 0.07690429687500000000 0 0 1 0 8 114 38 116 70 28 72 39 115 
114 114 0.14038085937500000000 0.07690429687500000000 0 0 1 0 8 117 39 119 113 38 115 28 116 
115 115 0.13793945312500000000 0.07446289062500000000 0 0 1 0 8 116 114 122 72 70 78 113 121 
116 116 0.14038085937500000000 0.07446289062500000000 0 0 1 0 8 119 117 125 115 113 121 114 122 
117 117 0.14282226562500000000 0.07690429687500000000 0 0 1 0 8 118 39 120 114 38 116 42 119 
118 118 0.14526367187500000000 0.07690429687500000000 0 0 1 0 8 129 42 131 117 39 119 38 120 
119 119 0.14282226562500000000 0.07446289062500000000 0 0 1 0 8 120 118 126 116 114 122 117 125 
120 120 0.14526367187500000000 0.07446289062500000000 0 0 1 0 8 131 129 137 119 117 125 118 126 
121 121 0.13793945312500000000 0.07202148437500000000 0 0 1 0 8 122 116 124 78 72 80 115 123 
122 122 0.14038085937500000000 0.07202148437500000000 0 0 1 0 8 125 119 127 121 115 123 116 124 
123 123 0.13793945312500000000 0.06958007812500000000 0 0 1 0 8 124 122 146 80 78 102 121 145 
124 124 0.14038085937500000000 0.06958007812500000000 0 0 1 0 8 127 125 149 123 121 145 122 146 
125 125 0.14282226562500000000 0.07202148437500000000 0 0 1 0 8 126 120 128 122 116 124 119 127 
126 126 0.14526367187500000000 0.07202148437500000000 0 0 1 0 8 137 131 139 125 119 127 120 128 
127 127 0.14282226562500000000 0.06958007812500000000 0 0 1 0 8 128 126 150 124 122 146 125 149 
128 128 0.14526367187500000000 0.06958007812500000000 0 0 1 0 8 139 137 161 127 125 149 126 150 
129 129 0.14770507812500000000 0.07690429687500000000 0 0 1 0 8 130 42 132 118 39 120 43 131 
130 130 0.15014648437500000000 0.07690429687500000000 0 0 1 0 8 133 43 135 129 42 131 39 132 
131 131 0.14770507812500000000 0.07446289062500000000 0 0 1 0 8 132 130 138 120 118 126 129 137 
132 132 0.15014648437500000000 0.07446289062500000000 0 0 1 0 8 135 133 141 131 129 137 130 138 
133 133 0.15258789062500000000 0.07690429687500000000 0 0 1 0 8 134 43 136 130 42 132 282 135 
134 134 0.15502929687500000000 0.07690429687500000000 0 0 1 0 8 306 282 308 133 43 135 42 136 
135 135 0.15258789062500000000 0.07446289062500000000 0 0 1 0 8 136 134 142 132 130 138 133 141 
136 136 0.15502929687500000000 0.07446289062500000000 0 0 1 0 8 308 306 314 135 133 141 134 142 
137 137 0.14770507812500000000 0.07202148437500000000 0 0 1 0 8 138 132 140 126 120 128 131 139 
138 138 0.15014648437500000000 0.07202148437500000000 0 0 1 0 8 141 135 143 137 131 139 132 140 
139 139 0.14770507812500000000 0.06958007812500000000 0 0 1 0 8 140 138 162 128 126 150 137 161 
140 140 0.15014648437500000000 0.06958007812500000000 0 0 1 0 8 143 141 165 139 137 161 138 162 
141 141 0.15258789062500000000 0.07202148437500000000 0 0 1 0 8 142 136 144 138 132 140 135 143 
142 142 0.15502929687500000000 0.07202148437500000000 0 0 1 0 8 314 308 316 141 135 143 136 144 
143 143 0.15258789062500000000 0.06958007812500000000 0 0 1 0 8 144 142 166 140 138 162 141 165 
144 144 0.15502929687500000000 0.06958007812500000000 0 0 1 0 8 316 314 338 143 141 165 142 166 
145 145 0.13793945312500000000 0.06713867187500000000 0 0 1 0 8 146 124 148 102 80 104 123 147 
146 146 0.14038085937500000000 0.06713867187500000000 0 0 1 0 8 149 127 151 145 123 147 124 148 
147 147 0.13793945312500000000 0.06469726562500000000 0 0 1 0 8 148 146 154 104 102 110 145 153 
148 148 0.14038085937500000000 0.06469726562500000000 0 0 1 0 8 151 149 157 147 145 153 146 154 
149 149 0.14282226562500000000 0.06713867187500000000 0 0 1 0 8 150 128 152 146 124 148 127 151 
150 150 0.14526367187500000000 0.06713867187500000000 0 0 1 0 8 161 139 163 149 127 151 128 152 
151 151 0.14282226562500000000 0.06469726562500000000 0 0 1 0 8 152 150 158 148 146 154 149 157 
152 152 0.14526367187500000000 0.06469726562500000000 0 0 1 0 8 163 161 169 151 149 157 150 158 
153 153 0.13793945312500000000 0.06225585937500000000 0 0 1 0 8 154 148 156 110 104 112 147 155 
154 154 0.14038085937500000000 0.06225585937500000000 0 0 1 0 8 157 151 159 153 147 155 148 156 
155 155 0.13793945312500000000 0.05981445312500000000 0 0 1 0 9 156 154 225 112 110 210 153 224 212 
156 156 0.14038085937500000000 0.05981445312500000000 0 0 1 0 8 159 157 228 155 153 224 154 225 
157 157 0.14282226562500000000 0.06225585937500000000 0 0 1 0 8 158 152 160 154 148 156 151 159 
158 158 0.14526367187500000000 0.06225585937500000000 0 0 1 0 8 169 163 171 157 151 159 152 160 
159 159 0.14282226562500000000 0.05981445312500000000 0 0 1 0 8 160 158 229 156 154 225 157 228 
160 160 0.14526367187500000000 0.05981445312500000000 0 0 1 0 9 171 169 232 159 157 228 158 229 234 
161 161 0.14770507812500000000 0.06713867187500000000 0 0 1 0 8 162 140 164 150 128 152 139 163 
162 162 0.15014648437500000000 0.06713867187500000000 0 0 1 0 8 165 143 167 161 139 163 140 164 
163 163 0.14770507812500000000 0.06469726562500000000 0 0 1 0 8 164 162 170 152 150 158 161 169 
164 164 0.15014648437500000000 0.06469726562500000000 0 0 1 0 8 167 165 173 163 161 169 162 170 
165 165 0.15258789062500000000 0.06713867187500000000 0 0 1 0 8 166 144 168 162 140 164 143 167 
166 166 0.15502929687500000000 0.06713867187500000000 0 0 1 0 8 338 316 340 165 143 167 144 168 
167 167 0.15258789062500000000 0.06469726562500000000 0 0 1 0 8 168 166 174 164 162 170 165 173 
168 168 0.15502929687500000000 0.06469726562500000000 0 0 1 0 8 340 338 346 167 165 173 166 174 
169 169 0.14770507812500000000 0.06225585937500000000 0 0 1 0 8 170 164 172 158 152 160 163 171 
170 170 0.15014648437500000000 0.06225585937500000000 0 0 1 0 8 173 167 175 169 163 171 164 172 
171 171 0.14770507812500000000 0.05981445312500000000 0 0 1 0 10 172 170 236 160 158 229 169 232 233 238 
172 172 0.15014648437500000000 0.05981445312500000000 0 0 1 0 11 175 173 248 171 169 233 170 236 235 237 250 
173 173 0.15258789062500000000 0.06225585937500000000 0 0 1 0 8 174 168 176 170 164 172 167 175 
174 174 0.15502929687500000000 0.06225585937500000000 0 0 1 0 8 346 340 348 173 167 175 168 176 
175 175 0.15258789062500000000 0.05981445312500000000 0 0 1 0 11 176 174 252 172 170 237 173 248 239 249 254 
176 176 0.15502929687500000000 0.05981445312500000000 0 0 1 0 10 348 346 434 175 173 249 174 252 251 253 
177 177 0.11840820312500000000 0.05737304687500000000 0 0 1 0 8 178 92 180 48 47 1 91 179 
178 178 0.12084960937500000000 0.05737304687500000000 0 0 1 0 8 181 95 183 177 91 179 92 180 
179 179 0.11840820312500000000 0.05493164062500000000 0 0 1 0 8 180 178 186 48 47 1 177 185 
180 180 0.12084960937500000000 0.05493164062500000000 0 0 1 0 8 183 181 187 179 177 185 178 186 
181 181 0.12329101562500000000 0.05737304687500000000 0 0 1 0 8 182 96 184 178 92 180 95 183 
182 182 0.12573242187500000000 0.05737304687500000000 0 0 1 0 10 189 107 191 197 181 95 183 96 184 199 
183 183 0.12329101562500000000 0.05493164062500000000 0 0 1 0 8 184 182 188 180 178 186 181 187 
184 184 0.12573242187500000000 0.05493164062500000000 0 0 1 0 9 197 191 199 221 183 181 187 182 188 
185 185 0.11840820312500000000 0.05249023437500000000 0 0 1 0 7 186 180 3 1 48 179 2 
186 186 0.12084960937500000000 0.05249023437500000000 0 0 1 0 8 187 183 4 185 179 2 180 3 
187 187 0.12329101562500000000 0.05249023437500000000 0 0 1 0 7 188 184 186 180 3 183 4 
188 188 0.12573242187500000000 0.05249023437500000000 0 0 1 0 7 221 199 5 187 183 4 184 
189 189 0.12756347656250000000 0.05798339843750000000 0 0 1 0 8 190 107 192 182 96 184 108 191 
190 190 0.12878417968750000000 0.05798339843750000000 0 0 1 0 8 193 108 195 189 107 191 96 192 
191 191 0.12756347656250000000 0.05676269531250000000 0 0 1 0 8 192 190 198 182 96 184 189 197 
192 192 0.12878417968750000000 0.05676269531250000000 0 0 1 0 8 195 193 201 191 189 197 190 198 
193 193 0.13000488281250000000 0.05798339843750000000 0 0 1 0 8 194 108 196 190 107 192 111 195 
194 194 0.13122558593750000000 0.05798339843750000000 0 0 1 0 8 205 111 207 193 108 195 107 196 
195 195 0.13000488281250000000 0.05676269531250000000 0 0 1 0 8 196 194 202 192 190 198 193 201 
196 196 0.13122558593750000000 0.05676269531250000000 0 0 1 0 8 207 205 213 195 193 201 194 202 
197 197 0.12756347656250000000 0.05554199218750000000 0 0 1 0 8 198 192 200 184 182 188 191 199 
198 198 0.12878417968750000000 0.05554199218750000000 0 0 1 0 8 201 195 203 197 191 199 192 200 
199 199 0.12756347656250000000 0.05432128906250000000 0 0 1 0 8 200 198 221 184 182 188 197 222 
200 200 0.12878417968750000000 0.05432128906250000000 0 0 1 0 8 203 201 222 199 197 221 198 188 
201 201 0.13000488281250000000 0.05554199218750000000 0 0 1 0 8 202 196 204 198 192 200 195 203 
202 202 0.13122558593750000000 0.05554199218750000000 0 0 1 0 8 213 207 215 201 195 203 196 204 
203 203 0.13000488281250000000 0.05432128906250000000 0 0 1 0 8 204 202 222 200 198 221 201 223 
204 204 0.13122558593750000000 0.05432128906250000000 0 0 1 0 8 215 213 223 203 201 222 202 221 
205 205 0.13244628906250000000 0.05798339843750000000 0 0 1 0 8 206 111 208 194 108 196 112 207 
206 206 0.13366699218750000000 0.05798339843750000000 0 0 1 0 8 209 112 211 205 111 207 108 208 
207 207 0.13244628906250000000 0.05676269531250000000 0 0 1 0 8 208 206 214 196 194 202 205 213 
208 208 0.13366699218750000000 0.05676269531250000000 0 0 1 0 8 211 209 217 207 205 213 206 214 
209 209 0.13488769531250000000 0.05798339843750000000 0 0 1 0 8 210 112 212 206 111 208 155 211 
210 210 0.13610839843750000000 0.05798339843750000000 0 0 1 0 8 224 155 226 209 112 211 111 212 
211 211 0.13488769531250000000 0.05676269531250000000 0 0 1 0 8 212 210 218 208 206 214 209 217 
212 212 0.13610839843750000000 0.05676269531250000000 0 0 1 0 8 224 155 226 211 209 217 210 218 
213 213 0.13244628906250000000 0.05554199218750000000 0 0 1 0 8 214 208 216 202 196 204 207 215 
214 214 0.13366699218750000000 0.05554199218750000000 0 0 1 0 8 217 211 219 213 207 215 208 216 
215 215 0.13244628906250000000 0.05432128906250000000 0 0 1 0 8 216 214 223 204 202 222 213 6 
216 216 0.13366699218750000000 0.05432128906250000000 0 0 1 0 8 219 217 6 215 213 223 214 222 
217 217 0.13488769531250000000 0.05554199218750000000 0 0 1 0 8 218 212 220 214 208 216 211 219 
218 218 0.13610839843750000000 0.05554199218750000000 0 0 1 0 8 226 224 7 217 211 219 212 220 
219 219 0.13488769531250000000 0.05432128906250000000 0 0 1 0 8 220 218 6 216 214 223 217 7 
220 220 0.13610839843750000000 0.05432128906250000000 0 0 1 0 8 226 224 7 219 217 6 218 223 
221 221 0.12817382812500000000 0.05249023437500000000 0 0 1 0 7 222 203 188 184 200 199 5 
222 222 0.13061523437500000000 0.05249023437500000000 0 0 1 0 7 223 215 221 200 5 204 203 
223 223 0.13305664062500000000 0.05249023437500000000 0 0 1 0 7 216 215 219 6 222 5 204 
224 224 0.13793945312500000000 0.05737304687500000000 0 0 1 0 10 225 156 227 210 112 212 218 155 226 220 
225 225 0.14038085937500000000 0.05737304687500000000 0 0 1 0 8 228 159 230 224 155 226 156 227 
226 226 0.13793945312500000000 0.05493164062500000000 0 0 1 0 9 227 225 8 218 212 220 6 224 7 
227 227 0.14038085937500000000 0.05493164062500000000 0 0 1 0 8 230 228 9 226 224 7 225 8 
228 228 0.14282226562500000000 0.05737304687500000000 0 0 1 0 8 229 160 231 225 156 227 159 230 
229 229 0.14526367187500000000 0.05737304687500000000 0 0 1 0 10 232 171 234 240 228 159 230 160 231 242 
230 230 0.14282226562500000000 0.05493164062500000000 0 0 1 0 7 231 229 227 225 8 228 9 
231 231 0.14526367187500000000 0.05493164062500000000 0 0 1 0 7 240 234 242 230 228 9 229 
232 232 0.14709472656250000000 0.05798339843750000000 0 0 1 0 8 233 171 235 229 160 231 172 234 
233 233 0.14831542968750000000 0.05798339843750000000 0 0 1 0 8 236 172 238 232 171 234 160 235 
234 234 0.14709472656250000000 0.05676269531250000000 0 0 1 0 8 235 233 241 229 160 231 232 240 
235 235 0.14831542968750000000 0.05676269531250000000 0 0 1 0 8 238 236 244 234 232 240 233 241 
236 236 0.14953613281250000000 0.05798339843750000000 0 0 1 0 8 237 172 239 233 171 235 175 238 
237 237 0.15075683593750000000 0.05798339843750000000 0 0 1 0 8 248 175 250 236 172 238 171 239 
238 238 0.14953613281250000000 0.05676269531250000000 0 0 1 0 8 239 237 245 235 233 241 236 244 
239 239 0.15075683593750000000 0.05676269531250000000 0 0 1 0 8 250 248 256 238 236 244 237 245 
240 240 0.14709472656250000000 0.05554199218750000000 0 0 1 0 7 241 235 243 231 229 234 242 
241 241 0.14831542968750000000 0.05554199218750000000 0 0 1 0 8 244 238 246 240 234 242 235 243 
242 242 0.14709472656250000000 0.05432128906250000000 0 0 1 0 7 231 229 10 241 243 240 9 
243 243 0.14831542968750000000 0.05432128906250000000 0 0 1 0 6 246 244 10 242 240 241 
244 244 0.14953613281250000000 0.05554199218750000000 0 0 1 0 8 245 239 247 241 235 243 238 246 
245 245 0.15075683593750000000 0.05554199218750000000 0 0 1 0 8 256 250 258 244 238 246 239 247 
246 246 0.14953613281250000000 0.05432128906250000000 0 0 1 0 7 247 245 10 243 241 244 11 
247 247 0.15075683593750000000 0.05432128906250000000 0 0 1 0 7 258 256 11 246 244 10 245 
248 248 0.15197753906250000000 0.05798339843750000000 0 0 1 0 8 249 175 251 237 172 239 176 250 
249 249 0.15319824218750000000 0.05798339843750000000 0 0 1 0 8 252 176 254 248 175 250 172 251 
250 250 0.15197753906250000000 0.05676269531250000000 0 0 1 0 8 251 249 257 239 237 245 248 256 
251 251 0.15319824218750000000 0.05676269531250000000 0 0 1 0 8 254 252 260 250 248 256 249 257 
252 252 0.15441894531250000000 0.05798339843750000000 0 0 1 0 8 253 176 255 249 175 251 348 254 
253 253 0.15563964843750000000 0.05798339843750000000 0 0 1 0 8 434 348 436 252 176 254 175 255 
254 254 0.15441894531250000000 0.05676269531250000000 0 0 1 0 8 255 253 261 251 249 257 252 260 
255 255 0.15563964843750000000 0.05676269531250000000 0 0 1 0 8 434 348 436 254 252 260 253 261 
256 256 0.15197753906250000000 0.05554199218750000000 0 0 1 0 8 257 251 259 245 239 247 250 258 
257 257 0.15319824218750000000 0.05554199218750000000 0 0 1 0 8 260 254 262 256 250 258 251 259 
258 258 0.15197753906250000000 0.05432128906250000000 0 0 1 0 7 259 257 11 247 245 10 256 
259 259 0.15319824218750000000 0.05432128906250000000 0 0 1 0 8 262 260 12 258 256 11 257 10 
260 260 0.15441894531250000000 0.05554199218750000000 0 0 1 0 8 261 255 263 257 251 259 254 262 
261 261 0.15563964843750000000 0.05554199218750000000 0 0 1 0 7 436 434 260 254 262 255 263 
262 262 0.15441894531250000000 0.05432128906250000000 0 0 1 0 8 263 261 13 259 257 11 260 12 
263 263 0.15563964843750000000 0.05432128906250000000 0 0 1 0 7 436 434 262 260 12 261 13 
264 264 0.15869140625000000000 0.10009765625000000000 0 0 1 0 8 265 467 273 23 450 33 466 272 
265 265 0.16357421875000000000 0.10009765625000000000 0 0 1 0 8 267 468 276 264 466 272 467 273 
266 266 0.17333984375000000000 0.10498046875000000000 0 0 1 0 8 269 469 270 468 464 267 465 268 
267 267 0.16845703125000000000 0.10009765625000000000 0 0 1 0 8 268 266 277 265 467 273 468 276 
268 268 0.17333984375000000000 0.10009765625000000000 0 0 1 0 8 270 269 288 267 468 276 266 277 
269 269 0.17822265625000000000 0.10498046875000000000 0 0 1 0 8 471 470 271 266 465 268 469 270 
270 270 0.17822265625000000000 0.10009765625000000000 0 0 1 0 8 271 471 289 268 266 277 269 288 
271 271 0.18310546875000000000 0.10009765625000000000 0 0 1 0 8 473 472 292 270 269 288 471 289 
272 272 0.15869140625000000000 0.09521484375000000000 0 0 1 0 8 273 265 275 33 23 35 264 274 
273 273 0.16357421875000000000 0.09521484375000000000 0 0 1 0 8 276 267 278 272 264 274 265 275 
274 274 0.15869140625000000000 0.09033203125000000000 0 0 1 0 8 275 273 281 35 33 41 272 280 
275 275 0.16357421875000000000 0.09033203125000000000 0 0 1 0 8 278 276 284 274 272 280 273 281 
276 276 0.16845703125000000000 0.09521484375000000000 0 0 1 0 8 277 268 279 273 265 275 267 278 
277 277 0.17333984375000000000 0.09521484375000000000 0 0 1 0 8 288 270 290 276 267 278 268 279 
278 278 0.16845703125000000000 0.09033203125000000000 0 0 1 0 8 279 277 285 275 273 281 276 284 
279 279 0.17333984375000000000 0.09033203125000000000 0 0 1 0 8 290 288 295 278 276 284 277 285 
280 280 0.15869140625000000000 0.08544921875000000000 0 0 1 0 8 281 275 283 41 35 43 274 282 
281 281 0.16357421875000000000 0.08544921875000000000 0 0 1 0 8 284 278 286 280 274 282 275 283 
282 282 0.15869140625000000000 0.08056640625000000000 0 0 1 0 11 283 281 310 43 41 134 280 306 136 307 312 
283 283 0.16357421875000000000 0.08056640625000000000 0 0 1 0 11 286 284 322 282 280 307 281 310 309 311 324 
284 284 0.16845703125000000000 0.08544921875000000000 0 0 1 0 8 285 279 287 281 275 283 278 286 
285 285 0.17333984375000000000 0.08544921875000000000 0 0 1 0 8 295 290 297 284 278 286 279 287 
286 286 0.16845703125000000000 0.08056640625000000000 0 0 1 0 11 287 285 326 283 281 311 284 322 313 323 328 
287 287 0.17333984375000000000 0.08056640625000000000 0 0 1 0 11 297 295 370 286 284 323 285 326 325 327 372 
288 288 0.17822265625000000000 0.09521484375000000000 0 0 1 0 8 289 271 291 277 268 279 270 290 
289 289 0.18310546875000000000 0.09521484375000000000 0 0 1 0 8 292 473 293 288 270 290 271 291 
290 290 0.17822265625000000000 0.09033203125000000000 0 0 1 0 8 291 289 296 279 277 285 288 295 
291 291 0.18310546875000000000 0.09033203125000000000 0 0 1 0 8 293 292 299 290 288 295 289 296 
292 292 0.18798828125000000000 0.09521484375000000000 0 0 1 0 8 475 474 294 289 271 291 473 293 
293 293 0.18798828125000000000 0.09033203125000000000 0 0 1 0 8 294 475 300 291 289 296 292 299 
294 294 0.19287109375000000000 0.09033203125000000000 0 0 1 0 8 303 476 304 293 292 299 475 300 
295 295 0.17822265625000000000 0.08544921875000000000 0 0 1 0 8 296 291 298 285 279 287 290 297 
296 296 0.18310546875000000000 0.08544921875000000000 0 0 1 0 8 299 293 301 295 290 297 291 298 
297 297 0.17822265625000000000 0.08056640625000000000 0 0 1 0 11 298 296 374 287 285 327 295 370 329 371 376 
298 298 0.18310546875000000000 0.08056640625000000000 0 0 1 0 11 301 299 386 297 295 371 296 374 373 375 388 
299 299 0.18798828125000000000 0.08544921875000000000 0 0 1 0 8 300 294 302 296 291 298 293 301 
300 300 0.19287109375000000000 0.08544921875000000000 0 0 1 0 8 304 303 305 299 293 301 294 302 
301 301 0.18798828125000000000 0.08056640625000000000 0 0 1 0 11 302 300 390 298 296 375 299 386 377 387 392 
302 302 0.19287109375000000000 0.08056640625000000000 0 0 1 0 10 305 304 437 301 299 387 300 390 389 391 
303 303 0.19775390625000000000 0.09033203125000000000 0 0 1 0 8 478 477 479 294 475 300 476 304 
304 304 0.19775390625000000000 0.08544921875000000000 0 0 1 0 8 479 478 480 300 294 302 303 305 
305 305 0.19775390625000000000 0.08056640625000000000 0 0 1 0 9 480 479 481 302 300 391 304 437 393 
306 306 0.15747070312500000000 0.07690429687500000000 0 0 1 0 8 307 282 309 134 43 136 283 308 
307 307 0.15991210937500000000 0.07690429687500000000 0 0 1 0 8 310 283 312 306 282 308 43 309 
308 308 0.15747070312500000000 0.07446289062500000000 0 0 1 0 8 309 307 315 136 134 142 306 314 
309 309 0.15991210937500000000 0.07446289062500000000 0 0 1 0 8 312 310 318 308 306 314 307 315 
310 310 0.16235351562500000000 0.07690429687500000000 0 0 1 0 8 311 283 313 307 282 309 286 312 
311 311 0.16479492187500000000 0.07690429687500000000 0 0 1 0 8 322 286 324 310 283 312 282 313 
312 312 0.16235351562500000000 0.07446289062500000000 0 0 1 0 8 313 311 319 309 307 315 310 318 
313 313 0.16479492187500000000 0.07446289062500000000 0 0 1 0 8 324 322 330 312 310 318 311 319 
314 314 0.15747070312500000000 0.07202148437500000000 0 0 1 0 8 315 309 317 142 136 144 308 316 
315 315 0.15991210937500000000 0.07202148437500000000 0 0 1 0 8 318 312 320 314 308 316 309 317 
316 316 0.15747070312500000000 0.06958007812500000000 0 0 1 0 8 317 315 339 144 142 166 314 338 
317 317 0.15991210937500000000 0.06958007812500000000 0 0 1 0 8 320 318 342 316 314 338 315 339 
318 318 0.16235351562500000000 0.07202148437500000000 0 0 1 0 8 319 313 321 315 309 317 312 320 
319 319 0.16479492187500000000 0.07202148437500000000 0 0 1 0 8 330 324 332 318 312 320 313 321 
320 320 0.16235351562500000000 0.06958007812500000000 0 0 1 0 8 321 319 343 317 315 339 318 342 
321 321 0.16479492187500000000 0.06958007812500000000 0 0 1 0 8 332 330 354 320 318 342 319 343 
322 322 0.16723632812500000000 0.07690429687500000000 0 0 1 0 8 323 286 325 311 283 313 287 324 
323 323 0.16967773437500000000 0.07690429687500000000 0 0 1 0 8 326 287 328 322 286 324 283 325 
324 324 0.16723632812500000000 0.07446289062500000000 0 0 1 0 8 325 323 331 313 311 319 322 330 
325 325 0.16967773437500000000 0.07446289062500000000 0 0 1 0 8 328 326 334 324 322 330 323 331 
326 326 0.17211914062500000000 0.07690429687500000000 0 0 1 0 8 327 287 329 323 286 325 297 328 
327 327 0.17456054687500000000 0.07690429687500000000 0 0 1 0 8 370 297 372 326 287 328 286 329 
328 328 0.17211914062500000000 0.07446289062500000000 0 0 1 0 8 329 327 335 325 323 331 326 334 
329 329 0.17456054687500000000 0.07446289062500000000 0 0 1 0 8 372 370 378 328 326 334 327 335 
330 330 0.16723632812500000000 0.07202148437500000000 0 0 1 0 8 331 325 333 319 313 321 324 332 
331 331 0.16967773437500000000 0.07202148437500000000 0 0 1 0 8 334 328 336 330 324 332 325 333 
332 332 0.16723632812500000000 0.06958007812500000000 0 0 1 0 8 333 331 355 321 319 343 330 354 
333 333 0.16967773437500000000 0.06958007812500000000 0 0 1 0 8 336 334 358 332 330 354 331 355 
334 334 0.17211914062500000000 0.07202148437500000000 0 0 1 0 8 335 329 337 331 325 333 328 336 
335 335 0.17456054687500000000 0.07202148437500000000 0 0 1 0 8 378 372 380 334 328 336 329 337 
336 336 0.17211914062500000000 0.06958007812500000000 0 0 1 0 8 337 335 359 333 331 355 334 358 
337 337 0.17456054687500000000 0.06958007812500000000 0 0 1 0 8 380 378 402 336 334 358 335 359 
338 338 0.15747070312500000000 0.06713867187500000000 0 0 1 0 8 339 317 341 166 144 168 316 340 
339 339 0.15991210937500000000 0.06713867187500000000 0 0 1 0 8 342 320 344 338 316 340 317 341 
340 340 0.15747070312500000000 0.06469726562500000000 0 0 1 0 8 341 339 347 168 166 174 338 346 
341 341 0.15991210937500000000 0.06469726562500000000 0 0 1 0 8 344 342 350 340 338 346 339 347 
342 342 0.16235351562500000000 0.06713867187500000000 0 0 1 0 8 343 321 345 339 317 341 320 344 
343 343 0.16479492187500000000 0.06713867187500000000 0 0 1 0 8 354 332 356 342 320 344 321 345 
344 344 0.16235351562500000000 0.06469726562500000000 0 0 1 0 8 345 343 351 341 339 347 342 350 
345 345 0.16479492187500000000 0.06469726562500000000 0 0 1 0 8 356 354 362 344 342 350 343 351 
346 346 0.15747070312500000000 0.06225585937500000000 0 0 1 0 8 347 341 349 174 168 176 340 348 
347 347 0.15991210937500000000 0.06225585937500000000 0 0 1 0 8 350 344 352 346 340 348 341 349 
348 348 0.15747070312500000000 0.05981445312500000000 0 0 1 0 9 349 347 435 176 174 253 346 434 255 
349 349 0.15991210937500000000 0.05981445312500000000 0 0 1 0 8 352 350 15 348 346 434 347 435 
350 350 0.16235351562500000000 0.06225585937500000000 0 0 1 0 8 351 345 353 347 341 349 344 352 
351 351 0.16479492187500000000 0.06225585937500000000 0 0 1 0 8 362 356 364 350 344 352 345 353 
352 352 0.16235351562500000000 0.05981445312500000000 0 0 1 0 8 353 351 15 349 347 435 350 16 
353 353 0.16479492187500000000 0.05981445312500000000 0 0 1 0 7 364 362 16 352 350 15 351 
354 354 0.16723632812500000000 0.06713867187500000000 0 0 1 0 8 355 333 357 343 321 345 332 356 
355 355 0.16967773437500000000 0.06713867187500000000 0 0 1 0 8 358 336 360 354 332 356 333 357 
356 356 0.16723632812500000000 0.06469726562500000000 0 0 1 0 8 357 355 363 345 343 351 354 362 
357 357 0.16967773437500000000 0.06469726562500000000 0 0 1 0 8 360 358 366 356 354 362 355 363 
358 358 0.17211914062500000000 0.06713867187500000000 0 0 1 0 8 359 337 361 355 333 357 336 360 
359 359 0.17456054687500000000 0.06713867187500000000 0 0 1 0 8 402 380 404 358 336 360 337 361 
360 360 0.17211914062500000000 0.06469726562500000000 0 0 1 0 8 361 359 367 357 355 363 358 366 
361 361 0.17456054687500000000 0.06469726562500000000 0 0 1 0 8 404 402 410 360 358 366 359 367 
362 362 0.16723632812500000000 0.06225585937500000000 0 0 1 0 8 363 357 365 351 345 353 356 364 
363 363 0.16967773437500000000 0.06225585937500000000 0 0 1 0 8 366 360 368 362 356 364 357 365 
364 364 0.16723632812500000000 0.05981445312500000000 0 0 1 0 8 365 363 16 353 351 15 362 17 
365 365 0.16967773437500000000 0.05981445312500000000 0 0 1 0 8 368 366 17 364 362 16 363 15 
366 366 0.17211914062500000000 0.06225585937500000000 0 0 1 0 8 367 361 369 363 357 365 360 368 
367 367 0.17456054687500000000 0.06225585937500000000 0 0 1 0 8 410 404 412 366 360 368 361 369 
368 368 0.17211914062500000000 0.05981445312500000000 0 0 1 0 8 369 367 17 365 363 16 366 18 
369 369 0.17456054687500000000 0.05981445312500000000 0 0 1 0 8 412 410 18 368 366 17 367 16 
370 370 0.17700195312500000000 0.07690429687500000000 0 0 1 0 8 371 297 373 327 287 329 298 372 
371 371 0.17944335937500000000 0.07690429687500000000 0 0 1 0 8 374 298 376 370 297 372 287 373 
372 372 0.17700195312500000000 0.07446289062500000000 0 0 1 0 8 373 371 379 329 327 335 370 378 
373 373 0.17944335937500000000 0.07446289062500000000 0 0 1 0 8 376 374 382 372 370 378 371 379 
374 374 0.18188476562500000000 0.07690429687500000000 0 0 1 0 8 375 298 377 371 297 373 301 376 
375 375 0.18432617187500000000 0.07690429687500000000 0 0 1 0 8 386 301 388 374 298 376 297 377 
376 376 0.18188476562500000000 0.07446289062500000000 0 0 1 0 8 377 375 383 373 371 379 374 382 
377 377 0.18432617187500000000 0.07446289062500000000 0 0 1 0 8 388 386 394 376 374 382 375 383 
378 378 0.17700195312500000000 0.07202148437500000000 0 0 1 0 8 379 373 381 335 329 337 372 380 
379 379 0.17944335937500000000 0.07202148437500000000 0 0 1 0 8 382 376 384 378 372 380 373 381 
380 380 0.17700195312500000000 0.06958007812500000000 0 0 1 0 8 381 379 403 337 335 359 378 402 
381 381 0.17944335937500000000 0.06958007812500000000 0 0 1 0 8 384 382 406 380 378 402 379 403 
382 382 0.18188476562500000000 0.07202148437500000000 0 0 1 0 8 383 377 385 379 373 381 376 384 
383 383 0.18432617187500000000 0.07202148437500000000 0 0 1 0 8 394 388 396 382 376 384 377 385 
384 384 0.18188476562500000000 0.06958007812500000000 0 0 1 0 8 385 383 407 381 379 403 382 406 
385 385 0.18432617187500000000 0.06958007812500000000 0 0 1 0 8 396 394 418 384 382 406 383 407 
386 386 0.18676757812500000000 0.07690429687500000000 0 0 1 0 8 387 301 389 375 298 377 302 388 
387 387 0.18920898437500000000 0.07690429687500000000 0 0 1 0 8 390 302 392 386 301 388 298 389 
388 388 0.18676757812500000000 0.07446289062500000000 0 0 1 0 8 389 387 395 377 375 383 386 394 
389 389 0.18920898437500000000 0.07446289062500000000 0 0 1 0 8 392 390 398 388 386 394 387 395 
390 390 0.19165039062500000000 0.07690429687500000000 0 0 1 0 8 391 302 393 387 301 389 305 392 
391 391 0.19409179687500000000 0.07690429687500000000 0 0 1 0 8 437 305 438 390 302 392 301 393 
392 392 0.19165039062500000000 0.07446289062500000000 0 0 1 0 8 393 391 399 389 387 395 390 398 
393 393 0.19409179687500000000 0.07446289062500000000 0 0 1 0 8 437 305 438 392 390 398 391 399 
394 394 0.18676757812500000000 0.07202148437500000000 0 0 1 0 8 395 389 397 383 377 385 388 396 
395 395 0.18920898437500000000 0.07202148437500000000 0 0 1 0 8 398 392 400 394 388 396 389 397 
396 396 0.18676757812500000000 0.06958007812500000000 0 0 1 0 8 397 395 419 385 383 407 394 418 
397 397 0.18920898437500000000 0.06958007812500000000 0 0 1 0 8 400 398 422 396 394 418 395 419 
398 398 0.19165039062500000000 0.07202148437500000000 0 0 1 0 8 399 393 401 395 389 397 392 400 
399 399 0.19409179687500000000 0.07202148437500000000 0 0 1 0 8 438 437 439 398 392 400 393 401 
400 400 0.19165039062500000000 0.06958007812500000000 0 0 1 0 8 401 399 423 397 395 419 398 422 
401 401 0.19409179687500000000 0.06958007812500000000 0 0 1 0 8 438 437 439 400 398 422 399 423 
402 402 0.17700195312500000000 0.06713867187500000000 0 0 1 0 8 403 381 405 359 337 361 380 404 
403 403 0.17944335937500000000 0.06713867187500000000 0 0 1 0 8 406 384 408 402 380 404 381 405 
404 404 0.17700195312500000000 0.06469726562500000000 0 0 1 0 8 405 403 411 361 359 367 402 410 
405 405 0.17944335937500000000 0.06469726562500000000 0 0 1 0 8 408 406 414 404 402 410 403 411 
406 406 0.18188476562500000000 0.06713867187500000000 0 0 1 0 8 407 385 409 403 381 405 384 408 
407 407 0.18432617187500000000 0.06713867187500000000 0 0 1 0 8 418 396 420 406 384 408 385 409 
408 408 0.18188476562500000000 0.06469726562500000000 0 0 1 0 8 409 407 415 405 403 411 406 414 
409 409 0.18432617187500000000 0.06469726562500000000 0 0 1 0 8 420 418 426 408 406 414 407 415 
410 410 0.17700195312500000000 0.06225585937500000000 0 0 1 0 8 411 405 413 367 361 369 404 412 
411 411 0.17944335937500000000 0.06225585937500000000 0 0 1 0 8 414 408 416 410 404 412 405 413 
412 412 0.17700195312500000000 0.05981445312500000000 0 0 1 0 8 413 411 18 369 367 17 410 19 
413 413 0.17944335937500000000 0.05981445312500000000 0 0 1 0 8 416 414 19 412 410 18 411 17 
414 414 0.18188476562500000000 0.06225585937500000000 0 0 1 0 8 415 409 417 411 405 413 408 416 
415 415 0.18432617187500000000 0.06225585937500000000 0 0 1 0 8 426 420 428 414 408 416 409 417 
416 416 0.18188476562500000000 0.05981445312500000000 0 0 1 0 7 417 415 19 413 411 18 414 
417 417 0.18432617187500000000 0.05981445312500000000 0 0 1 0 7 428 426 416 414 19 415 18 
418 418 0.18676757812500000000 0.06713867187500000000 0 0 1 0 8 419 397 421 407 385 409 396 420 
419 419 0.18920898437500000000 0.06713867187500000000 0 0 1 0 8 422 400 424 418 396 420 397 421 
420 420 0.18676757812500000000 0.06469726562500000000 0 0 1 0 8 421 419 427 409 407 415 418 426 
421 421 0.18920898437500000000 0.06469726562500000000 0 0 1 0 8 424 422 430 420 418 426 419 427 
422 422 0.19165039062500000000 0.06713867187500000000 0 0 1 0 8 423 401 425 419 397 421 400 424 
423 423 0.19409179687500000000 0.06713867187500000000 0 0 1 0 8 439 438 440 422 400 424 401 425 
424 424 0.19165039062500000000 0.06469726562500000000 0 0 1 0 8 425 423 431 421 419 427 422 430 
425 425 0.19409179687500000000 0.06469726562500000000 0 0 1 0 8 439 438 440 424 422 430 423 431 
426 426 0.18676757812500000000 0.06225585937500000000 0 0 1 0 8 427 421 429 415 409 417 420 428 
427 427 0.18920898437500000000 0.06225585937500000000 0 0 1 0 8 430 424 432 426 420 428 421 429 
428 428 0.18676757812500000000 0.05981445312500000000 0 0 1 0 7 429 427 417 415 19 426 20 
429 429 0.18920898437500000000 0.05981445312500000000 0 0 1 0 7 432 430 20 428 426 427 19 
430 430 0.19165039062500000000 0.06225585937500000000 0 0 1 0 8 431 425 433 427 421 429 424 432 
431 431 0.19409179687500000000 0.06225585937500000000 0 0 1 0 7 440 439 430 424 432 425 433 
432 432 0.19165039062500000000 0.05981445312500000000 0 0 1 0 6 433 431 20 429 427 430 
433 433 0.19409179687500000000 0.05981445312500000000 0 0 1 0 6 440 439 432 430 20 431 
434 434 0.15747070312500000000 0.05737304687500000000 0 0 1 0 10 435 349 14 253 176 255 261 348 436 263 
435 435 0.15991210937500000000 0.05737304687500000000 0 0 1 0 7 15 434 348 436 349 352 14 
436 436 0.15747070312500000000 0.05493164062500000000 0 0 1 0 7 14 435 261 255 263 13 434 
437 437 0.19775390625000000000 0.07568359375000000000 0 0 1 0 10 481 480 482 391 302 393 399 305 438 401 
438 438 0.19775390625000000000 0.07080078125000000000 0 0 1 0 10 482 481 483 399 393 401 423 437 439 425 
439 439 0.19775390625000000000 0.06591796875000000000 0 0 1 0 10 483 482 484 423 401 425 431 438 440 433 
440 440 0.19775390625000000000 0.06103515625000000000 0 0 1 0 8 484 483 21 431 425 433 20 439 
