441 455 0.10973890999999999507 0.04811138499999999957 
442 1317 0.20888546999999998977 0.05744070500000000162 
443 558 0.11474609375000000000 0.08544921875000000000 
444 559 0.10986328125000000000 0.08056640625000000000 
445 560 0.11474609375000000000 0.08056640625000000000 
446 586 0.14404296875000000000 0.10498046875000000000 
447 587 0.13916015625000000000 0.10009765625000000000 
448 588 0.14404296875000000000 0.10009765625000000000 
449 589 0.14892578125000000000 0.10498046875000000000 
450 590 0.15380859375000000000 0.10498046875000000000 
451 596 0.13427734375000000000 0.09521484375000000000 
452 597 0.12939453125000000000 0.09033203125000000000 
453 598 0.13427734375000000000 0.09033203125000000000 
454 599 0.11962890625000000000 0.08544921875000000000 
455 600 0.12451171875000000000 0.08544921875000000000 
456 601 0.12939453125000000000 0.08544921875000000000 
457 602 0.13916015625000000000 0.09521484375000000000 
458 790 0.10986328125000000000 0.07568359375000000000 
459 791 0.10986328125000000000 0.07080078125000000000 
460 796 0.10986328125000000000 0.06591796875000000000 
461 797 0.10986328125000000000 0.06103515625000000000 
462 865 0.10986328125000000000 0.05615234375000000000 
463 866 0.10986328125000000000 0.05126953125000000000 
464 881 0.16845703125000000000 0.10986328125000000000 
465 882 0.17333984375000000000 0.10986328125000000000 
466 883 0.15869140625000000000 0.10498046875000000000 
467 884 0.16357421875000000000 0.10498046875000000000 
468 885 0.16845703125000000000 0.10498046875000000000 
469 1806 0.17822265625000000000 0.10986328125000000000 
470 1807 0.18310546875000000000 0.10986328125000000000 
471 1812 0.18310546875000000000 0.10498046875000000000 
472 1813 0.18798828125000000000 0.10498046875000000000 
473 1815 0.18798828125000000000 0.10009765625000000000 
474 1816 0.19287109375000000000 0.10009765625000000000 
475 1817 0.19287109375000000000 0.09521484375000000000 
476 1832 0.19775390625000000000 0.09521484375000000000 
477 1356 0.20263671875000000000 0.09521484375000000000 
478 1357 0.20263671875000000000 0.09033203125000000000 
479 1362 0.20263671875000000000 0.08544921875000000000 
480 1363 0.20263671875000000000 0.08056640625000000000 
481 1480 0.20263671875000000000 0.07568359375000000000 
482 1481 0.20263671875000000000 0.07080078125000000000 
483 1486 0.20263671875000000000 0.06591796875000000000 
484 1487 0.20263671875000000000 0.06103515625000000000 
485 1490 0.20751953125000000000 0.06103515625000000000 
