424 8721 0.02585111299999999848 -0.02642119700000000043 
425 11298 0.00193835759999999992 -0.00766080530000000023 
426 11615 -0.00030517578125000000 -0.00823974609375000000 
427 11619 -0.00152587890625000000 -0.00946044921875000000 
428 11621 -0.00030517578125000000 -0.00885009765625000000 
429 11622 -0.00091552734375000000 -0.00946044921875000000 
430 11623 -0.00030517578125000000 -0.00946044921875000000 
431 11660 -0.00183105468750000000 -0.01037597656250000000 
432 11661 -0.00183105468750000000 -0.01159667968750000000 
433 11663 -0.00305175781250000000 -0.01281738281250000000 
434 11664 -0.00427246093750000000 -0.01403808593750000000 
435 11665 -0.00305175781250000000 -0.01403808593750000000 
436 11666 -0.00183105468750000000 -0.01281738281250000000 
437 11672 -0.00549316406250000000 -0.01525878906250000000 
438 11673 -0.00671386718750000000 -0.01647949218750000000 
439 11674 -0.00549316406250000000 -0.01647949218750000000 
440 11676 -0.00793457031250000000 -0.01770019531250000000 
441 11678 -0.00793457031250000000 -0.01892089843750000000 
442 11679 -0.00671386718750000000 -0.01770019531250000000 
443 11680 -0.00427246093750000000 -0.01525878906250000000 
444 11702 -0.00793457031250000000 -0.02014160156250000000 
445 11704 -0.00793457031250000000 -0.02136230468750000000 
446 11706 -0.00793457031250000000 -0.02258300781250000000 
447 11708 -0.00793457031250000000 -0.02380371093750000000 
448 11710 -0.00793457031250000000 -0.02502441406250000000 
449 11712 -0.00793457031250000000 -0.02624511718750000000 
450 11714 -0.00793457031250000000 -0.02746582031250000000 
451 11716 -0.00793457031250000000 -0.02868652343750000000 
452 9184 -0.00854492187500000000 -0.03051757812500000000 
453 9185 -0.00610351562500000000 -0.03051757812500000000 
454 9187 -0.00610351562500000000 -0.03295898437500000000 
455 9188 -0.00366210937500000000 -0.03295898437500000000 
456 9189 -0.00122070312500000000 -0.03295898437500000000 
457 9195 -0.00122070312500000000 -0.03540039062500000000 
458 11718 0.00061035156250000000 -0.00793457031250000000 
459 9348 0.00122070312500000000 -0.03540039062500000000 
460 9349 0.00366210937500000000 -0.03540039062500000000 
461 9352 0.00610351562500000000 -0.03540039062500000000 
462 9353 0.00854492187500000000 -0.03540039062500000000 
463 8722 0.01831054687500000000 -0.03051757812500000000 
464 8723 0.01586914062500000000 -0.03295898437500000000 
465 8724 0.01831054687500000000 -0.03295898437500000000 
466 9356 0.01098632812500000000 -0.03540039062500000000 
467 9357 0.01342773437500000000 -0.03540039062500000000 
468 8725 0.01586914062500000000 -0.03540039062500000000 
469 8728 0.02258300781250000000 -0.02624511718750000000 
470 8729 0.02380371093750000000 -0.02624511718750000000 
471 8730 0.02136230468750000000 -0.02746582031250000000 
472 8731 0.02014160156250000000 -0.02868652343750000000 
473 8732 0.02136230468750000000 -0.02868652343750000000 
474 8733 0.02258300781250000000 -0.02746582031250000000 
475 8756 0.02014160156250000000 -0.02990722656250000000 
