426 9605 0.25000000000000000000 -0.05894098899999999919 
427 10455 0.14214794000000000040 -0.05229143399999999775 
428 10536 0.14282226562500000000 -0.05493164062500000000 
429 10537 0.14282226562500000000 -0.05737304687500000000 
430 10606 0.14282226562500000000 -0.05981445312500000000 
431 10607 0.14526367187500000000 -0.05981445312500000000 
432 10609 0.14526367187500000000 -0.06225585937500000000 
433 10615 0.14526367187500000000 -0.06469726562500000000 
434 10617 0.14526367187500000000 -0.06713867187500000000 
435 10618 0.14770507812500000000 -0.06713867187500000000 
436 10635 0.14770507812500000000 -0.06958007812500000000 
437 10636 0.15014648437500000000 -0.06958007812500000000 
438 10638 0.15014648437500000000 -0.07202148437500000000 
439 10639 0.15258789062500000000 -0.07202148437500000000 
440 10644 0.15258789062500000000 -0.07446289062500000000 
441 10645 0.15258789062500000000 -0.07690429687500000000 
442 10646 0.15502929687500000000 -0.07690429687500000000 
443 10736 0.15380859375000000000 -0.08056640625000000000 
444 9606 0.24658203125000000000 -0.06103515625000000000 
445 9607 0.24658203125000000000 -0.06591796875000000000 
446 9609 0.24536132812500000000 -0.06958007812500000000 
447 9611 0.24536132812500000000 -0.07202148437500000000 
448 9617 0.24536132812500000000 -0.07446289062500000000 
449 9619 0.24536132812500000000 -0.07690429687500000000 
450 10811 0.15869140625000000000 -0.08056640625000000000 
451 10812 0.15869140625000000000 -0.08544921875000000000 
452 10813 0.16357421875000000000 -0.08544921875000000000 
453 10815 0.16357421875000000000 -0.09033203125000000000 
454 10817 0.16357421875000000000 -0.09521484375000000000 
455 10819 0.16357421875000000000 -0.10009765625000000000 
456 10822 0.16845703125000000000 -0.10009765625000000000 
457 10823 0.16845703125000000000 -0.10498046875000000000 
458 10824 0.17333984375000000000 -0.10498046875000000000 
459 10830 0.17333984375000000000 -0.10986328125000000000 
460 10833 0.17822265625000000000 -0.10986328125000000000 
461 10834 0.17822265625000000000 -0.11474609375000000000 
462 10835 0.18310546875000000000 -0.11474609375000000000 
463 10840 0.18066406250000000000 -0.12207031250000000000 
464 10841 0.19042968750000000000 -0.12207031250000000000 
465 10843 0.19042968750000000000 -0.13183593750000000000 
466 10852 0.20019531250000000000 -0.13183593750000000000 
467 10853 0.20996093750000000000 -0.13183593750000000000 
468 10854 0.21972656250000000000 -0.13183593750000000000 
469 10855 0.22949218750000000000 -0.13183593750000000000 
470 9786 0.24658203125000000000 -0.08056640625000000000 
471 9788 0.24658203125000000000 -0.08544921875000000000 
472 9790 0.24658203125000000000 -0.09033203125000000000 
473 9792 0.24658203125000000000 -0.09521484375000000000 
474 9810 0.24658203125000000000 -0.10009765625000000000 
475 9812 0.24658203125000000000 -0.10498046875000000000 
476 9814 0.24658203125000000000 -0.10986328125000000000 
477 9816 0.24658203125000000000 -0.11474609375000000000 
478 9898 0.24902343750000000000 -0.12207031250000000000 
479 10864 0.23925781250000000000 -0.13183593750000000000 
480 9899 0.24902343750000000000 -0.13183593750000000000 
