446 12151 0.04771156299999999850 0.03466551200000000249 
447 1 0.11593133999999999384 0.04901951200000000120 
448 947 0.08789062500000000000 0.18554687500000000000 
449 948 0.10742187500000000000 0.18554687500000000000 
450 12897 0.08789062500000000000 0.16601562500000000000 
451 949 0.12695312500000000000 0.18554687500000000000 
452 950 0.14648437500000000000 0.18554687500000000000 
453 991 0.16601562500000000000 0.18554687500000000000 
454 992 0.18554687500000000000 0.18554687500000000000 
455 1774 0.18554687500000000000 0.16601562500000000000 
456 12921 0.07324218750000000000 0.14160156250000000000 
457 12926 0.06347656250000000000 0.13183593750000000000 
458 12927 0.07324218750000000000 0.13183593750000000000 
459 12928 0.06347656250000000000 0.12207031250000000000 
460 12944 0.03417968750000000000 0.08300781250000000000 
461 12948 0.05371093750000000000 0.10253906250000000000 
462 12949 0.06347656250000000000 0.11230468750000000000 
463 12950 0.06347656250000000000 0.10253906250000000000 
464 12951 0.04394531250000000000 0.09277343750000000000 
465 12952 0.05371093750000000000 0.09277343750000000000 
466 12953 0.04394531250000000000 0.08300781250000000000 
467 12954 0.08300781250000000000 0.15136718750000000000 
468 12955 0.09277343750000000000 0.15136718750000000000 
469 12956 0.08300781250000000000 0.14160156250000000000 
470 22 0.14892578125000000000 0.10009765625000000000 
471 23 0.15380859375000000000 0.10009765625000000000 
472 24 0.11962890625000000000 0.08056640625000000000 
473 25 0.12451171875000000000 0.08056640625000000000 
474 26 0.13427734375000000000 0.08544921875000000000 
475 27 0.12939453125000000000 0.08056640625000000000 
476 28 0.13427734375000000000 0.08056640625000000000 
477 29 0.14404296875000000000 0.09521484375000000000 
478 30 0.13916015625000000000 0.09033203125000000000 
479 31 0.14404296875000000000 0.09033203125000000000 
480 32 0.14892578125000000000 0.09521484375000000000 
481 36 0.13916015625000000000 0.08544921875000000000 
482 12974 0.03662109375000000000 0.07568359375000000000 
483 12975 0.03173828125000000000 0.07080078125000000000 
484 12976 0.03662109375000000000 0.07080078125000000000 
485 12979 0.03173828125000000000 0.06591796875000000000 
486 12161 0.03173828125000000000 0.06103515625000000000 
487 12243 0.03295898437500000000 0.05737304687500000000 
488 12245 0.03295898437500000000 0.05493164062500000000 
489 12246 0.03540039062500000000 0.05737304687500000000 
490 12247 0.03540039062500000000 0.05493164062500000000 
491 12248 0.03784179687500000000 0.05493164062500000000 
492 12254 0.03784179687500000000 0.05249023437500000000 
493 12980 0.04150390625000000000 0.07568359375000000000 
494 12289 0.04028320312500000000 0.05249023437500000000 
495 12290 0.04028320312500000000 0.05004882812500000000 
496 12291 0.04272460937500000000 0.05004882812500000000 
497 12293 0.04272460937500000000 0.04760742187500000000 
498 12295 0.04272460937500000000 0.04516601562500000000 
499 12297 0.04272460937500000000 0.04272460937500000000 
500 12299 0.04272460937500000000 0.04028320312500000000 
501 12300 0.04516601562500000000 0.04028320312500000000 
502 12579 0.04516601562500000000 0.03784179687500000000 
503 12580 0.04760742187500000000 0.03784179687500000000 
504 44 0.11474609375000000000 0.07568359375000000000 
505 45 0.11474609375000000000 0.07080078125000000000 
506 46 0.11474609375000000000 0.06591796875000000000 
507 47 0.11474609375000000000 0.06103515625000000000 
508 48 0.11474609375000000000 0.05615234375000000000 
509 49 0.11840820312500000000 0.07690429687500000000 
510 51 0.11840820312500000000 0.07446289062500000000 
511 185 0.11840820312500000000 0.05249023437500000000 
512 1781 0.18066406250000000000 0.15136718750000000000 
513 1783 0.18066406250000000000 0.14160156250000000000 
514 1785 0.18066406250000000000 0.13183593750000000000 
515 1787 0.18066406250000000000 0.12207031250000000000 
516 264 0.15869140625000000000 0.10009765625000000000 
517 265 0.16357421875000000000 0.10009765625000000000 
518 266 0.17333984375000000000 0.10498046875000000000 
519 267 0.16845703125000000000 0.10009765625000000000 
520 268 0.17333984375000000000 0.10009765625000000000 
521 1804 0.17822265625000000000 0.11474609375000000000 
522 1806 0.17822265625000000000 0.10986328125000000000 
523 269 0.17822265625000000000 0.10498046875000000000 
