476 420 56
1 7409 1.00000000000000000000 -0.00000000000000038789 18 2 1 1 10 338 132 340 303 120 304 121 305 18 2 
2 7410 0.99990422000000001024 -0.00001358817900000000 1 3 0 1 6 301 302 303 304 1 3 
3 7411 0.99976056953746983424 -0.00003396483231584408 2 4 0 1 7 306 2 4 227 228 301 302 
4 7412 0.99961692000000001990 -0.00005433767600000000 3 5 0 1 7 3 5 226 227 228 230 231 
5 7413 0.99937755953565499123 -0.00008827588422910555 4 6 0 1 9 218 220 221 222 225 229 231 4 6 
6 7414 0.99913819999999997634 -0.00012220342000000001 5 7 0 1 6 217 207 208 219 5 7 
7 7415 0.99880322469637627947 -0.00016966683685513479 6 8 0 1 8 210 213 215 152 207 209 6 8 
8 7416 0.99846824999999994610 -0.00021711041999999999 7 9 0 1 6 211 151 152 209 7 9 
9 7417 0.99760733000000001436 -0.00033895399000000002 8 10 0 1 8 150 157 147 153 154 159 8 10 
10 7418 0.99708154577104946004 -0.00041330142853257068 9 11 0 1 8 9 11 143 146 147 149 153 155 
11 7419 0.99681865241428591062 -0.00045045687684009143 10 12 0 1 7 10 12 143 146 147 149 153 
12 7420 0.99655576000000001269 -0.00048760002000000001 11 421 0 1 7 146 444 142 143 148 11 421 
13 7421 0.99913819999999997634 0.00012220342000000001 422 14 0 1 7 40 422 14 28 29 62 64 
14 7422 0.99937755952247409041 0.00008827579131626523 13 15 0 1 6 65 68 69 70 13 15 
15 7423 0.99949723934446466078 0.00007130809952342607 14 16 0 1 7 65 69 70 71 56 14 16 
16 7424 0.99961692000000001990 0.00005433767600000000 15 17 0 1 8 65 70 71 110 116 15 60 17 
17 7425 0.99980846143502200007 0.00002717206726993260 16 18 0 1 7 71 111 116 117 120 16 18 
18 7426 0.99990423131661887446 0.00001358681342763451 17 1 0 1 6 117 118 120 116 17 1 
19 7427 0.99906921386718750000 0.00068664550781250000 0 0 1 0 9 20 427 30 426 424 24 425 25 32 
20 7428 0.99922180175781250000 0.00068664550781250000 0 0 1 0 10 21 428 34 19 425 25 427 30 31 36 
21 7429 0.99937438964843750000 0.00068664550781250000 0 0 1 0 11 22 429 46 20 427 31 428 34 33 35 48 
22 7430 0.99952697753906250000 0.00068664550781250000 0 0 1 0 11 23 430 50 21 428 35 429 46 37 47 52 
23 7431 0.99967956542968750000 0.00068664550781250000 0 0 1 0 11 72 433 76 22 429 47 430 50 49 51 78 
24 7432 0.99891662597656250000 0.00053405761718750000 0 0 1 0 8 25 19 27 431 423 432 426 26 
25 7433 0.99906921386718750000 0.00053405761718750000 0 0 1 0 10 30 20 32 38 24 426 26 19 27 40 
26 7434 0.99891662597656250000 0.00038146972656250000 0 0 1 0 8 27 25 29 432 431 422 24 28 
27 7435 0.99906921386718750000 0.00038146972656250000 0 0 1 0 10 38 32 40 62 26 24 28 25 29 64 
28 7436 0.99891662597656250000 0.00022888183593750000 0 0 1 0 6 432 26 422 13 27 29 
29 7437 0.99906921386718750000 0.00022888183593750000 0 0 1 0 7 62 40 64 28 26 27 13 
30 7438 0.99918365478515625000 0.00057220458984375000 0 0 1 0 8 31 20 33 25 19 27 21 32 
31 7439 0.99925994873046875000 0.00057220458984375000 0 0 1 0 8 34 21 36 30 20 32 19 33 
32 7440 0.99918365478515625000 0.00049591064453125000 0 0 1 0 8 33 31 39 25 19 27 30 38 
33 7441 0.99925994873046875000 0.00049591064453125000 0 0 1 0 8 36 34 42 32 30 38 31 39 
34 7442 0.99933624267578125000 0.00057220458984375000 0 0 1 0 8 35 21 37 31 20 33 22 36 
35 7443 0.99941253662109375000 0.00057220458984375000 0 0 1 0 8 46 22 48 34 21 36 20 37 
36 7444 0.99933624267578125000 0.00049591064453125000 0 0 1 0 8 37 35 43 33 31 39 34 42 
37 7445 0.99941253662109375000 0.00049591064453125000 0 0 1 0 8 48 46 54 36 34 42 35 43 
38 7446 0.99918365478515625000 0.00041961669921875000 0 0 1 0 8 39 33 41 27 25 29 32 40 
39 7447 0.99925994873046875000 0.00041961669921875000 0 0 1 0 8 42 36 44 38 32 40 33 41 
40 7448 0.99918365478515625000 0.00034332275390625000 0 0 1 0 8 41 39 63 27 25 29 38 62 
41 7449 0.99925994873046875000 0.00034332275390625000 0 0 1 0 8 44 42 66 40 38 62 39 63 
42 7450 0.99933624267578125000 0.00041961669921875000 0 0 1 0 8 43 37 45 39 33 41 36 44 
43 7451 0.99941253662109375000 0.00041961669921875000 0 0 1 0 8 54 48 56 42 36 44 37 45 
44 7452 0.99933624267578125000 0.00034332275390625000 0 0 1 0 8 45 43 67 41 39 63 42 66 
45 7453 0.99941253662109375000 0.00034332275390625000 0 0 1 0 8 56 54 70 44 42 66 43 67 
46 7454 0.99948883056640625000 0.00057220458984375000 0 0 1 0 8 47 22 49 35 21 37 23 48 
47 7455 0.99956512451171875000 0.00057220458984375000 0 0 1 0 8 50 23 52 46 22 48 21 49 
48 7456 0.99948883056640625000 0.00049591064453125000 0 0 1 0 8 49 47 55 37 35 43 46 54 
49 7457 0.99956512451171875000 0.00049591064453125000 0 0 1 0 8 52 50 58 48 46 54 47 55 
50 7458 0.99964141845703125000 0.00057220458984375000 0 0 1 0 8 51 23 53 47 22 49 72 52 
51 7459 0.99971771240234375000 0.00057220458984375000 0 0 1 0 8 76 72 78 50 23 52 22 53 
52 7460 0.99964141845703125000 0.00049591064453125000 0 0 1 0 8 53 51 59 49 47 55 50 58 
53 7461 0.99971771240234375000 0.00049591064453125000 0 0 1 0 8 78 76 84 52 50 58 51 59 
54 7462 0.99948883056640625000 0.00041961669921875000 0 0 1 0 8 55 49 57 43 37 45 48 56 
55 7463 0.99956512451171875000 0.00041961669921875000 0 0 1 0 8 58 52 60 54 48 56 49 57 
56 7464 0.99948883056640625000 0.00034332275390625000 0 0 1 0 8 57 55 70 45 43 67 54 71 
57 7465 0.99956512451171875000 0.00034332275390625000 0 0 1 0 7 60 58 71 56 54 70 55 
58 7466 0.99964141845703125000 0.00041961669921875000 0 0 1 0 8 59 53 61 55 49 57 52 60 
59 7467 0.99971771240234375000 0.00041961669921875000 0 0 1 0 8 84 78 86 58 52 60 53 61 
60 7468 0.99964141845703125000 0.00034332275390625000 0 0 1 0 7 61 59 71 57 55 70 58 
61 7469 0.99971771240234375000 0.00034332275390625000 0 0 1 0 8 86 84 108 60 58 71 59 70 
62 7470 0.99918365478515625000 0.00026702880859375000 0 0 1 0 8 63 41 65 29 27 13 40 64 
63 7471 0.99925994873046875000 0.00026702880859375000 0 0 1 0 8 66 44 68 62 40 64 41 65 
64 7472 0.99918365478515625000 0.00019073486328125000 0 0 1 0 7 65 63 29 27 13 62 14 
65 7473 0.99925994873046875000 0.00019073486328125000 0 0 1 0 7 68 66 14 64 62 63 13 
66 7474 0.99933624267578125000 0.00026702880859375000 0 0 1 0 8 67 45 69 63 41 65 44 68 
67 7475 0.99941253662109375000 0.00026702880859375000 0 0 1 0 8 70 15 66 44 68 45 56 69 
68 7476 0.99933624267578125000 0.00019073486328125000 0 0 1 0 7 69 67 14 65 63 66 15 
69 7477 0.99941253662109375000 0.00019073486328125000 0 0 1 0 6 70 15 68 66 14 67 
70 7478 0.99952697753906250000 0.00022888183593750000 0 0 1 0 10 71 60 16 67 45 69 14 57 56 15 
71 7479 0.99967956542968750000 0.00022888183593750000 0 0 1 0 11 108 86 110 116 70 57 15 61 60 16 17 
72 7480 0.99983215332031250000 0.00068664550781250000 0 0 1 0 11 73 434 80 23 430 51 433 76 53 77 82 
73 7481 0.99998474121093750000 0.00068664550781250000 0 0 1 0 11 74 435 92 72 433 77 434 80 79 81 94 
74 7482 1.00013732910156250000 0.00068664550781250000 0 0 1 0 11 75 436 96 73 434 81 435 92 83 93 98 
75 7483 1.00028991699218750000 0.00068664550781250000 0 0 1 0 10 438 437 138 74 435 93 436 96 95 97 
76 7484 0.99979400634765625000 0.00057220458984375000 0 0 1 0 8 77 72 79 51 23 53 73 78 
77 7485 0.99987030029296875000 0.00057220458984375000 0 0 1 0 8 80 73 82 76 72 78 23 79 
78 7486 0.99979400634765625000 0.00049591064453125000 0 0 1 0 8 79 77 85 53 51 59 76 84 
79 7487 0.99987030029296875000 0.00049591064453125000 0 0 1 0 8 82 80 88 78 76 84 77 85 
80 7488 0.99994659423828125000 0.00057220458984375000 0 0 1 0 8 81 73 83 77 72 79 74 82 
81 7489 1.00002288818359375000 0.00057220458984375000 0 0 1 0 8 92 74 94 80 73 82 72 83 
82 7490 0.99994659423828125000 0.00049591064453125000 0 0 1 0 8 83 81 89 79 77 85 80 88 
83 7491 1.00002288818359375000 0.00049591064453125000 0 0 1 0 8 94 92 100 82 80 88 81 89 
84 7492 0.99979400634765625000 0.00041961669921875000 0 0 1 0 8 85 79 87 59 53 61 78 86 
85 7493 0.99987030029296875000 0.00041961669921875000 0 0 1 0 8 88 82 90 84 78 86 79 87 
86 7494 0.99979400634765625000 0.00034332275390625000 0 0 1 0 8 87 85 109 61 59 71 84 108 
87 7495 0.99987030029296875000 0.00034332275390625000 0 0 1 0 8 90 88 112 86 84 108 85 109 
88 7496 0.99994659423828125000 0.00041961669921875000 0 0 1 0 8 89 83 91 85 79 87 82 90 
89 7497 1.00002288818359375000 0.00041961669921875000 0 0 1 0 8 100 94 102 88 82 90 83 91 
90 7498 0.99994659423828125000 0.00034332275390625000 0 0 1 0 8 91 89 113 87 85 109 88 112 
91 7499 1.00002288818359375000 0.00034332275390625000 0 0 1 0 8 102 100 122 90 88 112 89 113 
92 7500 1.00009918212890625000 0.00057220458984375000 0 0 1 0 8 93 74 95 81 73 83 75 94 
93 7501 1.00017547607421875000 0.00057220458984375000 0 0 1 0 8 96 75 98 92 74 94 73 95 
94 7502 1.00009918212890625000 0.00049591064453125000 0 0 1 0 8 95 93 101 83 81 89 92 100 
95 7503 1.00017547607421875000 0.00049591064453125000 0 0 1 0 8 98 96 104 94 92 100 93 101 
96 7504 1.00025177001953125000 0.00057220458984375000 0 0 1 0 8 97 75 99 93 74 95 438 98 
97 7505 1.00032806396484375000 0.00057220458984375000 0 0 1 0 8 138 438 139 96 75 98 74 99 
98 7506 1.00025177001953125000 0.00049591064453125000 0 0 1 0 8 99 97 105 95 93 101 96 104 
99 7507 1.00032806396484375000 0.00049591064453125000 0 0 1 0 8 138 438 139 98 96 104 97 105 
100 7508 1.00009918212890625000 0.00041961669921875000 0 0 1 0 8 101 95 103 89 83 91 94 102 
101 7509 1.00017547607421875000 0.00041961669921875000 0 0 1 0 8 104 98 106 100 94 102 95 103 
102 7510 1.00009918212890625000 0.00034332275390625000 0 0 1 0 8 103 101 123 91 89 113 100 122 
103 7511 1.00017547607421875000 0.00034332275390625000 0 0 1 0 8 106 104 126 102 100 122 101 123 
104 7512 1.00025177001953125000 0.00041961669921875000 0 0 1 0 8 105 99 107 101 95 103 98 106 
105 7513 1.00032806396484375000 0.00041961669921875000 0 0 1 0 8 139 138 140 104 98 106 99 107 
106 7514 1.00025177001953125000 0.00034332275390625000 0 0 1 0 8 107 105 127 103 101 123 104 126 
107 7515 1.00032806396484375000 0.00034332275390625000 0 0 1 0 8 139 138 140 106 104 126 105 127 
108 7516 0.99979400634765625000 0.00026702880859375000 0 0 1 0 8 109 87 111 71 16 86 61 110 
109 7517 0.99987030029296875000 0.00026702880859375000 0 0 1 0 8 112 90 114 108 86 110 87 111 
110 7518 0.99979400634765625000 0.00019073486328125000 0 0 1 0 7 111 109 117 71 16 108 116 
111 7519 0.99987030029296875000 0.00019073486328125000 0 0 1 0 8 114 112 118 110 108 116 109 117 
112 7520 0.99994659423828125000 0.00026702880859375000 0 0 1 0 8 113 91 115 109 87 111 90 114 
113 7521 1.00002288818359375000 0.00026702880859375000 0 0 1 0 8 122 102 124 112 90 114 91 115 
114 7522 0.99994659423828125000 0.00019073486328125000 0 0 1 0 8 115 113 119 111 109 117 112 118 
115 7523 1.00002288818359375000 0.00019073486328125000 0 0 1 0 8 124 122 130 114 112 118 113 119 
116 7524 0.99979400634765625000 0.00011444091796875000 0 0 1 0 7 117 111 18 16 71 110 17 
117 7525 0.99987030029296875000 0.00011444091796875000 0 0 1 0 8 118 114 120 116 110 17 111 18 
118 7526 0.99994659423828125000 0.00011444091796875000 0 0 1 0 8 119 115 121 117 111 18 114 120 
119 7527 1.00002288818359375000 0.00011444091796875000 0 0 1 0 8 130 124 132 118 114 120 115 121 
120 7528 0.99994659423828125000 0.00003814697265625000 0 0 1 0 6 1 117 118 119 121 18 
121 7529 1.00002288818359375000 0.00003814697265625000 0 0 1 0 7 338 1 118 119 120 130 132 
122 7530 1.00009918212890625000 0.00026702880859375000 0 0 1 0 8 123 103 125 113 91 115 102 124 
123 7531 1.00017547607421875000 0.00026702880859375000 0 0 1 0 8 126 106 128 122 102 124 103 125 
124 7532 1.00009918212890625000 0.00019073486328125000 0 0 1 0 8 125 123 131 115 113 119 122 130 
125 7533 1.00017547607421875000 0.00019073486328125000 0 0 1 0 8 128 126 134 124 122 130 123 131 
126 7534 1.00025177001953125000 0.00026702880859375000 0 0 1 0 8 127 107 129 123 103 125 106 128 
127 7535 1.00032806396484375000 0.00026702880859375000 0 0 1 0 8 140 139 141 126 106 128 107 129 
128 7536 1.00025177001953125000 0.00019073486328125000 0 0 1 0 8 129 127 135 125 123 131 126 134 
129 7537 1.00032806396484375000 0.00019073486328125000 0 0 1 0 8 140 139 141 128 126 134 127 135 
130 7538 1.00009918212890625000 0.00011444091796875000 0 0 1 0 8 131 125 133 119 115 121 124 132 
131 7539 1.00017547607421875000 0.00011444091796875000 0 0 1 0 8 134 128 136 130 124 132 125 133 
132 7540 1.00009918212890625000 0.00003814697265625000 0 0 1 0 8 133 131 339 121 119 1 130 338 
133 7541 1.00017547607421875000 0.00003814697265625000 0 0 1 0 8 136 134 342 132 130 338 131 339 
134 7542 1.00025177001953125000 0.00011444091796875000 0 0 1 0 8 135 129 137 131 125 133 128 136 
135 7543 1.00032806396484375000 0.00011444091796875000 0 0 1 0 8 141 140 386 134 128 136 129 137 
136 7544 1.00025177001953125000 0.00003814697265625000 0 0 1 0 8 137 135 343 133 131 339 134 342 
137 7545 1.00032806396484375000 0.00003814697265625000 0 0 1 0 8 141 140 386 136 134 342 135 343 
138 7546 1.00044250488281250000 0.00053405761718750000 0 0 1 0 10 440 439 441 97 75 99 105 438 139 107 
139 7547 1.00044250488281250000 0.00038146972656250000 0 0 1 0 10 441 440 442 105 99 107 127 138 140 129 
140 7548 1.00044250488281250000 0.00022888183593750000 0 0 1 0 10 442 441 443 127 107 129 135 139 141 137 
141 7549 1.00044250488281250000 0.00007629394531250000 0 0 1 0 10 443 442 453 135 129 137 343 140 386 345 
142 7550 0.99624633789062500000 -0.00076293945312500000 0 0 1 0 5 143 12 145 444 144 
143 7551 0.99655151367187500000 -0.00076293945312500000 0 0 1 0 7 146 11 148 142 12 144 145 
144 7552 0.99624633789062500000 -0.00106811523437500000 0 0 1 0 7 145 143 185 444 142 446 445 
145 7553 0.99655151367187500000 -0.00106811523437500000 0 0 1 0 8 148 146 186 144 142 446 143 185 
146 7554 0.99685668945312500000 -0.00076293945312500000 0 0 1 0 8 147 10 149 143 12 145 11 148 
147 7555 0.99716186523437500000 -0.00076293945312500000 0 0 1 0 10 153 9 155 161 146 11 148 10 149 163 
148 7556 0.99685668945312500000 -0.00106811523437500000 0 0 1 0 8 149 147 187 145 143 185 146 186 
149 7557 0.99716186523437500000 -0.00106811523437500000 0 0 1 0 9 161 155 163 191 148 146 186 147 187 
150 7558 0.99777221679687500000 -0.00045776367187500000 0 0 1 0 8 151 169 9 154 157 156 158 171 
151 7559 0.99807739257812500000 -0.00045776367187500000 0 0 1 0 9 152 8 173 150 158 169 160 170 175 
152 7560 0.99838256835937500000 -0.00045776367187500000 0 0 1 0 11 209 7 211 269 151 170 8 173 172 174 271 
153 7561 0.99739074707031250000 -0.00068664550781250000 0 0 1 0 8 154 9 156 147 10 149 150 155 
154 7562 0.99754333496093750000 -0.00068664550781250000 0 0 1 0 8 157 150 159 153 9 155 10 156 
155 7563 0.99739074707031250000 -0.00083923339843750000 0 0 1 0 8 156 154 162 147 10 149 153 161 
156 7564 0.99754333496093750000 -0.00083923339843750000 0 0 1 0 8 159 157 165 155 153 161 154 162 
157 7565 0.99769592285156250000 -0.00068664550781250000 0 0 1 0 8 158 150 160 154 9 156 151 159 
158 7566 0.99784851074218750000 -0.00068664550781250000 0 0 1 0 8 169 151 171 157 150 159 9 160 
159 7567 0.99769592285156250000 -0.00083923339843750000 0 0 1 0 8 160 158 166 156 154 162 157 165 
160 7568 0.99784851074218750000 -0.00083923339843750000 0 0 1 0 8 171 169 177 159 157 165 158 166 
161 7569 0.99739074707031250000 -0.00099182128906250000 0 0 1 0 8 162 156 164 149 147 187 155 163 
162 7570 0.99754333496093750000 -0.00099182128906250000 0 0 1 0 8 165 159 167 161 155 163 156 164 
163 7571 0.99739074707031250000 -0.00114440917968750000 0 0 1 0 8 164 162 191 149 147 187 161 192 
164 7572 0.99754333496093750000 -0.00114440917968750000 0 0 1 0 8 167 165 192 163 161 191 162 187 
165 7573 0.99769592285156250000 -0.00099182128906250000 0 0 1 0 8 166 160 168 162 156 164 159 167 
166 7574 0.99784851074218750000 -0.00099182128906250000 0 0 1 0 8 177 171 179 165 159 167 160 168 
167 7575 0.99769592285156250000 -0.00114440917968750000 0 0 1 0 8 168 166 192 164 162 191 165 195 
168 7576 0.99784851074218750000 -0.00114440917968750000 0 0 1 0 8 179 177 195 167 165 192 166 191 
169 7577 0.99800109863281250000 -0.00068664550781250000 0 0 1 0 8 170 151 172 158 150 160 152 171 
170 7578 0.99815368652343750000 -0.00068664550781250000 0 0 1 0 8 173 152 175 169 151 171 150 172 
171 7579 0.99800109863281250000 -0.00083923339843750000 0 0 1 0 8 172 170 178 160 158 166 169 177 
172 7580 0.99815368652343750000 -0.00083923339843750000 0 0 1 0 8 175 173 181 171 169 177 170 178 
173 7581 0.99830627441406250000 -0.00068664550781250000 0 0 1 0 7 174 152 176 170 151 172 175 
174 7582 0.99845886230468750000 -0.00068664550781250000 0 0 1 0 8 269 211 271 173 152 175 151 176 
175 7583 0.99830627441406250000 -0.00083923339843750000 0 0 1 0 8 176 174 182 172 170 178 173 181 
176 7584 0.99845886230468750000 -0.00083923339843750000 0 0 1 0 8 271 269 277 175 173 181 174 182 
177 7585 0.99800109863281250000 -0.00099182128906250000 0 0 1 0 8 178 172 180 166 160 168 171 179 
178 7586 0.99815368652343750000 -0.00099182128906250000 0 0 1 0 8 181 175 183 177 171 179 172 180 
179 7587 0.99800109863281250000 -0.00114440917968750000 0 0 1 0 8 180 178 195 168 166 192 177 196 
180 7588 0.99815368652343750000 -0.00114440917968750000 0 0 1 0 8 183 181 196 179 177 195 178 192 
181 7589 0.99830627441406250000 -0.00099182128906250000 0 0 1 0 8 182 176 184 178 172 180 175 183 
182 7590 0.99845886230468750000 -0.00099182128906250000 0 0 1 0 8 277 271 279 181 175 183 176 184 
183 7591 0.99830627441406250000 -0.00114440917968750000 0 0 1 0 8 184 182 196 180 178 195 181 406 
184 7592 0.99845886230468750000 -0.00114440917968750000 0 0 1 0 8 279 277 406 183 181 196 182 195 
185 7593 0.99655151367187500000 -0.00137329101562500000 0 0 1 0 8 186 148 188 446 144 447 145 448 
186 7594 0.99685668945312500000 -0.00137329101562500000 0 0 1 0 8 187 149 189 185 145 448 148 188 
187 7595 0.99716186523437500000 -0.00137329101562500000 0 0 1 0 8 191 163 193 186 148 188 149 189 
188 7596 0.99685668945312500000 -0.00167846679687500000 0 0 1 0 8 189 187 190 448 185 449 186 450 
189 7597 0.99716186523437500000 -0.00167846679687500000 0 0 1 0 8 193 191 199 188 186 450 187 190 
190 7598 0.99716186523437500000 -0.00198364257812500000 0 0 1 0 8 199 193 201 450 188 451 189 452 
191 7599 0.99746704101562500000 -0.00137329101562500000 0 0 1 0 9 192 167 194 187 149 189 164 163 193 
192 7600 0.99777221679687500000 -0.00137329101562500000 0 0 1 0 9 195 179 197 191 164 193 168 167 194 
193 7601 0.99746704101562500000 -0.00167846679687500000 0 0 1 0 8 194 192 200 189 187 190 191 199 
194 7602 0.99777221679687500000 -0.00167846679687500000 0 0 1 0 8 197 195 203 193 191 199 192 200 
195 7603 0.99807739257812500000 -0.00137329101562500000 0 0 1 0 9 196 183 198 192 168 194 180 179 197 
196 7604 0.99838256835937500000 -0.00137329101562500000 0 0 1 0 9 406 279 408 195 180 197 184 183 198 
197 7605 0.99807739257812500000 -0.00167846679687500000 0 0 1 0 8 198 196 204 194 192 200 195 203 
198 7606 0.99838256835937500000 -0.00167846679687500000 0 0 1 0 8 408 406 414 197 195 203 196 204 
199 7607 0.99746704101562500000 -0.00198364257812500000 0 0 1 0 8 200 194 202 190 189 452 193 201 
200 7608 0.99777221679687500000 -0.00198364257812500000 0 0 1 0 8 203 197 205 199 193 201 194 202 
201 7609 0.99746704101562500000 -0.00228881835937500000 0 0 1 0 8 202 200 471 452 190 470 199 420 
202 7610 0.99777221679687500000 -0.00228881835937500000 0 0 1 0 8 205 203 420 201 199 471 200 470 
203 7611 0.99807739257812500000 -0.00198364257812500000 0 0 1 0 8 204 198 206 200 194 202 197 205 
204 7612 0.99838256835937500000 -0.00198364257812500000 0 0 1 0 8 414 408 416 203 197 205 198 206 
205 7613 0.99807739257812500000 -0.00228881835937500000 0 0 1 0 8 206 204 420 202 200 471 203 474 
206 7614 0.99838256835937500000 -0.00228881835937500000 0 0 1 0 8 416 414 474 205 203 420 204 471 
207 7615 0.99891662597656250000 -0.00022888183593750000 0 0 1 0 6 210 213 214 6 7 208 
208 7616 0.99906921386718750000 -0.00022888183593750000 0 0 1 0 8 217 219 237 207 213 6 214 239 
209 7617 0.99861145019531250000 -0.00038146972656250000 0 0 1 0 6 210 7 212 152 8 211 
210 7618 0.99876403808593750000 -0.00038146972656250000 0 0 1 0 8 213 207 215 209 7 211 8 212 
211 7619 0.99861145019531250000 -0.00053405761718750000 0 0 1 0 8 212 210 270 152 8 209 269 174 
212 7620 0.99876403808593750000 -0.00053405761718750000 0 0 1 0 8 215 213 273 211 209 269 210 270 
213 7621 0.99891662597656250000 -0.00038146972656250000 0 0 1 0 8 214 208 216 210 7 212 207 215 
214 7622 0.99906921386718750000 -0.00038146972656250000 0 0 1 0 10 237 219 239 245 213 207 215 208 216 247 
215 7623 0.99891662597656250000 -0.00053405761718750000 0 0 1 0 8 216 214 274 212 210 270 213 273 
216 7624 0.99906921386718750000 -0.00053405761718750000 0 0 1 0 9 245 239 247 285 215 213 273 214 274 
217 7625 0.99918365478515625000 -0.00019073486328125000 0 0 1 0 7 218 220 208 6 214 5 219 
218 7626 0.99925994873046875000 -0.00019073486328125000 0 0 1 0 7 221 5 223 217 219 6 220 
219 7627 0.99918365478515625000 -0.00026702880859375000 0 0 1 0 8 220 218 238 208 6 214 217 237 
220 7628 0.99925994873046875000 -0.00026702880859375000 0 0 1 0 8 223 221 241 219 217 237 218 238 
221 7629 0.99933624267578125000 -0.00019073486328125000 0 0 1 0 6 222 5 224 218 220 223 
222 7630 0.99941253662109375000 -0.00019073486328125000 0 0 1 0 7 229 225 231 221 5 223 224 
223 7631 0.99933624267578125000 -0.00026702880859375000 0 0 1 0 8 224 222 242 220 218 238 221 241 
224 7632 0.99941253662109375000 -0.00026702880859375000 0 0 1 0 8 231 229 253 223 221 241 222 242 
225 7633 0.99948883056640625000 -0.00011444091796875000 0 0 1 0 6 4 229 226 230 5 222 
226 7634 0.99956512451171875000 -0.00011444091796875000 0 0 1 0 6 227 4 233 225 229 230 
227 7635 0.99964141845703125000 -0.00011444091796875000 0 0 1 0 6 228 234 226 230 4 233 
228 7636 0.99971771240234375000 -0.00011444091796875000 0 0 1 0 8 301 3 306 227 4 233 234 308 
229 7637 0.99948883056640625000 -0.00019073486328125000 0 0 1 0 8 230 226 232 222 5 224 225 231 
230 7638 0.99956512451171875000 -0.00019073486328125000 0 0 1 0 8 233 227 235 229 225 231 226 232 
231 7639 0.99948883056640625000 -0.00026702880859375000 0 0 1 0 8 232 230 254 224 222 242 229 253 
232 7640 0.99956512451171875000 -0.00026702880859375000 0 0 1 0 8 235 233 257 231 229 253 230 254 
233 7641 0.99964141845703125000 -0.00019073486328125000 0 0 1 0 8 234 228 236 230 226 232 227 235 
234 7642 0.99971771240234375000 -0.00019073486328125000 0 0 1 0 10 306 301 308 314 233 227 235 228 236 316 
235 7643 0.99964141845703125000 -0.00026702880859375000 0 0 1 0 8 236 234 258 232 230 254 233 257 
236 7644 0.99971771240234375000 -0.00026702880859375000 0 0 1 0 9 314 308 316 354 235 233 257 234 258 
237 7645 0.99918365478515625000 -0.00034332275390625000 0 0 1 0 8 238 220 240 214 208 216 219 239 
238 7646 0.99925994873046875000 -0.00034332275390625000 0 0 1 0 8 241 223 243 237 219 239 220 240 
239 7647 0.99918365478515625000 -0.00041961669921875000 0 0 1 0 8 240 238 246 214 208 216 237 245 
240 7648 0.99925994873046875000 -0.00041961669921875000 0 0 1 0 8 243 241 249 239 237 245 238 246 
241 7649 0.99933624267578125000 -0.00034332275390625000 0 0 1 0 8 242 224 244 238 220 240 223 243 
242 7650 0.99941253662109375000 -0.00034332275390625000 0 0 1 0 8 253 231 255 241 223 243 224 244 
243 7651 0.99933624267578125000 -0.00041961669921875000 0 0 1 0 8 244 242 250 240 238 246 241 249 
244 7652 0.99941253662109375000 -0.00041961669921875000 0 0 1 0 8 255 253 261 243 241 249 242 250 
245 7653 0.99918365478515625000 -0.00049591064453125000 0 0 1 0 8 246 240 248 216 214 274 239 247 
246 7654 0.99925994873046875000 -0.00049591064453125000 0 0 1 0 8 249 243 251 245 239 247 240 248 
247 7655 0.99918365478515625000 -0.00057220458984375000 0 0 1 0 8 248 246 285 216 214 274 245 286 
248 7656 0.99925994873046875000 -0.00057220458984375000 0 0 1 0 8 251 249 286 247 245 285 246 274 
249 7657 0.99933624267578125000 -0.00049591064453125000 0 0 1 0 8 250 244 252 246 240 248 243 251 
250 7658 0.99941253662109375000 -0.00049591064453125000 0 0 1 0 8 261 255 263 249 243 251 244 252 
251 7659 0.99933624267578125000 -0.00057220458984375000 0 0 1 0 8 252 250 286 248 246 285 249 289 
252 7660 0.99941253662109375000 -0.00057220458984375000 0 0 1 0 8 263 261 289 251 249 286 250 285 
253 7661 0.99948883056640625000 -0.00034332275390625000 0 0 1 0 8 254 232 256 242 224 244 231 255 
254 7662 0.99956512451171875000 -0.00034332275390625000 0 0 1 0 8 257 235 259 253 231 255 232 256 
255 7663 0.99948883056640625000 -0.00041961669921875000 0 0 1 0 8 256 254 262 244 242 250 253 261 
256 7664 0.99956512451171875000 -0.00041961669921875000 0 0 1 0 8 259 257 265 255 253 261 254 262 
257 7665 0.99964141845703125000 -0.00034332275390625000 0 0 1 0 8 258 236 260 254 232 256 235 259 
258 7666 0.99971771240234375000 -0.00034332275390625000 0 0 1 0 8 354 316 356 257 235 259 236 260 
259 7667 0.99964141845703125000 -0.00041961669921875000 0 0 1 0 8 260 258 266 256 254 262 257 265 
260 7668 0.99971771240234375000 -0.00041961669921875000 0 0 1 0 8 356 354 362 259 257 265 258 266 
261 7669 0.99948883056640625000 -0.00049591064453125000 0 0 1 0 8 262 256 264 250 244 252 255 263 
262 7670 0.99956512451171875000 -0.00049591064453125000 0 0 1 0 8 265 259 267 261 255 263 256 264 
263 7671 0.99948883056640625000 -0.00057220458984375000 0 0 1 0 8 264 262 289 252 250 286 261 290 
264 7672 0.99956512451171875000 -0.00057220458984375000 0 0 1 0 8 267 265 290 263 261 289 262 286 
265 7673 0.99964141845703125000 -0.00049591064453125000 0 0 1 0 8 266 260 268 262 256 264 259 267 
266 7674 0.99971771240234375000 -0.00049591064453125000 0 0 1 0 8 362 356 364 265 259 267 260 268 
267 7675 0.99964141845703125000 -0.00057220458984375000 0 0 1 0 8 268 266 290 264 262 289 265 390 
268 7676 0.99971771240234375000 -0.00057220458984375000 0 0 1 0 8 364 362 390 267 265 290 266 289 
269 7677 0.99861145019531250000 -0.00068664550781250000 0 0 1 0 8 270 212 272 174 152 176 211 271 
270 7678 0.99876403808593750000 -0.00068664550781250000 0 0 1 0 8 273 215 275 269 211 271 212 272 
271 7679 0.99861145019531250000 -0.00083923339843750000 0 0 1 0 8 272 270 278 176 174 182 269 277 
272 7680 0.99876403808593750000 -0.00083923339843750000 0 0 1 0 8 275 273 281 271 269 277 270 278 
273 7681 0.99891662597656250000 -0.00068664550781250000 0 0 1 0 8 274 216 276 270 212 272 215 275 
274 7682 0.99906921386718750000 -0.00068664550781250000 0 0 1 0 8 285 247 287 273 215 275 216 276 
275 7683 0.99891662597656250000 -0.00083923339843750000 0 0 1 0 8 276 274 282 272 270 278 273 281 
276 7684 0.99906921386718750000 -0.00083923339843750000 0 0 1 0 8 287 285 293 275 273 281 274 282 
277 7685 0.99861145019531250000 -0.00099182128906250000 0 0 1 0 8 278 272 280 182 176 184 271 279 
278 7686 0.99876403808593750000 -0.00099182128906250000 0 0 1 0 8 281 275 283 277 271 279 272 280 
279 7687 0.99861145019531250000 -0.00114440917968750000 0 0 1 0 8 280 278 406 184 182 196 277 407 
280 7688 0.99876403808593750000 -0.00114440917968750000 0 0 1 0 8 283 281 407 279 277 406 278 196 
281 7689 0.99891662597656250000 -0.00099182128906250000 0 0 1 0 8 282 276 284 278 272 280 275 283 
282 7690 0.99906921386718750000 -0.00099182128906250000 0 0 1 0 8 293 287 295 281 275 283 276 284 
283 7691 0.99891662597656250000 -0.00114440917968750000 0 0 1 0 8 284 282 407 280 278 406 281 410 
284 7692 0.99906921386718750000 -0.00114440917968750000 0 0 1 0 8 295 293 410 283 281 407 282 406 
285 7693 0.99922180175781250000 -0.00068664550781250000 0 0 1 0 9 286 251 288 274 216 276 248 247 287 
286 7694 0.99937438964843750000 -0.00068664550781250000 0 0 1 0 9 289 263 291 285 248 287 252 251 288 
287 7695 0.99922180175781250000 -0.00083923339843750000 0 0 1 0 8 288 286 294 276 274 282 285 293 
288 7696 0.99937438964843750000 -0.00083923339843750000 0 0 1 0 8 291 289 297 287 285 293 286 294 
289 7697 0.99952697753906250000 -0.00068664550781250000 0 0 1 0 9 290 267 292 286 252 288 264 263 291 
290 7698 0.99967956542968750000 -0.00068664550781250000 0 0 1 0 9 390 364 392 289 264 291 268 267 292 
291 7699 0.99952697753906250000 -0.00083923339843750000 0 0 1 0 8 292 290 298 288 286 294 289 297 
292 7700 0.99967956542968750000 -0.00083923339843750000 0 0 1 0 8 392 390 398 291 289 297 290 298 
293 7701 0.99922180175781250000 -0.00099182128906250000 0 0 1 0 8 294 288 296 282 276 284 287 295 
294 7702 0.99937438964843750000 -0.00099182128906250000 0 0 1 0 8 297 291 299 293 287 295 288 296 
295 7703 0.99922180175781250000 -0.00114440917968750000 0 0 1 0 8 296 294 410 284 282 407 293 411 
296 7704 0.99937438964843750000 -0.00114440917968750000 0 0 1 0 8 299 297 411 295 293 410 294 407 
297 7705 0.99952697753906250000 -0.00099182128906250000 0 0 1 0 8 298 292 300 294 288 296 291 299 
298 7706 0.99967956542968750000 -0.00099182128906250000 0 0 1 0 8 398 392 400 297 291 299 292 300 
299 7707 0.99952697753906250000 -0.00114440917968750000 0 0 1 0 8 300 298 411 296 294 410 297 419 
300 7708 0.99967956542968750000 -0.00114440917968750000 0 0 1 0 8 400 398 419 299 297 411 298 410 
301 7709 0.99979400634765625000 -0.00011444091796875000 0 0 1 0 9 302 2 310 228 234 3 306 307 312 
302 7710 0.99987030029296875000 -0.00011444091796875000 0 0 1 0 11 304 303 322 301 3 307 2 310 309 311 324 
303 7711 0.99994659423828125000 -0.00003814697265625000 0 0 1 0 5 1 2 302 304 305 
304 7712 0.99994659423828125000 -0.00011444091796875000 0 0 1 0 11 305 1 326 302 2 311 303 322 313 323 328 
305 7713 1.00002288818359375000 -0.00011444091796875000 0 0 1 0 10 340 338 346 304 303 323 1 326 325 327 
306 7714 0.99977493286132812500 -0.00017166137695312500 0 0 1 0 8 307 301 309 234 228 236 302 308 
307 7715 0.99981307983398437500 -0.00017166137695312500 0 0 1 0 8 310 302 312 306 301 308 228 309 
308 7716 0.99977493286132812500 -0.00020980834960937500 0 0 1 0 8 309 307 315 234 228 236 306 314 
309 7717 0.99981307983398437500 -0.00020980834960937500 0 0 1 0 8 312 310 318 308 306 314 307 315 
310 7718 0.99985122680664062500 -0.00017166137695312500 0 0 1 0 8 311 302 313 307 301 309 304 312 
311 7719 0.99988937377929687500 -0.00017166137695312500 0 0 1 0 8 322 304 324 310 302 312 301 313 
312 7720 0.99985122680664062500 -0.00020980834960937500 0 0 1 0 8 313 311 319 309 307 315 310 318 
313 7721 0.99988937377929687500 -0.00020980834960937500 0 0 1 0 8 324 322 330 312 310 318 311 319 
314 7722 0.99977493286132812500 -0.00024795532226562500 0 0 1 0 8 315 309 317 236 234 258 308 316 
315 7723 0.99981307983398437500 -0.00024795532226562500 0 0 1 0 8 318 312 320 314 308 316 309 317 
316 7724 0.99977493286132812500 -0.00028610229492187500 0 0 1 0 8 317 315 354 236 234 258 314 355 
317 7725 0.99981307983398437500 -0.00028610229492187500 0 0 1 0 8 320 318 355 316 314 354 315 258 
318 7726 0.99985122680664062500 -0.00024795532226562500 0 0 1 0 8 319 313 321 315 309 317 312 320 
319 7727 0.99988937377929687500 -0.00024795532226562500 0 0 1 0 8 330 324 332 318 312 320 313 321 
320 7728 0.99985122680664062500 -0.00028610229492187500 0 0 1 0 8 321 319 355 317 315 354 318 358 
321 7729 0.99988937377929687500 -0.00028610229492187500 0 0 1 0 8 332 330 358 320 318 355 319 354 
322 7730 0.99992752075195312500 -0.00017166137695312500 0 0 1 0 8 323 304 325 311 302 313 305 324 
323 7731 0.99996566772460937500 -0.00017166137695312500 0 0 1 0 8 326 305 328 322 304 324 302 325 
324 7732 0.99992752075195312500 -0.00020980834960937500 0 0 1 0 8 325 323 331 313 311 319 322 330 
325 7733 0.99996566772460937500 -0.00020980834960937500 0 0 1 0 8 328 326 334 324 322 330 323 331 
326 7734 1.00000381469726562500 -0.00017166137695312500 0 0 1 0 8 327 305 329 323 304 325 340 328 
327 7735 1.00004196166992187500 -0.00017166137695312500 0 0 1 0 8 346 340 348 326 305 328 304 329 
328 7736 1.00000381469726562500 -0.00020980834960937500 0 0 1 0 8 329 327 335 325 323 331 326 334 
329 7737 1.00004196166992187500 -0.00020980834960937500 0 0 1 0 8 346 340 348 328 326 334 327 335 
330 7738 0.99992752075195312500 -0.00024795532226562500 0 0 1 0 8 331 325 333 319 313 321 324 332 
331 7739 0.99996566772460937500 -0.00024795532226562500 0 0 1 0 8 334 328 336 330 324 332 325 333 
332 7740 0.99992752075195312500 -0.00028610229492187500 0 0 1 0 8 333 331 358 321 319 355 330 359 
333 7741 0.99996566772460937500 -0.00028610229492187500 0 0 1 0 8 336 334 359 332 330 358 331 355 
334 7742 1.00000381469726562500 -0.00024795532226562500 0 0 1 0 8 335 329 337 331 325 333 328 336 
335 7743 1.00004196166992187500 -0.00024795532226562500 0 0 1 0 8 348 346 370 334 328 336 329 337 
336 7744 1.00000381469726562500 -0.00028610229492187500 0 0 1 0 8 337 335 359 333 331 358 334 370 
337 7745 1.00004196166992187500 -0.00028610229492187500 0 0 1 0 8 348 346 370 336 334 359 335 358 
338 7746 1.00009918212890625000 -0.00003814697265625000 0 0 1 0 8 339 133 341 1 121 305 132 340 
339 7747 1.00017547607421875000 -0.00003814697265625000 0 0 1 0 8 342 136 344 338 132 340 133 341 
340 7748 1.00009918212890625000 -0.00011444091796875000 0 0 1 0 9 341 339 347 305 1 327 338 346 329 
341 7749 1.00017547607421875000 -0.00011444091796875000 0 0 1 0 8 344 342 350 340 338 346 339 347 
342 7750 1.00025177001953125000 -0.00003814697265625000 0 0 1 0 8 343 137 345 339 133 341 136 344 
343 7751 1.00032806396484375000 -0.00003814697265625000 0 0 1 0 8 386 141 387 342 136 344 137 345 
344 7752 1.00025177001953125000 -0.00011444091796875000 0 0 1 0 8 345 343 351 341 339 347 342 350 
345 7753 1.00032806396484375000 -0.00011444091796875000 0 0 1 0 8 386 141 387 344 342 350 343 351 
346 7754 1.00009918212890625000 -0.00019073486328125000 0 0 1 0 10 347 341 349 327 305 329 335 340 348 337 
347 7755 1.00017547607421875000 -0.00019073486328125000 0 0 1 0 8 350 344 352 346 340 348 341 349 
348 7756 1.00009918212890625000 -0.00026702880859375000 0 0 1 0 9 349 347 371 335 329 337 359 346 370 
349 7757 1.00017547607421875000 -0.00026702880859375000 0 0 1 0 8 352 350 374 348 346 370 347 371 
350 7758 1.00025177001953125000 -0.00019073486328125000 0 0 1 0 8 351 345 353 347 341 349 344 352 
351 7759 1.00032806396484375000 -0.00019073486328125000 0 0 1 0 8 387 386 388 350 344 352 345 353 
352 7760 1.00025177001953125000 -0.00026702880859375000 0 0 1 0 8 353 351 375 349 347 371 350 374 
353 7761 1.00032806396484375000 -0.00026702880859375000 0 0 1 0 8 387 386 388 352 350 374 351 375 
354 7762 0.99979400634765625000 -0.00034332275390625000 0 0 1 0 9 355 320 357 258 236 260 317 316 356 
355 7763 0.99987030029296875000 -0.00034332275390625000 0 0 1 0 9 358 332 360 354 317 356 321 320 357 
356 7764 0.99979400634765625000 -0.00041961669921875000 0 0 1 0 8 357 355 363 260 258 266 354 362 
357 7765 0.99987030029296875000 -0.00041961669921875000 0 0 1 0 8 360 358 366 356 354 362 355 363 
358 7766 0.99994659423828125000 -0.00034332275390625000 0 0 1 0 9 359 336 361 355 321 357 333 332 360 
359 7767 1.00002288818359375000 -0.00034332275390625000 0 0 1 0 9 370 348 372 358 333 360 337 336 361 
360 7768 0.99994659423828125000 -0.00041961669921875000 0 0 1 0 8 361 359 367 357 355 363 358 366 
361 7769 1.00002288818359375000 -0.00041961669921875000 0 0 1 0 8 372 370 378 360 358 366 359 367 
362 7770 0.99979400634765625000 -0.00049591064453125000 0 0 1 0 8 363 357 365 266 260 268 356 364 
363 7771 0.99987030029296875000 -0.00049591064453125000 0 0 1 0 8 366 360 368 362 356 364 357 365 
364 7772 0.99979400634765625000 -0.00057220458984375000 0 0 1 0 8 365 363 390 268 266 290 362 391 
365 7773 0.99987030029296875000 -0.00057220458984375000 0 0 1 0 8 368 366 391 364 362 390 363 290 
366 7774 0.99994659423828125000 -0.00049591064453125000 0 0 1 0 8 367 361 369 363 357 365 360 368 
367 7775 1.00002288818359375000 -0.00049591064453125000 0 0 1 0 8 378 372 380 366 360 368 361 369 
368 7776 0.99994659423828125000 -0.00057220458984375000 0 0 1 0 8 369 367 391 365 363 390 366 394 
369 7777 1.00002288818359375000 -0.00057220458984375000 0 0 1 0 8 380 378 394 368 366 391 367 390 
370 7778 1.00009918212890625000 -0.00034332275390625000 0 0 1 0 8 371 349 373 359 337 361 348 372 
371 7779 1.00017547607421875000 -0.00034332275390625000 0 0 1 0 8 374 352 376 370 348 372 349 373 
372 7780 1.00009918212890625000 -0.00041961669921875000 0 0 1 0 8 373 371 379 361 359 367 370 378 
373 7781 1.00017547607421875000 -0.00041961669921875000 0 0 1 0 8 376 374 382 372 370 378 371 379 
374 7782 1.00025177001953125000 -0.00034332275390625000 0 0 1 0 8 375 353 377 371 349 373 352 376 
375 7783 1.00032806396484375000 -0.00034332275390625000 0 0 1 0 8 388 387 389 374 352 376 353 377 
376 7784 1.00025177001953125000 -0.00041961669921875000 0 0 1 0 8 377 375 383 373 371 379 374 382 
377 7785 1.00032806396484375000 -0.00041961669921875000 0 0 1 0 8 388 387 389 376 374 382 375 383 
378 7786 1.00009918212890625000 -0.00049591064453125000 0 0 1 0 8 379 373 381 367 361 369 372 380 
379 7787 1.00017547607421875000 -0.00049591064453125000 0 0 1 0 8 382 376 384 378 372 380 373 381 
380 7788 1.00009918212890625000 -0.00057220458984375000 0 0 1 0 8 381 379 394 369 367 391 378 395 
381 7789 1.00017547607421875000 -0.00057220458984375000 0 0 1 0 8 384 382 395 380 378 394 379 391 
382 7790 1.00025177001953125000 -0.00049591064453125000 0 0 1 0 8 383 377 385 379 373 381 376 384 
383 7791 1.00032806396484375000 -0.00049591064453125000 0 0 1 0 8 389 388 457 382 376 384 377 385 
384 7792 1.00025177001953125000 -0.00057220458984375000 0 0 1 0 8 385 383 395 381 379 394 382 457 
385 7793 1.00032806396484375000 -0.00057220458984375000 0 0 1 0 8 389 388 457 384 382 395 383 394 
386 7794 1.00044250488281250000 -0.00007629394531250000 0 0 1 0 10 453 443 454 343 137 345 351 141 387 353 
387 7795 1.00044250488281250000 -0.00022888183593750000 0 0 1 0 10 454 453 455 351 345 353 375 386 388 377 
388 7796 1.00044250488281250000 -0.00038146972656250000 0 0 1 0 10 455 454 456 375 353 377 383 387 389 385 
389 7797 1.00044250488281250000 -0.00053405761718750000 0 0 1 0 9 456 455 458 383 377 385 395 388 457 
390 7798 0.99983215332031250000 -0.00068664550781250000 0 0 1 0 9 391 368 393 290 268 292 365 364 392 
391 7799 0.99998474121093750000 -0.00068664550781250000 0 0 1 0 9 394 380 396 390 365 392 369 368 393 
392 7800 0.99983215332031250000 -0.00083923339843750000 0 0 1 0 8 393 391 399 292 290 298 390 398 
393 7801 0.99998474121093750000 -0.00083923339843750000 0 0 1 0 8 396 394 402 392 390 398 391 399 
394 7802 1.00013732910156250000 -0.00068664550781250000 0 0 1 0 9 395 384 397 391 369 393 381 380 396 
395 7803 1.00028991699218750000 -0.00068664550781250000 0 0 1 0 9 457 389 459 394 381 396 385 384 397 
396 7804 1.00013732910156250000 -0.00083923339843750000 0 0 1 0 8 397 395 403 393 391 399 394 402 
397 7805 1.00028991699218750000 -0.00083923339843750000 0 0 1 0 8 459 457 460 396 394 402 395 403 
398 7806 0.99983215332031250000 -0.00099182128906250000 0 0 1 0 8 399 393 401 298 292 300 392 400 
399 7807 0.99998474121093750000 -0.00099182128906250000 0 0 1 0 8 402 396 404 398 392 400 393 401 
400 7808 0.99983215332031250000 -0.00114440917968750000 0 0 1 0 8 401 399 419 300 298 411 398 465 
401 7809 0.99998474121093750000 -0.00114440917968750000 0 0 1 0 8 404 402 465 400 398 419 399 411 
402 7810 1.00013732910156250000 -0.00099182128906250000 0 0 1 0 8 403 397 405 399 393 401 396 404 
403 7811 1.00028991699218750000 -0.00099182128906250000 0 0 1 0 8 460 459 461 402 396 404 397 405 
404 7812 1.00013732910156250000 -0.00114440917968750000 0 0 1 0 8 405 403 465 401 399 419 402 468 
405 7813 1.00028991699218750000 -0.00114440917968750000 0 0 1 0 8 461 460 468 404 402 465 403 419 
406 7814 0.99868774414062500000 -0.00137329101562500000 0 0 1 0 9 407 283 409 196 184 198 280 279 408 
407 7815 0.99899291992187500000 -0.00137329101562500000 0 0 1 0 9 410 295 412 406 280 408 284 283 409 
408 7816 0.99868774414062500000 -0.00167846679687500000 0 0 1 0 8 409 407 415 198 196 204 406 414 
409 7817 0.99899291992187500000 -0.00167846679687500000 0 0 1 0 8 412 410 418 408 406 414 407 415 
410 7818 0.99929809570312500000 -0.00137329101562500000 0 0 1 0 9 411 299 413 407 284 409 296 295 412 
411 7819 0.99960327148437500000 -0.00137329101562500000 0 0 1 0 9 419 400 466 410 296 412 300 299 413 
412 7820 0.99929809570312500000 -0.00167846679687500000 0 0 1 0 8 413 411 462 409 407 415 410 418 
413 7821 0.99960327148437500000 -0.00167846679687500000 0 0 1 0 8 466 419 469 412 410 418 411 462 
414 7822 0.99868774414062500000 -0.00198364257812500000 0 0 1 0 8 415 409 417 204 198 206 408 416 
415 7823 0.99899291992187500000 -0.00198364257812500000 0 0 1 0 8 418 412 463 414 408 416 409 417 
416 7824 0.99868774414062500000 -0.00228881835937500000 0 0 1 0 8 417 415 474 206 204 420 414 475 
417 7825 0.99899291992187500000 -0.00228881835937500000 0 0 1 0 8 463 418 475 416 414 474 415 420 
418 7826 0.99929809570312500000 -0.00198364257812500000 0 0 1 0 8 462 413 464 415 409 417 412 463 
419 7827 0.99990844726562500000 -0.00137329101562500000 0 0 1 0 9 465 404 467 411 300 413 401 400 466 
420 7828 0.99822998046875000000 -0.00274658203125000000 0 0 1 0 9 474 416 476 471 202 472 206 205 473 
