434 14331 0.51223240000000003214 -0.05139023100000000149 
435 9589 0.33899068999999998342 -0.05910986199999999913 
436 9917 0.30761718750000000000 -0.13183593750000000000 
437 9921 0.28808593750000000000 -0.15136718750000000000 
438 9922 0.29785156250000000000 -0.14160156250000000000 
439 9923 0.30761718750000000000 -0.14160156250000000000 
440 9924 0.29785156250000000000 -0.15136718750000000000 
441 9927 0.28320312500000000000 -0.16601562500000000000 
442 13273 0.28320312500000000000 -0.18554687500000000000 
443 13274 0.30273437500000000000 -0.18554687500000000000 
444 9968 0.33935546875000000000 -0.06591796875000000000 
445 9974 0.34057617187500000000 -0.06958007812500000000 
446 9976 0.34057617187500000000 -0.07202148437500000000 
447 9984 0.34057617187500000000 -0.07690429687500000000 
448 9985 0.34301757812500000000 -0.07202148437500000000 
449 9986 0.34301757812500000000 -0.07446289062500000000 
450 9987 0.34301757812500000000 -0.07690429687500000000 
451 10005 0.33935546875000000000 -0.08056640625000000000 
452 10006 0.33447265625000000000 -0.08544921875000000000 
453 10007 0.33935546875000000000 -0.08544921875000000000 
454 10008 0.33447265625000000000 -0.09033203125000000000 
455 10009 0.33447265625000000000 -0.09521484375000000000 
456 10015 0.32958984375000000000 -0.10009765625000000000 
457 10017 0.32958984375000000000 -0.10498046875000000000 
458 10023 0.32958984375000000000 -0.10986328125000000000 
459 10025 0.32958984375000000000 -0.11474609375000000000 
460 10026 0.33447265625000000000 -0.10009765625000000000 
461 10027 0.31738281250000000000 -0.12207031250000000000 
462 10028 0.32714843750000000000 -0.12207031250000000000 
463 10029 0.31738281250000000000 -0.13183593750000000000 
464 14334 0.51025390625000000000 -0.06103515625000000000 
465 14336 0.51025390625000000000 -0.06591796875000000000 
466 14342 0.51025390625000000000 -0.07080078125000000000 
467 14344 0.51025390625000000000 -0.07568359375000000000 
468 14562 0.51269531250000000000 -0.08300781250000000000 
469 14563 0.52246093750000000000 -0.08300781250000000000 
470 14564 0.52246093750000000000 -0.09277343750000000000 
471 14567 0.53222656250000000000 -0.09277343750000000000 
472 14569 0.53222656250000000000 -0.10253906250000000000 
473 14570 0.54199218750000000000 -0.10253906250000000000 
474 14571 0.54199218750000000000 -0.11230468750000000000 
475 14730 0.54199218750000000000 -0.15136718750000000000 
476 14582 0.55175781250000000000 -0.11230468750000000000 
477 14604 0.55175781250000000000 -0.12207031250000000000 
478 14731 0.55175781250000000000 -0.13183593750000000000 
479 14735 0.55175781250000000000 -0.14160156250000000000 
480 14737 0.55175781250000000000 -0.15136718750000000000 
481 13315 0.32226562500000000000 -0.18554687500000000000 
482 13316 0.32226562500000000000 -0.20507812500000000000 
483 13317 0.34179687500000000000 -0.20507812500000000000 
484 13319 0.34179687500000000000 -0.22460937500000000000 
485 13320 0.36132812500000000000 -0.22460937500000000000 
486 13325 0.36132812500000000000 -0.24414062500000000000 
487 13326 0.38085937500000000000 -0.24414062500000000000 
488 13328 0.38085937500000000000 -0.26367187500000000000 
489 13337 0.40039062500000000000 -0.26367187500000000000 
490 14755 0.45898437500000000000 -0.24414062500000000000 
491 14756 0.43945312500000000000 -0.26367187500000000000 
492 14757 0.45898437500000000000 -0.26367187500000000000 
493 13338 0.40039062500000000000 -0.28320312500000000000 
494 13339 0.41992187500000000000 -0.28320312500000000000 
495 14758 0.43945312500000000000 -0.28320312500000000000 
496 14761 0.53710937500000000000 -0.16601562500000000000 
497 14762 0.51757812500000000000 -0.18554687500000000000 
498 14763 0.53710937500000000000 -0.18554687500000000000 
499 14764 0.49804687500000000000 -0.20507812500000000000 
500 14765 0.47851562500000000000 -0.22460937500000000000 
501 14766 0.49804687500000000000 -0.22460937500000000000 
502 14767 0.51757812500000000000 -0.20507812500000000000 
503 14771 0.55664062500000000000 -0.16601562500000000000 
504 14787 0.47851562500000000000 -0.24414062500000000000 
