540 444 96
1 1760 0.32058763000000001231 0.05936510799999999977 445 2 0 1 7 341 339 534 533 338 445 2 
2 1761 0.32975653999999998689 0.05925478299999999837 1 3 0 1 7 376 374 341 339 340 1 3 
3 1762 0.33899068999999998342 0.05910986199999999913 2 4 0 1 7 379 377 376 374 375 2 4 
4 1763 0.34828651999999998834 0.05893094900000000330 3 5 0 1 6 388 379 377 378 3 5 
5 1764 0.35296360840801327408 0.05882878023449479576 4 6 0 1 7 4 6 373 378 379 388 389 
6 1765 0.35764046999999998810 0.05871867800000000331 5 7 0 1 7 5 7 379 382 388 389 390 
7 1766 0.36234484428928537270 0.05860006432648878771 6 8 0 1 8 6 8 379 383 389 390 391 392 
8 1767 0.36704896999999997442 0.05847371099999999766 7 9 0 1 6 403 7 9 389 390 392 
9 1768 0.37650840000000002084 0.05819673599999999891 8 10 0 1 6 407 392 404 403 8 10 
10 1769 0.38601513999999997884 0.05788846599999999953 9 11 0 1 6 419 404 408 407 9 11 
11 1770 0.39556554999999998801 0.05754963600000000123 10 12 0 1 6 423 408 420 419 10 12 
12 1771 0.40515598000000002665 0.05718100100000000213 11 13 0 1 6 435 420 424 423 11 13 
13 1772 0.41478273999999998312 0.05678333599999999676 12 14 0 1 6 439 424 436 435 12 14 
14 1773 0.42444215000000001803 0.05635743399999999792 13 446 0 1 6 444 436 440 439 13 446 
15 1774 0.18554687500000000000 0.16601562500000000000 0 0 1 0 11 16 451 30 450 448 457 449 22 458 23 32 
16 1775 0.20507812500000000000 0.16601562500000000000 0 0 1 0 11 17 452 34 15 449 23 451 30 25 31 36 
17 1776 0.22460937500000000000 0.16601562500000000000 0 0 1 0 11 18 453 74 16 451 31 452 34 33 35 76 
18 1777 0.24414062500000000000 0.16601562500000000000 0 0 1 0 11 19 454 78 17 452 35 453 74 37 75 80 
19 1778 0.26367187500000000000 0.16601562500000000000 0 0 1 0 11 20 455 87 18 453 75 454 78 77 79 89 
20 1779 0.28320312500000000000 0.16601562500000000000 0 0 1 0 11 21 456 91 19 454 79 455 87 81 88 93 
21 1780 0.30273437500000000000 0.16601562500000000000 0 0 1 0 11 138 509 140 20 455 88 456 91 90 92 142 
22 1781 0.18066406250000000000 0.15136718750000000000 0 0 1 0 8 23 15 25 457 450 458 16 24 
23 1782 0.19042968750000000000 0.15136718750000000000 0 0 1 0 8 30 16 32 22 15 24 450 25 
24 1783 0.18066406250000000000 0.14160156250000000000 0 0 1 0 8 25 23 27 458 457 459 22 26 
25 1784 0.19042968750000000000 0.14160156250000000000 0 0 1 0 8 32 30 38 24 22 26 23 27 
26 1785 0.18066406250000000000 0.13183593750000000000 0 0 1 0 8 27 25 29 459 458 460 24 28 
27 1786 0.19042968750000000000 0.13183593750000000000 0 0 1 0 8 38 32 40 26 24 28 25 29 
28 1787 0.18066406250000000000 0.12207031250000000000 0 0 1 0 11 29 27 49 460 459 462 26 45 463 46 51 
29 1788 0.19042968750000000000 0.12207031250000000000 0 0 1 0 11 40 38 59 28 26 46 27 49 48 50 61 
30 1789 0.20019531250000000000 0.15136718750000000000 0 0 1 0 8 31 16 33 23 15 25 17 32 
31 1790 0.20996093750000000000 0.15136718750000000000 0 0 1 0 8 34 17 36 30 16 32 15 33 
32 1791 0.20019531250000000000 0.14160156250000000000 0 0 1 0 8 33 31 39 25 23 27 30 38 
33 1792 0.20996093750000000000 0.14160156250000000000 0 0 1 0 8 36 34 42 32 30 38 31 39 
34 1793 0.21972656250000000000 0.15136718750000000000 0 0 1 0 8 35 17 37 31 16 33 18 36 
35 1794 0.22949218750000000000 0.15136718750000000000 0 0 1 0 8 74 18 76 34 17 36 16 37 
36 1795 0.21972656250000000000 0.14160156250000000000 0 0 1 0 8 37 35 43 33 31 39 34 42 
37 1796 0.22949218750000000000 0.14160156250000000000 0 0 1 0 8 76 74 82 36 34 42 35 43 
38 1797 0.20019531250000000000 0.13183593750000000000 0 0 1 0 8 39 33 41 27 25 29 32 40 
39 1798 0.20996093750000000000 0.13183593750000000000 0 0 1 0 8 42 36 44 38 32 40 33 41 
40 1799 0.20019531250000000000 0.12207031250000000000 0 0 1 0 11 41 39 63 29 27 50 38 59 52 60 65 
41 1800 0.20996093750000000000 0.12207031250000000000 0 0 1 0 11 44 42 72 40 38 60 39 63 62 64 476 
42 1801 0.21972656250000000000 0.13183593750000000000 0 0 1 0 8 43 37 461 39 33 41 36 44 
43 1802 0.22949218750000000000 0.13183593750000000000 0 0 1 0 8 82 76 485 42 36 44 37 461 
44 1803 0.21972656250000000000 0.12207031250000000000 0 0 1 0 11 461 43 478 41 39 64 42 72 66 475 479 
45 1804 0.17822265625000000000 0.11474609375000000000 0 0 1 0 8 46 28 48 462 460 463 29 47 
46 1805 0.18310546875000000000 0.11474609375000000000 0 0 1 0 8 49 29 51 45 28 47 460 48 
47 1806 0.17822265625000000000 0.10986328125000000000 0 0 1 0 8 48 46 53 463 462 464 45 465 
48 1807 0.18310546875000000000 0.10986328125000000000 0 0 1 0 8 51 49 54 47 45 465 46 53 
49 1808 0.18798828125000000000 0.11474609375000000000 0 0 1 0 8 50 29 52 46 28 48 40 51 
50 1809 0.19287109375000000000 0.11474609375000000000 0 0 1 0 8 59 40 61 49 29 51 28 52 
51 1810 0.18798828125000000000 0.10986328125000000000 0 0 1 0 8 52 50 55 48 46 53 49 54 
52 1811 0.19287109375000000000 0.10986328125000000000 0 0 1 0 8 61 59 67 51 49 54 50 55 
53 1812 0.18310546875000000000 0.10498046875000000000 0 0 1 0 8 54 51 56 465 47 466 48 467 
54 1813 0.18798828125000000000 0.10498046875000000000 0 0 1 0 8 55 52 57 53 48 467 51 56 
55 1814 0.19287109375000000000 0.10498046875000000000 0 0 1 0 8 67 61 69 54 51 56 52 57 
56 1815 0.18798828125000000000 0.10009765625000000000 0 0 1 0 8 57 55 58 467 53 468 54 469 
57 1816 0.19287109375000000000 0.10009765625000000000 0 0 1 0 8 69 67 73 56 54 469 55 58 
58 1817 0.19287109375000000000 0.09521484375000000000 0 0 1 0 8 73 69 482 469 56 470 57 471 
59 1818 0.19775390625000000000 0.11474609375000000000 0 0 1 0 8 60 40 62 50 29 52 41 61 
60 1819 0.20263671875000000000 0.11474609375000000000 0 0 1 0 8 63 41 65 59 40 61 29 62 
61 1820 0.19775390625000000000 0.10986328125000000000 0 0 1 0 8 62 60 68 52 50 55 59 67 
62 1821 0.20263671875000000000 0.10986328125000000000 0 0 1 0 8 65 63 71 61 59 67 60 68 
63 1822 0.20751953125000000000 0.11474609375000000000 0 0 1 0 8 64 41 66 60 40 62 44 65 
64 1823 0.21240234375000000000 0.11474609375000000000 0 0 1 0 8 72 44 476 63 41 65 40 66 
65 1824 0.20751953125000000000 0.10986328125000000000 0 0 1 0 8 66 64 472 62 60 68 63 71 
66 1825 0.21240234375000000000 0.10986328125000000000 0 0 1 0 8 476 72 480 65 63 71 64 472 
67 1826 0.19775390625000000000 0.10498046875000000000 0 0 1 0 8 68 62 70 55 52 57 61 69 
68 1827 0.20263671875000000000 0.10498046875000000000 0 0 1 0 8 71 65 473 67 61 69 62 70 
69 1828 0.19775390625000000000 0.10009765625000000000 0 0 1 0 8 70 68 481 57 55 58 67 73 
70 1829 0.20263671875000000000 0.10009765625000000000 0 0 1 0 8 473 71 484 69 67 73 68 481 
71 1830 0.20751953125000000000 0.10498046875000000000 0 0 1 0 8 472 66 474 68 62 70 65 473 
72 1831 0.21728515625000000000 0.11474609375000000000 0 0 1 0 8 475 44 477 64 41 66 461 476 
73 1832 0.19775390625000000000 0.09521484375000000000 0 0 1 0 8 481 70 483 58 57 471 69 482 
74 1833 0.23925781250000000000 0.15136718750000000000 0 0 1 0 8 75 18 77 35 17 37 19 76 
75 1834 0.24902343750000000000 0.15136718750000000000 0 0 1 0 8 78 19 80 74 18 76 17 77 
76 1835 0.23925781250000000000 0.14160156250000000000 0 0 1 0 8 77 75 83 37 35 43 74 82 
77 1836 0.24902343750000000000 0.14160156250000000000 0 0 1 0 8 80 78 84 76 74 82 75 83 
78 1837 0.25878906250000000000 0.15136718750000000000 0 0 1 0 8 79 19 81 75 18 77 20 80 
79 1838 0.26855468750000000000 0.15136718750000000000 0 0 1 0 8 87 20 89 78 19 80 18 81 
80 1839 0.25878906250000000000 0.14160156250000000000 0 0 1 0 8 81 79 85 77 75 83 78 84 
81 1840 0.26855468750000000000 0.14160156250000000000 0 0 1 0 8 89 87 95 80 78 84 79 85 
82 1841 0.23925781250000000000 0.13183593750000000000 0 0 1 0 8 83 77 486 43 37 461 76 485 
83 1842 0.24902343750000000000 0.13183593750000000000 0 0 1 0 8 84 80 487 82 76 485 77 486 
84 1843 0.25878906250000000000 0.13183593750000000000 0 0 1 0 8 85 81 86 83 77 486 80 487 
85 1844 0.26855468750000000000 0.13183593750000000000 0 0 1 0 8 95 89 97 84 80 487 81 86 
86 1845 0.26855468750000000000 0.12207031250000000000 0 0 1 0 11 97 95 103 487 84 488 85 490 489 491 105 
87 1846 0.27832031250000000000 0.15136718750000000000 0 0 1 0 8 88 20 90 79 19 81 21 89 
88 1847 0.28808593750000000000 0.15136718750000000000 0 0 1 0 8 91 21 93 87 20 89 19 90 
89 1848 0.27832031250000000000 0.14160156250000000000 0 0 1 0 8 90 88 96 81 79 85 87 95 
90 1849 0.28808593750000000000 0.14160156250000000000 0 0 1 0 8 93 91 99 89 87 95 88 96 
91 1850 0.29785156250000000000 0.15136718750000000000 0 0 1 0 8 92 21 94 88 20 90 138 93 
92 1851 0.30761718750000000000 0.15136718750000000000 0 0 1 0 8 140 138 142 91 21 93 20 94 
93 1852 0.29785156250000000000 0.14160156250000000000 0 0 1 0 8 94 92 100 90 88 96 91 99 
94 1853 0.30761718750000000000 0.14160156250000000000 0 0 1 0 8 142 140 148 93 91 99 92 100 
95 1854 0.27832031250000000000 0.13183593750000000000 0 0 1 0 8 96 90 98 85 81 86 89 97 
96 1855 0.28808593750000000000 0.13183593750000000000 0 0 1 0 8 99 93 101 95 89 97 90 98 
97 1856 0.27832031250000000000 0.12207031250000000000 0 0 1 0 11 98 96 107 86 85 491 95 103 492 104 109 
98 1857 0.28808593750000000000 0.12207031250000000000 0 0 1 0 11 101 99 116 97 95 104 96 107 106 108 118 
99 1858 0.29785156250000000000 0.13183593750000000000 0 0 1 0 8 100 94 102 96 90 98 93 101 
100 1859 0.30761718750000000000 0.13183593750000000000 0 0 1 0 8 148 142 150 99 93 101 94 102 
101 1860 0.29785156250000000000 0.12207031250000000000 0 0 1 0 11 102 100 120 98 96 108 99 116 110 117 122 
102 1861 0.30761718750000000000 0.12207031250000000000 0 0 1 0 11 150 148 166 101 99 117 100 120 119 121 168 
103 1862 0.27587890625000000000 0.11474609375000000000 0 0 1 0 8 104 97 106 491 86 492 98 105 
104 1863 0.28076171875000000000 0.11474609375000000000 0 0 1 0 8 107 98 109 103 97 105 86 106 
105 1864 0.27587890625000000000 0.10986328125000000000 0 0 1 0 8 106 104 111 492 491 493 103 494 
106 1865 0.28076171875000000000 0.10986328125000000000 0 0 1 0 8 109 107 112 105 103 494 104 111 
107 1866 0.28564453125000000000 0.11474609375000000000 0 0 1 0 8 108 98 110 104 97 106 101 109 
108 1867 0.29052734375000000000 0.11474609375000000000 0 0 1 0 8 116 101 118 107 98 109 97 110 
109 1868 0.28564453125000000000 0.10986328125000000000 0 0 1 0 8 110 108 113 106 104 111 107 112 
110 1869 0.29052734375000000000 0.10986328125000000000 0 0 1 0 8 118 116 124 109 107 112 108 113 
111 1870 0.28076171875000000000 0.10498046875000000000 0 0 1 0 8 112 109 114 494 105 495 106 496 
112 1871 0.28564453125000000000 0.10498046875000000000 0 0 1 0 8 113 110 115 111 106 496 109 114 
113 1872 0.29052734375000000000 0.10498046875000000000 0 0 1 0 8 124 118 126 112 109 114 110 115 
114 1873 0.28564453125000000000 0.10009765625000000000 0 0 1 0 8 115 113 499 496 111 497 112 498 
115 1874 0.29052734375000000000 0.10009765625000000000 0 0 1 0 8 126 124 500 114 112 498 113 499 
116 1875 0.29541015625000000000 0.11474609375000000000 0 0 1 0 8 117 101 119 108 98 110 102 118 
117 1876 0.30029296875000000000 0.11474609375000000000 0 0 1 0 8 120 102 122 116 101 118 98 119 
118 1877 0.29541015625000000000 0.10986328125000000000 0 0 1 0 8 119 117 125 110 108 113 116 124 
119 1878 0.30029296875000000000 0.10986328125000000000 0 0 1 0 8 122 120 128 118 116 124 117 125 
120 1879 0.30517578125000000000 0.11474609375000000000 0 0 1 0 8 121 102 123 117 101 119 150 122 
121 1880 0.31005859375000000000 0.11474609375000000000 0 0 1 0 8 166 150 168 120 102 122 101 123 
122 1881 0.30517578125000000000 0.10986328125000000000 0 0 1 0 8 123 121 129 119 117 125 120 128 
123 1882 0.31005859375000000000 0.10986328125000000000 0 0 1 0 8 168 166 174 122 120 128 121 129 
124 1883 0.29541015625000000000 0.10498046875000000000 0 0 1 0 8 125 119 127 113 110 115 118 126 
125 1884 0.30029296875000000000 0.10498046875000000000 0 0 1 0 8 128 122 130 124 118 126 119 127 
126 1885 0.29541015625000000000 0.10009765625000000000 0 0 1 0 8 127 125 132 115 113 499 124 500 
127 1886 0.30029296875000000000 0.10009765625000000000 0 0 1 0 8 130 128 133 126 124 500 125 132 
128 1887 0.30517578125000000000 0.10498046875000000000 0 0 1 0 8 129 123 131 125 119 127 122 130 
129 1888 0.31005859375000000000 0.10498046875000000000 0 0 1 0 8 174 168 176 128 122 130 123 131 
130 1889 0.30517578125000000000 0.10009765625000000000 0 0 1 0 8 131 129 134 127 125 132 128 133 
131 1890 0.31005859375000000000 0.10009765625000000000 0 0 1 0 8 176 174 198 130 128 133 129 134 
132 1891 0.30029296875000000000 0.09521484375000000000 0 0 1 0 8 133 130 135 500 126 501 127 502 
133 1892 0.30517578125000000000 0.09521484375000000000 0 0 1 0 8 134 131 136 132 127 502 130 135 
134 1893 0.31005859375000000000 0.09521484375000000000 0 0 1 0 8 198 176 200 133 130 135 131 136 
135 1894 0.30517578125000000000 0.09033203125000000000 0 0 1 0 8 136 134 137 502 132 503 133 504 
136 1895 0.31005859375000000000 0.09033203125000000000 0 0 1 0 8 200 198 206 135 133 504 134 137 
137 1896 0.31005859375000000000 0.08544921875000000000 0 0 1 0 8 206 200 208 504 135 505 136 506 
138 1897 0.32226562500000000000 0.16601562500000000000 0 0 1 0 11 139 510 144 21 456 92 509 140 94 141 146 
139 1898 0.34179687500000000000 0.16601562500000000000 0 0 1 0 11 512 511 156 138 509 141 510 144 143 145 157 
140 1899 0.31738281250000000000 0.15136718750000000000 0 0 1 0 8 141 138 143 92 21 94 139 142 
141 1900 0.32714843750000000000 0.15136718750000000000 0 0 1 0 8 144 139 146 140 138 142 21 143 
142 1901 0.31738281250000000000 0.14160156250000000000 0 0 1 0 8 143 141 149 94 92 100 140 148 
143 1902 0.32714843750000000000 0.14160156250000000000 0 0 1 0 8 146 144 152 142 140 148 141 149 
144 1903 0.33691406250000000000 0.15136718750000000000 0 0 1 0 8 145 139 147 141 138 143 512 146 
145 1904 0.34667968750000000000 0.15136718750000000000 0 0 1 0 8 156 512 157 144 139 146 138 147 
146 1905 0.33691406250000000000 0.14160156250000000000 0 0 1 0 8 147 145 153 143 141 149 144 152 
147 1906 0.34667968750000000000 0.14160156250000000000 0 0 1 0 8 157 156 159 146 144 152 145 153 
148 1907 0.31738281250000000000 0.13183593750000000000 0 0 1 0 8 149 143 151 100 94 102 142 150 
149 1908 0.32714843750000000000 0.13183593750000000000 0 0 1 0 8 152 146 154 148 142 150 143 151 
150 1909 0.31738281250000000000 0.12207031250000000000 0 0 1 0 11 151 149 170 102 100 121 148 166 123 167 172 
151 1910 0.32714843750000000000 0.12207031250000000000 0 0 1 0 11 154 152 182 150 148 167 149 170 169 171 184 
152 1911 0.33691406250000000000 0.13183593750000000000 0 0 1 0 8 153 147 155 149 143 151 146 154 
153 1912 0.34667968750000000000 0.13183593750000000000 0 0 1 0 8 159 157 161 152 146 154 147 155 
154 1913 0.33691406250000000000 0.12207031250000000000 0 0 1 0 11 155 153 186 151 149 171 152 182 173 183 188 
155 1914 0.34667968750000000000 0.12207031250000000000 0 0 1 0 11 161 159 230 154 152 183 153 186 185 187 232 
156 1915 0.35644531250000000000 0.15136718750000000000 0 0 1 0 8 514 512 158 145 139 147 513 157 
157 1916 0.35644531250000000000 0.14160156250000000000 0 0 1 0 8 158 514 160 147 145 153 156 159 
158 1917 0.36621093750000000000 0.14160156250000000000 0 0 1 0 8 516 515 163 157 156 159 514 160 
159 1918 0.35644531250000000000 0.13183593750000000000 0 0 1 0 8 160 158 162 153 147 155 157 161 
160 1919 0.36621093750000000000 0.13183593750000000000 0 0 1 0 8 163 516 164 159 157 161 158 162 
161 1920 0.35644531250000000000 0.12207031250000000000 0 0 1 0 11 162 160 234 155 153 187 159 230 189 231 236 
162 1921 0.36621093750000000000 0.12207031250000000000 0 0 1 0 11 164 163 246 161 159 231 160 234 233 235 248 
163 1922 0.37597656250000000000 0.13183593750000000000 0 0 1 0 8 518 517 165 160 158 162 516 164 
164 1923 0.37597656250000000000 0.12207031250000000000 0 0 1 0 11 165 518 250 162 160 235 163 246 237 247 252 
165 1924 0.38574218750000000000 0.12207031250000000000 0 0 1 0 10 294 519 295 164 163 247 518 250 249 251 
166 1925 0.31494140625000000000 0.11474609375000000000 0 0 1 0 8 167 150 169 121 102 123 151 168 
167 1926 0.31982421875000000000 0.11474609375000000000 0 0 1 0 8 170 151 172 166 150 168 102 169 
168 1927 0.31494140625000000000 0.10986328125000000000 0 0 1 0 8 169 167 175 123 121 129 166 174 
169 1928 0.31982421875000000000 0.10986328125000000000 0 0 1 0 8 172 170 178 168 166 174 167 175 
170 1929 0.32470703125000000000 0.11474609375000000000 0 0 1 0 8 171 151 173 167 150 169 154 172 
171 1930 0.32958984375000000000 0.11474609375000000000 0 0 1 0 8 182 154 184 170 151 172 150 173 
172 1931 0.32470703125000000000 0.10986328125000000000 0 0 1 0 8 173 171 179 169 167 175 170 178 
173 1932 0.32958984375000000000 0.10986328125000000000 0 0 1 0 8 184 182 190 172 170 178 171 179 
174 1933 0.31494140625000000000 0.10498046875000000000 0 0 1 0 8 175 169 177 129 123 131 168 176 
175 1934 0.31982421875000000000 0.10498046875000000000 0 0 1 0 8 178 172 180 174 168 176 169 177 
176 1935 0.31494140625000000000 0.10009765625000000000 0 0 1 0 8 177 175 199 131 129 134 174 198 
177 1936 0.31982421875000000000 0.10009765625000000000 0 0 1 0 8 180 178 202 176 174 198 175 199 
178 1937 0.32470703125000000000 0.10498046875000000000 0 0 1 0 8 179 173 181 175 169 177 172 180 
179 1938 0.32958984375000000000 0.10498046875000000000 0 0 1 0 8 190 184 192 178 172 180 173 181 
180 1939 0.32470703125000000000 0.10009765625000000000 0 0 1 0 8 181 179 203 177 175 199 178 202 
181 1940 0.32958984375000000000 0.10009765625000000000 0 0 1 0 8 192 190 214 180 178 202 179 203 
182 1941 0.33447265625000000000 0.11474609375000000000 0 0 1 0 8 183 154 185 171 151 173 155 184 
183 1942 0.33935546875000000000 0.11474609375000000000 0 0 1 0 8 186 155 188 182 154 184 151 185 
184 1943 0.33447265625000000000 0.10986328125000000000 0 0 1 0 8 185 183 191 173 171 179 182 190 
185 1944 0.33935546875000000000 0.10986328125000000000 0 0 1 0 8 188 186 194 184 182 190 183 191 
186 1945 0.34423828125000000000 0.11474609375000000000 0 0 1 0 8 187 155 189 183 154 185 161 188 
187 1946 0.34912109375000000000 0.11474609375000000000 0 0 1 0 8 230 161 232 186 155 188 154 189 
188 1947 0.34423828125000000000 0.10986328125000000000 0 0 1 0 8 189 187 195 185 183 191 186 194 
189 1948 0.34912109375000000000 0.10986328125000000000 0 0 1 0 8 232 230 238 188 186 194 187 195 
190 1949 0.33447265625000000000 0.10498046875000000000 0 0 1 0 8 191 185 193 179 173 181 184 192 
191 1950 0.33935546875000000000 0.10498046875000000000 0 0 1 0 8 194 188 196 190 184 192 185 193 
192 1951 0.33447265625000000000 0.10009765625000000000 0 0 1 0 8 193 191 215 181 179 203 190 214 
193 1952 0.33935546875000000000 0.10009765625000000000 0 0 1 0 8 196 194 218 192 190 214 191 215 
194 1953 0.34423828125000000000 0.10498046875000000000 0 0 1 0 8 195 189 197 191 185 193 188 196 
195 1954 0.34912109375000000000 0.10498046875000000000 0 0 1 0 8 238 232 240 194 188 196 189 197 
196 1955 0.34423828125000000000 0.10009765625000000000 0 0 1 0 8 197 195 219 193 191 215 194 218 
197 1956 0.34912109375000000000 0.10009765625000000000 0 0 1 0 8 240 238 262 196 194 218 195 219 
198 1957 0.31494140625000000000 0.09521484375000000000 0 0 1 0 8 199 177 201 134 131 136 176 200 
199 1958 0.31982421875000000000 0.09521484375000000000 0 0 1 0 8 202 180 204 198 176 200 177 201 
200 1959 0.31494140625000000000 0.09033203125000000000 0 0 1 0 8 201 199 207 136 134 137 198 206 
201 1960 0.31982421875000000000 0.09033203125000000000 0 0 1 0 8 204 202 210 200 198 206 199 207 
202 1961 0.32470703125000000000 0.09521484375000000000 0 0 1 0 8 203 181 205 199 177 201 180 204 
203 1962 0.32958984375000000000 0.09521484375000000000 0 0 1 0 8 214 192 216 202 180 204 181 205 
204 1963 0.32470703125000000000 0.09033203125000000000 0 0 1 0 8 205 203 211 201 199 207 202 210 
205 1964 0.32958984375000000000 0.09033203125000000000 0 0 1 0 8 216 214 222 204 202 210 203 211 
206 1965 0.31494140625000000000 0.08544921875000000000 0 0 1 0 8 207 201 209 137 136 506 200 208 
207 1966 0.31982421875000000000 0.08544921875000000000 0 0 1 0 8 210 204 212 206 200 208 201 209 
208 1967 0.31494140625000000000 0.08056640625000000000 0 0 1 0 11 209 207 312 506 137 507 206 309 508 310 314 
209 1968 0.31982421875000000000 0.08056640625000000000 0 0 1 0 11 212 210 322 208 206 310 207 312 311 313 324 
210 1969 0.32470703125000000000 0.08544921875000000000 0 0 1 0 8 211 205 213 207 201 209 204 212 
211 1970 0.32958984375000000000 0.08544921875000000000 0 0 1 0 8 222 216 224 210 204 212 205 213 
212 1971 0.32470703125000000000 0.08056640625000000000 0 0 1 0 11 213 211 326 209 207 313 210 322 315 323 328 
213 1972 0.32958984375000000000 0.08056640625000000000 0 0 1 0 11 224 222 342 212 210 323 211 326 325 327 344 
214 1973 0.33447265625000000000 0.09521484375000000000 0 0 1 0 8 215 193 217 203 181 205 192 216 
215 1974 0.33935546875000000000 0.09521484375000000000 0 0 1 0 8 218 196 220 214 192 216 193 217 
216 1975 0.33447265625000000000 0.09033203125000000000 0 0 1 0 8 217 215 223 205 203 211 214 222 
217 1976 0.33935546875000000000 0.09033203125000000000 0 0 1 0 8 220 218 226 216 214 222 215 223 
218 1977 0.34423828125000000000 0.09521484375000000000 0 0 1 0 8 219 197 221 215 193 217 196 220 
219 1978 0.34912109375000000000 0.09521484375000000000 0 0 1 0 8 262 240 264 218 196 220 197 221 
220 1979 0.34423828125000000000 0.09033203125000000000 0 0 1 0 8 221 219 227 217 215 223 218 226 
221 1980 0.34912109375000000000 0.09033203125000000000 0 0 1 0 8 264 262 270 220 218 226 219 227 
222 1981 0.33447265625000000000 0.08544921875000000000 0 0 1 0 8 223 217 225 211 205 213 216 224 
223 1982 0.33935546875000000000 0.08544921875000000000 0 0 1 0 8 226 220 228 222 216 224 217 225 
224 1983 0.33447265625000000000 0.08056640625000000000 0 0 1 0 11 225 223 346 213 211 327 222 342 329 343 348 
225 1984 0.33935546875000000000 0.08056640625000000000 0 0 1 0 11 228 226 358 224 222 343 223 346 345 347 360 
226 1985 0.34423828125000000000 0.08544921875000000000 0 0 1 0 8 227 221 229 223 217 225 220 228 
227 1986 0.34912109375000000000 0.08544921875000000000 0 0 1 0 8 270 264 272 226 220 228 221 229 
228 1987 0.34423828125000000000 0.08056640625000000000 0 0 1 0 11 229 227 362 225 223 347 226 358 349 359 364 
229 1988 0.34912109375000000000 0.08056640625000000000 0 0 1 0 10 272 270 380 228 226 359 227 362 361 363 
230 1989 0.35400390625000000000 0.11474609375000000000 0 0 1 0 8 231 161 233 187 155 189 162 232 
231 1990 0.35888671875000000000 0.11474609375000000000 0 0 1 0 8 234 162 236 230 161 232 155 233 
232 1991 0.35400390625000000000 0.10986328125000000000 0 0 1 0 8 233 231 239 189 187 195 230 238 
233 1992 0.35888671875000000000 0.10986328125000000000 0 0 1 0 8 236 234 242 232 230 238 231 239 
234 1993 0.36376953125000000000 0.11474609375000000000 0 0 1 0 8 235 162 237 231 161 233 164 236 
235 1994 0.36865234375000000000 0.11474609375000000000 0 0 1 0 8 246 164 248 234 162 236 161 237 
236 1995 0.36376953125000000000 0.10986328125000000000 0 0 1 0 8 237 235 243 233 231 239 234 242 
237 1996 0.36865234375000000000 0.10986328125000000000 0 0 1 0 8 248 246 254 236 234 242 235 243 
238 1997 0.35400390625000000000 0.10498046875000000000 0 0 1 0 8 239 233 241 195 189 197 232 240 
239 1998 0.35888671875000000000 0.10498046875000000000 0 0 1 0 8 242 236 244 238 232 240 233 241 
240 1999 0.35400390625000000000 0.10009765625000000000 0 0 1 0 8 241 239 263 197 195 219 238 262 
241 2000 0.35888671875000000000 0.10009765625000000000 0 0 1 0 8 244 242 266 240 238 262 239 263 
242 2001 0.36376953125000000000 0.10498046875000000000 0 0 1 0 8 243 237 245 239 233 241 236 244 
243 2002 0.36865234375000000000 0.10498046875000000000 0 0 1 0 8 254 248 256 242 236 244 237 245 
244 2003 0.36376953125000000000 0.10009765625000000000 0 0 1 0 8 245 243 267 241 239 263 242 266 
245 2004 0.36865234375000000000 0.10009765625000000000 0 0 1 0 8 256 254 278 244 242 266 243 267 
246 2005 0.37353515625000000000 0.11474609375000000000 0 0 1 0 8 247 164 249 235 162 237 165 248 
247 2006 0.37841796875000000000 0.11474609375000000000 0 0 1 0 8 250 165 252 246 164 248 162 249 
248 2007 0.37353515625000000000 0.10986328125000000000 0 0 1 0 8 249 247 255 237 235 243 246 254 
249 2008 0.37841796875000000000 0.10986328125000000000 0 0 1 0 8 252 250 258 248 246 254 247 255 
250 2009 0.38330078125000000000 0.11474609375000000000 0 0 1 0 8 251 165 253 247 164 249 294 252 
251 2010 0.38818359375000000000 0.11474609375000000000 0 0 1 0 8 295 294 297 250 165 252 164 253 
252 2011 0.38330078125000000000 0.10986328125000000000 0 0 1 0 8 253 251 259 249 247 255 250 258 
253 2012 0.38818359375000000000 0.10986328125000000000 0 0 1 0 8 295 294 297 252 250 258 251 259 
254 2013 0.37353515625000000000 0.10498046875000000000 0 0 1 0 8 255 249 257 243 237 245 248 256 
255 2014 0.37841796875000000000 0.10498046875000000000 0 0 1 0 8 258 252 260 254 248 256 249 257 
256 2015 0.37353515625000000000 0.10009765625000000000 0 0 1 0 8 257 255 279 245 243 267 254 278 
257 2016 0.37841796875000000000 0.10009765625000000000 0 0 1 0 8 260 258 282 256 254 278 255 279 
258 2017 0.38330078125000000000 0.10498046875000000000 0 0 1 0 8 259 253 261 255 249 257 252 260 
259 2018 0.38818359375000000000 0.10498046875000000000 0 0 1 0 8 297 295 300 258 252 260 253 261 
260 2019 0.38330078125000000000 0.10009765625000000000 0 0 1 0 8 261 259 283 257 255 279 258 282 
261 2020 0.38818359375000000000 0.10009765625000000000 0 0 1 0 8 297 295 300 260 258 282 259 283 
262 2021 0.35400390625000000000 0.09521484375000000000 0 0 1 0 8 263 241 265 219 197 221 240 264 
263 2022 0.35888671875000000000 0.09521484375000000000 0 0 1 0 8 266 244 268 262 240 264 241 265 
264 2023 0.35400390625000000000 0.09033203125000000000 0 0 1 0 8 265 263 271 221 219 227 262 270 
265 2024 0.35888671875000000000 0.09033203125000000000 0 0 1 0 8 268 266 274 264 262 270 263 271 
266 2025 0.36376953125000000000 0.09521484375000000000 0 0 1 0 8 267 245 269 263 241 265 244 268 
267 2026 0.36865234375000000000 0.09521484375000000000 0 0 1 0 8 278 256 280 266 244 268 245 269 
268 2027 0.36376953125000000000 0.09033203125000000000 0 0 1 0 8 269 267 275 265 263 271 266 274 
269 2028 0.36865234375000000000 0.09033203125000000000 0 0 1 0 8 280 278 286 268 266 274 267 275 
270 2029 0.35400390625000000000 0.08544921875000000000 0 0 1 0 8 271 265 273 227 221 229 264 272 
271 2030 0.35888671875000000000 0.08544921875000000000 0 0 1 0 8 274 268 276 270 264 272 265 273 
272 2031 0.35400390625000000000 0.08056640625000000000 0 0 1 0 9 273 271 381 229 227 363 270 380 365 
273 2032 0.35888671875000000000 0.08056640625000000000 0 0 1 0 8 276 274 384 272 270 380 271 381 
274 2033 0.36376953125000000000 0.08544921875000000000 0 0 1 0 8 275 269 277 271 265 273 268 276 
275 2034 0.36865234375000000000 0.08544921875000000000 0 0 1 0 8 286 280 288 274 268 276 269 277 
276 2035 0.36376953125000000000 0.08056640625000000000 0 0 1 0 8 277 275 385 273 271 381 274 384 
277 2036 0.36865234375000000000 0.08056640625000000000 0 0 1 0 8 288 286 393 276 274 384 275 385 
278 2037 0.37353515625000000000 0.09521484375000000000 0 0 1 0 8 279 257 281 267 245 269 256 280 
279 2038 0.37841796875000000000 0.09521484375000000000 0 0 1 0 8 282 260 284 278 256 280 257 281 
280 2039 0.37353515625000000000 0.09033203125000000000 0 0 1 0 8 281 279 287 269 267 275 278 286 
281 2040 0.37841796875000000000 0.09033203125000000000 0 0 1 0 8 284 282 290 280 278 286 279 287 
282 2041 0.38330078125000000000 0.09521484375000000000 0 0 1 0 8 283 261 285 279 257 281 260 284 
283 2042 0.38818359375000000000 0.09521484375000000000 0 0 1 0 8 300 297 302 282 260 284 261 285 
284 2043 0.38330078125000000000 0.09033203125000000000 0 0 1 0 8 285 283 291 281 279 287 282 290 
285 2044 0.38818359375000000000 0.09033203125000000000 0 0 1 0 8 300 297 302 284 282 290 283 291 
286 2045 0.37353515625000000000 0.08544921875000000000 0 0 1 0 8 287 281 289 275 269 277 280 288 
287 2046 0.37841796875000000000 0.08544921875000000000 0 0 1 0 8 290 284 292 286 280 288 281 289 
288 2047 0.37353515625000000000 0.08056640625000000000 0 0 1 0 8 289 287 394 277 275 385 286 393 
289 2048 0.37841796875000000000 0.08056640625000000000 0 0 1 0 8 292 290 397 288 286 393 287 394 
290 2049 0.38330078125000000000 0.08544921875000000000 0 0 1 0 8 291 285 293 287 281 289 284 292 
291 2050 0.38818359375000000000 0.08544921875000000000 0 0 1 0 7 302 300 290 284 292 285 293 
292 2051 0.38330078125000000000 0.08056640625000000000 0 0 1 0 8 293 291 398 289 287 394 290 397 
293 2052 0.38818359375000000000 0.08056640625000000000 0 0 1 0 8 302 300 292 290 397 291 398 409 
294 2053 0.39550781250000000000 0.12207031250000000000 0 0 1 0 9 521 520 296 165 518 251 519 295 253 
295 2054 0.39550781250000000000 0.11230468750000000000 0 0 1 0 10 296 521 298 251 165 253 259 294 297 261 
296 2055 0.40527343750000000000 0.11230468750000000000 0 0 1 0 8 523 522 299 295 294 297 521 298 
297 2056 0.39550781250000000000 0.10253906250000000000 0 0 1 0 10 298 296 301 259 253 261 283 295 300 285 
298 2057 0.40527343750000000000 0.10253906250000000000 0 0 1 0 8 299 523 304 297 295 300 296 301 
299 2058 0.41503906250000000000 0.10253906250000000000 0 0 1 0 8 525 524 305 298 296 301 523 304 
300 2059 0.39550781250000000000 0.09277343750000000000 0 0 1 0 10 301 298 303 283 261 285 291 297 302 293 
301 2060 0.40527343750000000000 0.09277343750000000000 0 0 1 0 8 304 299 306 300 297 302 298 303 
302 2061 0.39550781250000000000 0.08300781250000000000 0 0 1 0 12 303 301 413 291 285 293 398 300 409 400 410 415 
303 2062 0.40527343750000000000 0.08300781250000000000 0 0 1 0 11 306 304 425 302 300 410 301 413 412 414 427 
304 2063 0.41503906250000000000 0.09277343750000000000 0 0 1 0 8 305 525 307 301 298 303 299 306 
305 2064 0.42480468750000000000 0.09277343750000000000 0 0 1 0 8 527 526 308 304 299 306 525 307 
306 2065 0.41503906250000000000 0.08300781250000000000 0 0 1 0 11 307 305 429 303 301 414 304 425 416 426 431 
307 2066 0.42480468750000000000 0.08300781250000000000 0 0 1 0 11 308 527 441 306 304 426 305 429 428 430 442 
308 2067 0.43457031250000000000 0.08300781250000000000 0 0 1 0 11 529 528 537 307 305 430 527 441 432 535 538 
309 2068 0.31372070312500000000 0.07690429687500000000 0 0 1 0 8 310 208 311 507 506 508 209 530 
310 2069 0.31616210937500000000 0.07690429687500000000 0 0 1 0 8 312 209 314 309 208 530 506 311 
311 2070 0.31616210937500000000 0.07446289062500000000 0 0 1 0 8 314 312 318 530 309 531 310 316 
312 2071 0.31860351562500000000 0.07690429687500000000 0 0 1 0 8 313 209 315 310 208 311 212 314 
313 2072 0.32104492187500000000 0.07690429687500000000 0 0 1 0 8 322 212 324 312 209 314 208 315 
314 2073 0.31860351562500000000 0.07446289062500000000 0 0 1 0 8 315 313 319 311 310 316 312 318 
315 2074 0.32104492187500000000 0.07446289062500000000 0 0 1 0 8 324 322 330 314 312 318 313 319 
316 2075 0.31616210937500000000 0.07202148437500000000 0 0 1 0 8 318 314 320 531 530 532 311 317 
317 2076 0.31616210937500000000 0.06958007812500000000 0 0 1 0 7 320 318 338 532 531 533 316 
318 2077 0.31860351562500000000 0.07202148437500000000 0 0 1 0 8 319 315 321 316 311 317 314 320 
319 2078 0.32104492187500000000 0.07202148437500000000 0 0 1 0 8 330 324 332 318 314 320 315 321 
320 2079 0.31860351562500000000 0.06958007812500000000 0 0 1 0 8 321 319 338 317 316 533 318 339 
321 2080 0.32104492187500000000 0.06958007812500000000 0 0 1 0 8 332 330 339 320 318 338 319 533 
322 2081 0.32348632812500000000 0.07690429687500000000 0 0 1 0 8 323 212 325 313 209 315 213 324 
323 2082 0.32592773437500000000 0.07690429687500000000 0 0 1 0 8 326 213 328 322 212 324 209 325 
324 2083 0.32348632812500000000 0.07446289062500000000 0 0 1 0 8 325 323 331 315 313 319 322 330 
325 2084 0.32592773437500000000 0.07446289062500000000 0 0 1 0 8 328 326 334 324 322 330 323 331 
326 2085 0.32836914062500000000 0.07690429687500000000 0 0 1 0 8 327 213 329 323 212 325 224 328 
327 2086 0.33081054687500000000 0.07690429687500000000 0 0 1 0 8 342 224 344 326 213 328 212 329 
328 2087 0.32836914062500000000 0.07446289062500000000 0 0 1 0 8 329 327 335 325 323 331 326 334 
329 2088 0.33081054687500000000 0.07446289062500000000 0 0 1 0 8 344 342 350 328 326 334 327 335 
330 2089 0.32348632812500000000 0.07202148437500000000 0 0 1 0 8 331 325 333 319 315 321 324 332 
331 2090 0.32592773437500000000 0.07202148437500000000 0 0 1 0 8 334 328 336 330 324 332 325 333 
332 2091 0.32348632812500000000 0.06958007812500000000 0 0 1 0 8 333 331 339 321 319 338 330 340 
333 2092 0.32592773437500000000 0.06958007812500000000 0 0 1 0 8 336 334 340 332 330 339 331 338 
334 2093 0.32836914062500000000 0.07202148437500000000 0 0 1 0 8 335 329 337 331 325 333 328 336 
335 2094 0.33081054687500000000 0.07202148437500000000 0 0 1 0 8 350 344 352 334 328 336 329 337 
336 2095 0.32836914062500000000 0.06958007812500000000 0 0 1 0 8 337 335 340 333 331 339 334 374 
337 2096 0.33081054687500000000 0.06958007812500000000 0 0 1 0 8 352 350 374 336 334 340 335 339 
338 2097 0.31982421875000000000 0.06591796875000000000 0 0 1 0 9 339 332 341 533 317 534 321 320 1 
339 2098 0.32470703125000000000 0.06591796875000000000 0 0 1 0 9 340 336 2 338 321 1 333 332 341 
340 2099 0.32958984375000000000 0.06591796875000000000 0 0 1 0 9 374 352 376 339 333 341 337 336 2 
341 2100 0.32470703125000000000 0.06103515625000000000 0 0 1 0 5 2 340 1 338 339 
342 2101 0.33325195312500000000 0.07690429687500000000 0 0 1 0 8 343 224 345 327 213 329 225 344 
343 2102 0.33569335937500000000 0.07690429687500000000 0 0 1 0 8 346 225 348 342 224 344 213 345 
344 2103 0.33325195312500000000 0.07446289062500000000 0 0 1 0 8 345 343 351 329 327 335 342 350 
345 2104 0.33569335937500000000 0.07446289062500000000 0 0 1 0 8 348 346 354 344 342 350 343 351 
346 2105 0.33813476562500000000 0.07690429687500000000 0 0 1 0 8 347 225 349 343 224 345 228 348 
347 2106 0.34057617187500000000 0.07690429687500000000 0 0 1 0 8 358 228 360 346 225 348 224 349 
348 2107 0.33813476562500000000 0.07446289062500000000 0 0 1 0 8 349 347 355 345 343 351 346 354 
349 2108 0.34057617187500000000 0.07446289062500000000 0 0 1 0 8 360 358 366 348 346 354 347 355 
350 2109 0.33325195312500000000 0.07202148437500000000 0 0 1 0 8 351 345 353 335 329 337 344 352 
351 2110 0.33569335937500000000 0.07202148437500000000 0 0 1 0 8 354 348 356 350 344 352 345 353 
352 2111 0.33325195312500000000 0.06958007812500000000 0 0 1 0 8 353 351 374 337 335 340 350 375 
353 2112 0.33569335937500000000 0.06958007812500000000 0 0 1 0 8 356 354 375 352 350 374 351 340 
354 2113 0.33813476562500000000 0.07202148437500000000 0 0 1 0 8 355 349 357 351 345 353 348 356 
355 2114 0.34057617187500000000 0.07202148437500000000 0 0 1 0 8 366 360 368 354 348 356 349 357 
356 2115 0.33813476562500000000 0.06958007812500000000 0 0 1 0 8 357 355 375 353 351 374 354 377 
357 2116 0.34057617187500000000 0.06958007812500000000 0 0 1 0 8 368 366 377 356 354 375 355 374 
358 2117 0.34301757812500000000 0.07690429687500000000 0 0 1 0 8 359 228 361 347 225 349 229 360 
359 2118 0.34545898437500000000 0.07690429687500000000 0 0 1 0 8 362 229 364 358 228 360 225 361 
360 2119 0.34301757812500000000 0.07446289062500000000 0 0 1 0 8 361 359 367 349 347 355 358 366 
361 2120 0.34545898437500000000 0.07446289062500000000 0 0 1 0 8 364 362 370 360 358 366 359 367 
362 2121 0.34790039062500000000 0.07690429687500000000 0 0 1 0 8 363 229 365 359 228 361 272 364 
363 2122 0.35034179687500000000 0.07690429687500000000 0 0 1 0 8 380 272 382 362 229 364 228 365 
364 2123 0.34790039062500000000 0.07446289062500000000 0 0 1 0 8 365 363 371 361 359 367 362 370 
365 2124 0.35034179687500000000 0.07446289062500000000 0 0 1 0 8 380 272 382 364 362 370 363 371 
366 2125 0.34301757812500000000 0.07202148437500000000 0 0 1 0 8 367 361 369 355 349 357 360 368 
367 2126 0.34545898437500000000 0.07202148437500000000 0 0 1 0 8 370 364 372 366 360 368 361 369 
368 2127 0.34301757812500000000 0.06958007812500000000 0 0 1 0 8 369 367 377 357 355 375 366 378 
369 2128 0.34545898437500000000 0.06958007812500000000 0 0 1 0 8 372 370 378 368 366 377 367 375 
370 2129 0.34790039062500000000 0.07202148437500000000 0 0 1 0 8 371 365 373 367 361 369 364 372 
371 2130 0.35034179687500000000 0.07202148437500000000 0 0 1 0 8 382 380 388 370 364 372 365 373 
372 2131 0.34790039062500000000 0.06958007812500000000 0 0 1 0 8 373 371 378 369 367 377 370 388 
373 2132 0.35034179687500000000 0.06958007812500000000 0 0 1 0 8 382 380 388 372 370 378 371 377 
374 2133 0.33447265625000000000 0.06591796875000000000 0 0 1 0 9 375 356 3 340 337 2 353 352 376 
375 2134 0.33935546875000000000 0.06591796875000000000 0 0 1 0 9 377 368 379 374 353 376 357 356 3 
376 2135 0.33447265625000000000 0.06103515625000000000 0 0 1 0 5 3 375 2 340 374 
377 2136 0.34423828125000000000 0.06591796875000000000 0 0 1 0 9 378 372 4 375 357 3 369 368 379 
378 2137 0.34912109375000000000 0.06591796875000000000 0 0 1 0 9 388 382 5 377 369 379 373 372 4 
379 2138 0.34423828125000000000 0.06103515625000000000 0 0 1 0 5 4 378 3 375 377 
380 2139 0.35400390625000000000 0.07568359375000000000 0 0 1 0 10 381 273 383 363 229 365 371 272 382 373 
381 2140 0.35888671875000000000 0.07568359375000000000 0 0 1 0 8 384 276 386 380 272 382 273 383 
382 2141 0.35400390625000000000 0.07080078125000000000 0 0 1 0 9 383 381 389 371 365 373 378 380 388 
383 2142 0.35888671875000000000 0.07080078125000000000 0 0 1 0 8 386 384 390 382 380 388 381 389 
384 2143 0.36376953125000000000 0.07568359375000000000 0 0 1 0 8 385 277 387 381 273 383 276 386 
385 2144 0.36865234375000000000 0.07568359375000000000 0 0 1 0 8 393 288 395 384 276 386 277 387 
386 2145 0.36376953125000000000 0.07080078125000000000 0 0 1 0 8 387 385 391 383 381 389 384 390 
387 2146 0.36865234375000000000 0.07080078125000000000 0 0 1 0 8 395 393 401 386 384 390 385 391 
388 2147 0.35400390625000000000 0.06591796875000000000 0 0 1 0 8 389 383 6 378 373 4 382 5 
389 2148 0.35888671875000000000 0.06591796875000000000 0 0 1 0 8 390 386 7 388 382 5 383 6 
390 2149 0.36376953125000000000 0.06591796875000000000 0 0 1 0 8 391 387 392 389 383 6 386 7 
391 2150 0.36865234375000000000 0.06591796875000000000 0 0 1 0 8 401 395 403 390 386 7 387 392 
392 2151 0.36865234375000000000 0.06103515625000000000 0 0 1 0 7 403 401 9 7 390 8 391 
393 2152 0.37353515625000000000 0.07568359375000000000 0 0 1 0 8 394 289 396 385 277 387 288 395 
394 2153 0.37841796875000000000 0.07568359375000000000 0 0 1 0 8 397 292 399 393 288 395 289 396 
395 2154 0.37353515625000000000 0.07080078125000000000 0 0 1 0 8 396 394 402 387 385 391 393 401 
396 2155 0.37841796875000000000 0.07080078125000000000 0 0 1 0 8 399 397 405 395 393 401 394 402 
397 2156 0.38330078125000000000 0.07568359375000000000 0 0 1 0 8 398 293 400 394 289 396 292 399 
398 2157 0.38818359375000000000 0.07568359375000000000 0 0 1 0 8 409 302 411 397 292 399 293 400 
399 2158 0.38330078125000000000 0.07080078125000000000 0 0 1 0 8 400 398 406 396 394 402 397 405 
400 2159 0.38818359375000000000 0.07080078125000000000 0 0 1 0 8 411 409 417 399 397 405 398 406 
401 2160 0.37353515625000000000 0.06591796875000000000 0 0 1 0 8 402 396 404 391 387 392 395 403 
402 2161 0.37841796875000000000 0.06591796875000000000 0 0 1 0 8 405 399 407 401 395 403 396 404 
403 2162 0.37353515625000000000 0.06103515625000000000 0 0 1 0 8 404 402 9 392 391 8 401 10 
404 2163 0.37841796875000000000 0.06103515625000000000 0 0 1 0 8 407 405 10 403 401 9 402 8 
405 2164 0.38330078125000000000 0.06591796875000000000 0 0 1 0 8 406 400 408 402 396 404 399 407 
406 2165 0.38818359375000000000 0.06591796875000000000 0 0 1 0 8 417 411 419 405 399 407 400 408 
407 2166 0.38330078125000000000 0.06103515625000000000 0 0 1 0 8 408 406 10 404 402 9 405 11 
408 2167 0.38818359375000000000 0.06103515625000000000 0 0 1 0 8 419 417 11 407 405 10 406 9 
409 2168 0.39306640625000000000 0.07568359375000000000 0 0 1 0 8 410 302 412 398 293 400 303 411 
410 2169 0.39794921875000000000 0.07568359375000000000 0 0 1 0 7 413 303 415 409 302 411 412 
411 2170 0.39306640625000000000 0.07080078125000000000 0 0 1 0 8 412 410 418 400 398 406 409 417 
412 2171 0.39794921875000000000 0.07080078125000000000 0 0 1 0 8 415 413 421 411 409 417 410 418 
413 2172 0.40283203125000000000 0.07568359375000000000 0 0 1 0 8 414 303 416 410 302 412 306 415 
414 2173 0.40771484375000000000 0.07568359375000000000 0 0 1 0 8 425 306 427 413 303 415 302 416 
415 2174 0.40283203125000000000 0.07080078125000000000 0 0 1 0 8 416 414 422 412 410 418 413 421 
416 2175 0.40771484375000000000 0.07080078125000000000 0 0 1 0 8 427 425 433 415 413 421 414 422 
417 2176 0.39306640625000000000 0.06591796875000000000 0 0 1 0 8 418 412 420 406 400 408 411 419 
418 2177 0.39794921875000000000 0.06591796875000000000 0 0 1 0 8 421 415 423 417 411 419 412 420 
419 2178 0.39306640625000000000 0.06103515625000000000 0 0 1 0 8 420 418 11 408 406 10 417 12 
420 2179 0.39794921875000000000 0.06103515625000000000 0 0 1 0 8 423 421 12 419 417 11 418 10 
421 2180 0.40283203125000000000 0.06591796875000000000 0 0 1 0 8 422 416 424 418 412 420 415 423 
422 2181 0.40771484375000000000 0.06591796875000000000 0 0 1 0 8 433 427 435 421 415 423 416 424 
423 2182 0.40283203125000000000 0.06103515625000000000 0 0 1 0 8 424 422 12 420 418 11 421 13 
424 2183 0.40771484375000000000 0.06103515625000000000 0 0 1 0 8 435 433 13 423 421 12 422 11 
425 2184 0.41259765625000000000 0.07568359375000000000 0 0 1 0 8 426 306 428 414 303 416 307 427 
426 2185 0.41748046875000000000 0.07568359375000000000 0 0 1 0 8 429 307 431 425 306 427 303 428 
427 2186 0.41259765625000000000 0.07080078125000000000 0 0 1 0 8 428 426 434 416 414 422 425 433 
428 2187 0.41748046875000000000 0.07080078125000000000 0 0 1 0 8 431 429 437 427 425 433 426 434 
429 2188 0.42236328125000000000 0.07568359375000000000 0 0 1 0 8 430 307 432 426 306 428 308 431 
430 2189 0.42724609375000000000 0.07568359375000000000 0 0 1 0 8 441 308 442 429 307 431 306 432 
431 2190 0.42236328125000000000 0.07080078125000000000 0 0 1 0 8 432 430 438 428 426 434 429 437 
432 2191 0.42724609375000000000 0.07080078125000000000 0 0 1 0 8 442 441 443 431 429 437 430 438 
433 2192 0.41259765625000000000 0.06591796875000000000 0 0 1 0 8 434 428 436 422 416 424 427 435 
434 2193 0.41748046875000000000 0.06591796875000000000 0 0 1 0 8 437 431 439 433 427 435 428 436 
435 2194 0.41259765625000000000 0.06103515625000000000 0 0 1 0 8 436 434 13 424 422 12 433 14 
436 2195 0.41748046875000000000 0.06103515625000000000 0 0 1 0 8 439 437 14 435 433 13 434 12 
437 2196 0.42236328125000000000 0.06591796875000000000 0 0 1 0 8 438 432 440 434 428 436 431 439 
438 2197 0.42724609375000000000 0.06591796875000000000 0 0 1 0 8 443 442 444 437 431 439 432 440 
439 2198 0.42236328125000000000 0.06103515625000000000 0 0 1 0 8 440 438 14 436 434 13 437 446 
440 2199 0.42724609375000000000 0.06103515625000000000 0 0 1 0 8 444 443 446 439 437 14 438 13 
441 2200 0.43212890625000000000 0.07568359375000000000 0 0 1 0 8 535 308 536 430 307 432 529 442 
442 2201 0.43212890625000000000 0.07080078125000000000 0 0 1 0 8 536 535 539 432 430 438 441 443 
443 2202 0.43212890625000000000 0.06591796875000000000 0 0 1 0 8 539 536 540 438 432 440 442 444 
444 2203 0.43212890625000000000 0.06103515625000000000 0 0 1 0 8 540 539 446 440 438 14 443 447 
