565 434 131
1 3904 0.78712216000000001515 0.02663880399999999857 435 2 0 1 6 336 544 326 325 435 2 
2 3905 0.79507901999999996967 0.02575942499999999899 1 3 0 1 7 342 340 326 337 336 1 3 
3 3906 0.80292282999999997628 0.02488421600000000067 2 4 0 1 9 375 357 377 342 341 354 353 2 4 
4 3907 0.81065058000000000948 0.02401385199999999873 3 5 0 1 8 5 378 377 389 390 357 393 3 
5 3908 0.81825932000000001221 0.02314901100000000059 4 436 0 1 8 409 410 436 416 404 406 407 4 
6 3909 0.60546875000000000000 0.44921875000000000000 0 0 1 0 8 23 20 25 442 438 7 439 8 
7 3910 0.56640625000000000000 0.41015625000000000000 0 0 1 0 8 8 6 10 441 440 443 442 9 
8 3911 0.60546875000000000000 0.41015625000000000000 0 0 1 0 8 25 23 31 7 442 9 6 10 
9 3912 0.56640625000000000000 0.37109375000000000000 0 0 1 0 8 10 8 11 443 441 444 7 445 
10 3913 0.60546875000000000000 0.37109375000000000000 0 0 1 0 8 31 25 33 9 7 445 8 11 
11 3914 0.60546875000000000000 0.33203125000000000000 0 0 1 0 11 33 31 48 445 9 446 10 448 447 12 50 
12 3915 0.61523437500000000000 0.30273437500000000000 0 0 1 0 8 48 33 50 448 11 449 445 13 
13 3916 0.61523437500000000000 0.28320312500000000000 0 0 1 0 8 50 48 56 449 448 450 12 14 
14 3917 0.61523437500000000000 0.26367187500000000000 0 0 1 0 8 56 50 58 450 449 451 13 15 
15 3918 0.61523437500000000000 0.24414062500000000000 0 0 1 0 8 58 56 80 451 450 452 14 16 
16 3919 0.61523437500000000000 0.22460937500000000000 0 0 1 0 8 80 58 82 452 451 453 15 17 
17 3920 0.61523437500000000000 0.20507812500000000000 0 0 1 0 8 82 80 88 453 452 454 16 18 
18 3921 0.61523437500000000000 0.18554687500000000000 0 0 1 0 8 88 82 475 454 453 455 17 456 
19 3922 0.68359375000000000000 0.52734375000000000000 0 0 1 0 8 461 459 22 460 457 20 458 21 
20 3923 0.64453125000000000000 0.48828125000000000000 0 0 1 0 8 21 19 24 439 437 6 460 23 
21 3924 0.68359375000000000000 0.48828125000000000000 0 0 1 0 8 22 461 27 20 460 23 19 24 
22 3925 0.72265625000000000000 0.48828125000000000000 0 0 1 0 8 463 462 28 21 19 24 461 27 
23 3926 0.64453125000000000000 0.44921875000000000000 0 0 1 0 8 24 21 26 6 439 8 20 25 
24 3927 0.68359375000000000000 0.44921875000000000000 0 0 1 0 8 27 22 29 23 20 25 21 26 
25 3928 0.64453125000000000000 0.41015625000000000000 0 0 1 0 8 26 24 32 8 6 10 23 31 
26 3929 0.68359375000000000000 0.41015625000000000000 0 0 1 0 8 29 27 35 25 23 31 24 32 
27 3930 0.72265625000000000000 0.44921875000000000000 0 0 1 0 8 28 463 30 24 21 26 22 29 
28 3931 0.76171875000000000000 0.44921875000000000000 0 0 1 0 8 465 464 39 27 22 29 463 30 
29 3932 0.72265625000000000000 0.41015625000000000000 0 0 1 0 8 30 28 36 26 24 32 27 35 
30 3933 0.76171875000000000000 0.41015625000000000000 0 0 1 0 8 39 465 40 29 27 35 28 36 
31 3934 0.64453125000000000000 0.37109375000000000000 0 0 1 0 8 32 26 34 10 8 11 25 33 
32 3935 0.68359375000000000000 0.37109375000000000000 0 0 1 0 8 35 29 37 31 25 33 26 34 
33 3936 0.64453125000000000000 0.33203125000000000000 0 0 1 0 11 34 32 52 11 10 12 31 48 13 49 54 
34 3937 0.68359375000000000000 0.33203125000000000000 0 0 1 0 11 37 35 64 33 31 49 32 52 51 53 66 
35 3938 0.72265625000000000000 0.37109375000000000000 0 0 1 0 8 36 30 38 32 26 34 29 37 
36 3939 0.76171875000000000000 0.37109375000000000000 0 0 1 0 8 40 39 42 35 29 37 30 38 
37 3940 0.72265625000000000000 0.33203125000000000000 0 0 1 0 11 38 36 68 34 32 53 35 64 55 65 70 
38 3941 0.76171875000000000000 0.33203125000000000000 0 0 1 0 11 42 40 111 37 35 65 36 68 67 69 113 
39 3942 0.80078125000000000000 0.41015625000000000000 0 0 1 0 8 467 466 41 30 28 36 465 40 
40 3943 0.80078125000000000000 0.37109375000000000000 0 0 1 0 8 41 467 43 36 30 38 39 42 
41 3944 0.83984375000000000000 0.37109375000000000000 0 0 1 0 8 469 468 44 40 39 42 467 43 
42 3945 0.80078125000000000000 0.33203125000000000000 0 0 1 0 11 43 41 115 38 36 69 40 111 71 112 117 
43 3946 0.83984375000000000000 0.33203125000000000000 0 0 1 0 11 44 469 127 42 40 112 41 115 114 116 129 
44 3947 0.87890625000000000000 0.33203125000000000000 0 0 1 0 11 45 470 131 43 41 116 469 127 118 128 133 
45 3948 0.91796875000000000000 0.33203125000000000000 0 0 1 0 11 46 471 417 44 469 128 470 131 130 132 419 
46 3949 0.95703125000000000000 0.33203125000000000000 0 0 1 0 11 47 472 421 45 470 132 471 417 134 418 423 
47 3950 0.99609375000000000000 0.33203125000000000000 0 0 1 0 11 474 473 555 46 471 418 472 421 420 422 556 
48 3951 0.63476562500000000000 0.30273437500000000000 0 0 1 0 8 49 33 51 12 11 13 34 50 
49 3952 0.65429687500000000000 0.30273437500000000000 0 0 1 0 8 52 34 54 48 33 50 11 51 
50 3953 0.63476562500000000000 0.28320312500000000000 0 0 1 0 8 51 49 57 13 12 14 48 56 
51 3954 0.65429687500000000000 0.28320312500000000000 0 0 1 0 8 54 52 60 50 48 56 49 57 
52 3955 0.67382812500000000000 0.30273437500000000000 0 0 1 0 8 53 34 55 49 33 51 37 54 
53 3956 0.69335937500000000000 0.30273437500000000000 0 0 1 0 8 64 37 66 52 34 54 33 55 
54 3957 0.67382812500000000000 0.28320312500000000000 0 0 1 0 8 55 53 61 51 49 57 52 60 
55 3958 0.69335937500000000000 0.28320312500000000000 0 0 1 0 8 66 64 72 54 52 60 53 61 
56 3959 0.63476562500000000000 0.26367187500000000000 0 0 1 0 8 57 51 59 14 13 15 50 58 
57 3960 0.65429687500000000000 0.26367187500000000000 0 0 1 0 8 60 54 62 56 50 58 51 59 
58 3961 0.63476562500000000000 0.24414062500000000000 0 0 1 0 8 59 57 81 15 14 16 56 80 
59 3962 0.65429687500000000000 0.24414062500000000000 0 0 1 0 8 62 60 84 58 56 80 57 81 
60 3963 0.67382812500000000000 0.26367187500000000000 0 0 1 0 8 61 55 63 57 51 59 54 62 
61 3964 0.69335937500000000000 0.26367187500000000000 0 0 1 0 8 72 66 74 60 54 62 55 63 
62 3965 0.67382812500000000000 0.24414062500000000000 0 0 1 0 8 63 61 85 59 57 81 60 84 
63 3966 0.69335937500000000000 0.24414062500000000000 0 0 1 0 8 74 72 95 62 60 84 61 85 
64 3967 0.71289062500000000000 0.30273437500000000000 0 0 1 0 8 65 37 67 53 34 55 38 66 
65 3968 0.73242187500000000000 0.30273437500000000000 0 0 1 0 8 68 38 70 64 37 66 34 67 
66 3969 0.71289062500000000000 0.28320312500000000000 0 0 1 0 8 67 65 73 55 53 61 64 72 
67 3970 0.73242187500000000000 0.28320312500000000000 0 0 1 0 8 70 68 76 66 64 72 65 73 
68 3971 0.75195312500000000000 0.30273437500000000000 0 0 1 0 8 69 38 71 65 37 67 42 70 
69 3972 0.77148437500000000000 0.30273437500000000000 0 0 1 0 8 111 42 113 68 38 70 37 71 
70 3973 0.75195312500000000000 0.28320312500000000000 0 0 1 0 8 71 69 77 67 65 73 68 76 
71 3974 0.77148437500000000000 0.28320312500000000000 0 0 1 0 8 113 111 119 70 68 76 69 77 
72 3975 0.71289062500000000000 0.26367187500000000000 0 0 1 0 8 73 67 75 61 55 63 66 74 
73 3976 0.73242187500000000000 0.26367187500000000000 0 0 1 0 8 76 70 78 72 66 74 67 75 
74 3977 0.71289062500000000000 0.24414062500000000000 0 0 1 0 8 75 73 96 63 61 85 72 95 
75 3978 0.73242187500000000000 0.24414062500000000000 0 0 1 0 8 78 76 99 74 72 95 73 96 
76 3979 0.75195312500000000000 0.26367187500000000000 0 0 1 0 8 77 71 79 73 67 75 70 78 
77 3980 0.77148437500000000000 0.26367187500000000000 0 0 1 0 8 119 113 121 76 70 78 71 79 
78 3981 0.75195312500000000000 0.24414062500000000000 0 0 1 0 8 79 77 100 75 73 96 76 99 
79 3982 0.77148437500000000000 0.24414062500000000000 0 0 1 0 8 121 119 143 78 76 99 77 100 
80 3983 0.63476562500000000000 0.22460937500000000000 0 0 1 0 8 81 59 83 16 15 17 58 82 
81 3984 0.65429687500000000000 0.22460937500000000000 0 0 1 0 8 84 62 86 80 58 82 59 83 
82 3985 0.63476562500000000000 0.20507812500000000000 0 0 1 0 8 83 81 89 17 16 18 80 88 
83 3986 0.65429687500000000000 0.20507812500000000000 0 0 1 0 8 86 84 91 82 80 88 81 89 
84 3987 0.67382812500000000000 0.22460937500000000000 0 0 1 0 8 85 63 87 81 59 83 62 86 
85 3988 0.69335937500000000000 0.22460937500000000000 0 0 1 0 8 95 74 97 84 62 86 63 87 
86 3989 0.67382812500000000000 0.20507812500000000000 0 0 1 0 8 87 85 92 83 81 89 84 91 
87 3990 0.69335937500000000000 0.20507812500000000000 0 0 1 0 8 97 95 103 86 84 91 85 92 
88 3991 0.63476562500000000000 0.18554687500000000000 0 0 1 0 8 89 83 90 18 17 456 82 475 
89 3992 0.65429687500000000000 0.18554687500000000000 0 0 1 0 8 91 86 93 88 82 475 83 90 
90 3993 0.65429687500000000000 0.16601562500000000000 0 0 1 0 11 93 91 174 475 88 479 89 481 480 172 176 
91 3994 0.67382812500000000000 0.18554687500000000000 0 0 1 0 8 92 87 94 89 83 90 86 93 
92 3995 0.69335937500000000000 0.18554687500000000000 0 0 1 0 8 103 97 105 91 86 93 87 94 
93 3996 0.67382812500000000000 0.16601562500000000000 0 0 1 0 11 94 92 178 90 89 172 91 174 173 175 180 
94 3997 0.69335937500000000000 0.16601562500000000000 0 0 1 0 11 105 103 189 93 91 175 92 178 177 179 191 
95 3998 0.71289062500000000000 0.22460937500000000000 0 0 1 0 8 96 75 98 85 63 87 74 97 
96 3999 0.73242187500000000000 0.22460937500000000000 0 0 1 0 8 99 78 101 95 74 97 75 98 
97 4000 0.71289062500000000000 0.20507812500000000000 0 0 1 0 8 98 96 104 87 85 92 95 103 
98 4001 0.73242187500000000000 0.20507812500000000000 0 0 1 0 8 101 99 107 97 95 103 96 104 
99 4002 0.75195312500000000000 0.22460937500000000000 0 0 1 0 8 100 79 102 96 75 98 78 101 
100 4003 0.77148437500000000000 0.22460937500000000000 0 0 1 0 8 143 121 145 99 78 101 79 102 
101 4004 0.75195312500000000000 0.20507812500000000000 0 0 1 0 8 102 100 108 98 96 104 99 107 
102 4005 0.77148437500000000000 0.20507812500000000000 0 0 1 0 8 145 143 151 101 99 107 100 108 
103 4006 0.71289062500000000000 0.18554687500000000000 0 0 1 0 8 104 98 106 92 87 94 97 105 
104 4007 0.73242187500000000000 0.18554687500000000000 0 0 1 0 8 107 101 109 103 97 105 98 106 
105 4008 0.71289062500000000000 0.16601562500000000000 0 0 1 0 11 106 104 193 94 92 179 103 189 181 190 195 
106 4009 0.73242187500000000000 0.16601562500000000000 0 0 1 0 11 109 107 205 105 103 190 104 193 192 194 207 
107 4010 0.75195312500000000000 0.18554687500000000000 0 0 1 0 8 108 102 110 104 98 106 101 109 
108 4011 0.77148437500000000000 0.18554687500000000000 0 0 1 0 8 151 145 153 107 101 109 102 110 
109 4012 0.75195312500000000000 0.16601562500000000000 0 0 1 0 11 110 108 209 106 104 194 107 205 196 206 211 
110 4013 0.77148437500000000000 0.16601562500000000000 0 0 1 0 11 153 151 230 109 107 206 108 209 208 210 232 
111 4014 0.79101562500000000000 0.30273437500000000000 0 0 1 0 8 112 42 114 69 38 71 43 113 
112 4015 0.81054687500000000000 0.30273437500000000000 0 0 1 0 8 115 43 117 111 42 113 38 114 
113 4016 0.79101562500000000000 0.28320312500000000000 0 0 1 0 8 114 112 120 71 69 77 111 119 
114 4017 0.81054687500000000000 0.28320312500000000000 0 0 1 0 8 117 115 123 113 111 119 112 120 
115 4018 0.83007812500000000000 0.30273437500000000000 0 0 1 0 8 116 43 118 112 42 114 44 117 
116 4019 0.84960937500000000000 0.30273437500000000000 0 0 1 0 8 127 44 129 115 43 117 42 118 
117 4020 0.83007812500000000000 0.28320312500000000000 0 0 1 0 8 118 116 124 114 112 120 115 123 
118 4021 0.84960937500000000000 0.28320312500000000000 0 0 1 0 8 129 127 135 117 115 123 116 124 
119 4022 0.79101562500000000000 0.26367187500000000000 0 0 1 0 8 120 114 122 77 71 79 113 121 
120 4023 0.81054687500000000000 0.26367187500000000000 0 0 1 0 8 123 117 125 119 113 121 114 122 
121 4024 0.79101562500000000000 0.24414062500000000000 0 0 1 0 8 122 120 144 79 77 100 119 143 
122 4025 0.81054687500000000000 0.24414062500000000000 0 0 1 0 8 125 123 147 121 119 143 120 144 
123 4026 0.83007812500000000000 0.26367187500000000000 0 0 1 0 8 124 118 126 120 114 122 117 125 
124 4027 0.84960937500000000000 0.26367187500000000000 0 0 1 0 8 135 129 137 123 117 125 118 126 
125 4028 0.83007812500000000000 0.24414062500000000000 0 0 1 0 8 126 124 148 122 120 144 123 147 
126 4029 0.84960937500000000000 0.24414062500000000000 0 0 1 0 8 137 135 159 125 123 147 124 148 
127 4030 0.86914062500000000000 0.30273437500000000000 0 0 1 0 8 128 44 130 116 43 118 45 129 
128 4031 0.88867187500000000000 0.30273437500000000000 0 0 1 0 8 131 45 133 127 44 129 43 130 
129 4032 0.86914062500000000000 0.28320312500000000000 0 0 1 0 8 130 128 136 118 116 124 127 135 
130 4033 0.88867187500000000000 0.28320312500000000000 0 0 1 0 8 133 131 139 129 127 135 128 136 
131 4034 0.90820312500000000000 0.30273437500000000000 0 0 1 0 8 132 45 134 128 44 130 46 133 
132 4035 0.92773437500000000000 0.30273437500000000000 0 0 1 0 8 417 46 419 131 45 133 44 134 
133 4036 0.90820312500000000000 0.28320312500000000000 0 0 1 0 8 134 132 140 130 128 136 131 139 
134 4037 0.92773437500000000000 0.28320312500000000000 0 0 1 0 8 419 417 425 133 131 139 132 140 
135 4038 0.86914062500000000000 0.26367187500000000000 0 0 1 0 8 136 130 138 124 118 126 129 137 
136 4039 0.88867187500000000000 0.26367187500000000000 0 0 1 0 8 139 133 141 135 129 137 130 138 
137 4040 0.86914062500000000000 0.24414062500000000000 0 0 1 0 8 138 136 160 126 124 148 135 159 
138 4041 0.88867187500000000000 0.24414062500000000000 0 0 1 0 8 141 139 163 137 135 159 136 160 
139 4042 0.90820312500000000000 0.26367187500000000000 0 0 1 0 8 140 134 142 136 130 138 133 141 
140 4043 0.92773437500000000000 0.26367187500000000000 0 0 1 0 8 425 419 427 139 133 141 134 142 
141 4044 0.90820312500000000000 0.24414062500000000000 0 0 1 0 8 142 140 164 138 136 160 139 163 
142 4045 0.92773437500000000000 0.24414062500000000000 0 0 1 0 8 427 425 432 141 139 163 140 164 
143 4046 0.79101562500000000000 0.22460937500000000000 0 0 1 0 8 144 122 146 100 79 102 121 145 
144 4047 0.81054687500000000000 0.22460937500000000000 0 0 1 0 8 147 125 149 143 121 145 122 146 
145 4048 0.79101562500000000000 0.20507812500000000000 0 0 1 0 8 146 144 152 102 100 108 143 151 
146 4049 0.81054687500000000000 0.20507812500000000000 0 0 1 0 8 149 147 155 145 143 151 144 152 
147 4050 0.83007812500000000000 0.22460937500000000000 0 0 1 0 8 148 126 150 144 122 146 125 149 
148 4051 0.84960937500000000000 0.22460937500000000000 0 0 1 0 8 159 137 161 147 125 149 126 150 
149 4052 0.83007812500000000000 0.20507812500000000000 0 0 1 0 8 150 148 156 146 144 152 147 155 
150 4053 0.84960937500000000000 0.20507812500000000000 0 0 1 0 8 161 159 167 149 147 155 148 156 
151 4054 0.79101562500000000000 0.18554687500000000000 0 0 1 0 8 152 146 154 108 102 110 145 153 
152 4055 0.81054687500000000000 0.18554687500000000000 0 0 1 0 8 155 149 157 151 145 153 146 154 
153 4056 0.79101562500000000000 0.16601562500000000000 0 0 1 0 11 154 152 234 110 108 210 151 230 212 231 236 
154 4057 0.81054687500000000000 0.16601562500000000000 0 0 1 0 11 157 155 246 153 151 231 152 234 233 235 248 
155 4058 0.83007812500000000000 0.18554687500000000000 0 0 1 0 8 156 150 158 152 146 154 149 157 
156 4059 0.84960937500000000000 0.18554687500000000000 0 0 1 0 8 167 161 169 155 149 157 150 158 
157 4060 0.83007812500000000000 0.16601562500000000000 0 0 1 0 11 158 156 250 154 152 235 155 246 237 247 252 
158 4061 0.84960937500000000000 0.16601562500000000000 0 0 1 0 11 169 167 280 157 155 247 156 250 249 251 282 
159 4062 0.86914062500000000000 0.22460937500000000000 0 0 1 0 8 160 138 162 148 126 150 137 161 
160 4063 0.88867187500000000000 0.22460937500000000000 0 0 1 0 8 163 141 165 159 137 161 138 162 
161 4064 0.86914062500000000000 0.20507812500000000000 0 0 1 0 8 162 160 168 150 148 156 159 167 
162 4065 0.88867187500000000000 0.20507812500000000000 0 0 1 0 8 165 163 170 161 159 167 160 168 
163 4066 0.90820312500000000000 0.22460937500000000000 0 0 1 0 8 164 142 166 160 138 162 141 165 
164 4067 0.92773437500000000000 0.22460937500000000000 0 0 1 0 8 432 427 434 163 141 165 142 166 
165 4068 0.90820312500000000000 0.20507812500000000000 0 0 1 0 8 166 164 171 162 160 168 163 170 
166 4069 0.92773437500000000000 0.20507812500000000000 0 0 1 0 8 434 432 563 165 163 170 164 171 
167 4070 0.86914062500000000000 0.18554687500000000000 0 0 1 0 8 168 162 476 156 150 158 161 169 
168 4071 0.88867187500000000000 0.18554687500000000000 0 0 1 0 8 170 165 477 167 161 169 162 476 
169 4072 0.86914062500000000000 0.16601562500000000000 0 0 1 0 11 476 168 513 158 156 251 167 280 253 281 514 
170 4073 0.90820312500000000000 0.18554687500000000000 0 0 1 0 8 171 166 478 168 162 476 165 477 
171 4074 0.92773437500000000000 0.18554687500000000000 0 0 1 0 8 563 434 565 170 165 477 166 478 
172 4075 0.65917968750000000000 0.15136718750000000000 0 0 1 0 8 174 93 176 481 90 482 475 173 
173 4076 0.65917968750000000000 0.14160156250000000000 0 0 1 0 8 176 174 182 482 481 483 172 484 
174 4077 0.66894531250000000000 0.15136718750000000000 0 0 1 0 8 175 93 177 172 90 173 94 176 
175 4078 0.67871093750000000000 0.15136718750000000000 0 0 1 0 8 178 94 180 174 93 176 90 177 
176 4079 0.66894531250000000000 0.14160156250000000000 0 0 1 0 8 177 175 183 173 172 484 174 182 
177 4080 0.67871093750000000000 0.14160156250000000000 0 0 1 0 8 180 178 185 176 174 182 175 183 
178 4081 0.68847656250000000000 0.15136718750000000000 0 0 1 0 8 179 94 181 175 93 177 105 180 
179 4082 0.69824218750000000000 0.15136718750000000000 0 0 1 0 8 189 105 191 178 94 180 93 181 
180 4083 0.68847656250000000000 0.14160156250000000000 0 0 1 0 8 181 179 186 177 175 183 178 185 
181 4084 0.69824218750000000000 0.14160156250000000000 0 0 1 0 8 191 189 197 180 178 185 179 186 
182 4085 0.66894531250000000000 0.13183593750000000000 0 0 1 0 8 183 177 184 484 173 485 176 486 
183 4086 0.67871093750000000000 0.13183593750000000000 0 0 1 0 8 185 180 187 182 176 486 177 184 
184 4087 0.67871093750000000000 0.12207031250000000000 0 0 1 0 8 187 185 489 486 182 487 183 488 
185 4088 0.68847656250000000000 0.13183593750000000000 0 0 1 0 8 186 181 188 183 177 184 180 187 
186 4089 0.69824218750000000000 0.13183593750000000000 0 0 1 0 8 197 191 199 185 180 187 181 188 
187 4090 0.68847656250000000000 0.12207031250000000000 0 0 1 0 8 188 186 490 184 183 488 185 489 
188 4091 0.69824218750000000000 0.12207031250000000000 0 0 1 0 8 199 197 491 187 185 489 186 490 
189 4092 0.70800781250000000000 0.15136718750000000000 0 0 1 0 8 190 105 192 179 94 181 106 191 
190 4093 0.71777343750000000000 0.15136718750000000000 0 0 1 0 8 193 106 195 189 105 191 94 192 
191 4094 0.70800781250000000000 0.14160156250000000000 0 0 1 0 8 192 190 198 181 179 186 189 197 
192 4095 0.71777343750000000000 0.14160156250000000000 0 0 1 0 8 195 193 201 191 189 197 190 198 
193 4096 0.72753906250000000000 0.15136718750000000000 0 0 1 0 8 194 106 196 190 105 192 109 195 
194 4097 0.73730468750000000000 0.15136718750000000000 0 0 1 0 8 205 109 207 193 106 195 105 196 
195 4098 0.72753906250000000000 0.14160156250000000000 0 0 1 0 8 196 194 202 192 190 198 193 201 
196 4099 0.73730468750000000000 0.14160156250000000000 0 0 1 0 8 207 205 213 195 193 201 194 202 
197 4100 0.70800781250000000000 0.13183593750000000000 0 0 1 0 8 198 192 200 186 181 188 191 199 
198 4101 0.71777343750000000000 0.13183593750000000000 0 0 1 0 8 201 195 203 197 191 199 192 200 
199 4102 0.70800781250000000000 0.12207031250000000000 0 0 1 0 8 200 198 492 188 186 490 197 491 
200 4103 0.71777343750000000000 0.12207031250000000000 0 0 1 0 8 203 201 221 199 197 491 198 492 
201 4104 0.72753906250000000000 0.13183593750000000000 0 0 1 0 8 202 196 204 198 192 200 195 203 
202 4105 0.73730468750000000000 0.13183593750000000000 0 0 1 0 8 213 207 215 201 195 203 196 204 
203 4106 0.72753906250000000000 0.12207031250000000000 0 0 1 0 8 204 202 222 200 198 492 201 221 
204 4107 0.73730468750000000000 0.12207031250000000000 0 0 1 0 8 215 213 223 203 201 221 202 222 
205 4108 0.74707031250000000000 0.15136718750000000000 0 0 1 0 8 206 109 208 194 106 196 110 207 
206 4109 0.75683593750000000000 0.15136718750000000000 0 0 1 0 8 209 110 211 205 109 207 106 208 
207 4110 0.74707031250000000000 0.14160156250000000000 0 0 1 0 8 208 206 214 196 194 202 205 213 
208 4111 0.75683593750000000000 0.14160156250000000000 0 0 1 0 8 211 209 217 207 205 213 206 214 
209 4112 0.76660156250000000000 0.15136718750000000000 0 0 1 0 8 210 110 212 206 109 208 153 211 
210 4113 0.77636718750000000000 0.15136718750000000000 0 0 1 0 8 230 153 232 209 110 211 109 212 
211 4114 0.76660156250000000000 0.14160156250000000000 0 0 1 0 8 212 210 218 208 206 214 209 217 
212 4115 0.77636718750000000000 0.14160156250000000000 0 0 1 0 8 232 230 238 211 209 217 210 218 
213 4116 0.74707031250000000000 0.13183593750000000000 0 0 1 0 8 214 208 216 202 196 204 207 215 
214 4117 0.75683593750000000000 0.13183593750000000000 0 0 1 0 8 217 211 219 213 207 215 208 216 
215 4118 0.74707031250000000000 0.12207031250000000000 0 0 1 0 8 216 214 224 204 202 222 213 223 
216 4119 0.75683593750000000000 0.12207031250000000000 0 0 1 0 8 219 217 225 215 213 223 214 224 
217 4120 0.76660156250000000000 0.13183593750000000000 0 0 1 0 8 218 212 220 214 208 216 211 219 
218 4121 0.77636718750000000000 0.13183593750000000000 0 0 1 0 8 238 232 240 217 211 219 212 220 
219 4122 0.76660156250000000000 0.12207031250000000000 0 0 1 0 8 220 218 226 216 214 224 217 225 
220 4123 0.77636718750000000000 0.12207031250000000000 0 0 1 0 8 240 238 261 219 217 225 218 226 
221 4124 0.72753906250000000000 0.11230468750000000000 0 0 1 0 8 222 204 495 492 200 493 203 494 
222 4125 0.73730468750000000000 0.11230468750000000000 0 0 1 0 8 223 215 496 221 203 494 204 495 
223 4126 0.74707031250000000000 0.11230468750000000000 0 0 1 0 8 224 216 497 222 204 495 215 496 
224 4127 0.75683593750000000000 0.11230468750000000000 0 0 1 0 8 225 219 227 223 215 496 216 497 
225 4128 0.76660156250000000000 0.11230468750000000000 0 0 1 0 8 226 220 228 224 216 497 219 227 
226 4129 0.77636718750000000000 0.11230468750000000000 0 0 1 0 8 261 240 263 225 219 227 220 228 
227 4130 0.76660156250000000000 0.10253906250000000000 0 0 1 0 8 228 226 229 497 224 498 225 499 
228 4131 0.77636718750000000000 0.10253906250000000000 0 0 1 0 8 263 261 269 227 225 499 226 229 
229 4132 0.77636718750000000000 0.09277343750000000000 0 0 1 0 8 269 263 271 499 227 500 228 501 
230 4133 0.78613281250000000000 0.15136718750000000000 0 0 1 0 8 231 153 233 210 110 212 154 232 
231 4134 0.79589843750000000000 0.15136718750000000000 0 0 1 0 8 234 154 236 230 153 232 110 233 
232 4135 0.78613281250000000000 0.14160156250000000000 0 0 1 0 8 233 231 239 212 210 218 230 238 
233 4136 0.79589843750000000000 0.14160156250000000000 0 0 1 0 8 236 234 242 232 230 238 231 239 
234 4137 0.80566406250000000000 0.15136718750000000000 0 0 1 0 8 235 154 237 231 153 233 157 236 
235 4138 0.81542968750000000000 0.15136718750000000000 0 0 1 0 8 246 157 248 234 154 236 153 237 
236 4139 0.80566406250000000000 0.14160156250000000000 0 0 1 0 8 237 235 243 233 231 239 234 242 
237 4140 0.81542968750000000000 0.14160156250000000000 0 0 1 0 8 248 246 254 236 234 242 235 243 
238 4141 0.78613281250000000000 0.13183593750000000000 0 0 1 0 8 239 233 241 218 212 220 232 240 
239 4142 0.79589843750000000000 0.13183593750000000000 0 0 1 0 8 242 236 244 238 232 240 233 241 
240 4143 0.78613281250000000000 0.12207031250000000000 0 0 1 0 8 241 239 262 220 218 226 238 261 
241 4144 0.79589843750000000000 0.12207031250000000000 0 0 1 0 8 244 242 265 240 238 261 239 262 
242 4145 0.80566406250000000000 0.13183593750000000000 0 0 1 0 8 243 237 245 239 233 241 236 244 
243 4146 0.81542968750000000000 0.13183593750000000000 0 0 1 0 8 254 248 256 242 236 244 237 245 
244 4147 0.80566406250000000000 0.12207031250000000000 0 0 1 0 8 245 243 266 241 239 262 242 265 
245 4148 0.81542968750000000000 0.12207031250000000000 0 0 1 0 8 256 254 277 244 242 265 243 266 
246 4149 0.82519531250000000000 0.15136718750000000000 0 0 1 0 8 247 157 249 235 154 237 158 248 
247 4150 0.83496093750000000000 0.15136718750000000000 0 0 1 0 8 250 158 252 246 157 248 154 249 
248 4151 0.82519531250000000000 0.14160156250000000000 0 0 1 0 8 249 247 255 237 235 243 246 254 
249 4152 0.83496093750000000000 0.14160156250000000000 0 0 1 0 8 252 250 258 248 246 254 247 255 
250 4153 0.84472656250000000000 0.15136718750000000000 0 0 1 0 8 251 158 253 247 157 249 169 252 
251 4154 0.85449218750000000000 0.15136718750000000000 0 0 1 0 8 280 169 282 250 158 252 157 253 
252 4155 0.84472656250000000000 0.14160156250000000000 0 0 1 0 8 253 251 259 249 247 255 250 258 
253 4156 0.85449218750000000000 0.14160156250000000000 0 0 1 0 8 282 280 515 252 250 258 251 259 
254 4157 0.82519531250000000000 0.13183593750000000000 0 0 1 0 8 255 249 257 243 237 245 248 256 
255 4158 0.83496093750000000000 0.13183593750000000000 0 0 1 0 8 258 252 260 254 248 256 249 257 
256 4159 0.82519531250000000000 0.12207031250000000000 0 0 1 0 8 257 255 278 245 243 266 254 277 
257 4160 0.83496093750000000000 0.12207031250000000000 0 0 1 0 8 260 258 506 256 254 277 255 278 
258 4161 0.84472656250000000000 0.13183593750000000000 0 0 1 0 8 259 253 504 255 249 257 252 260 
259 4162 0.85449218750000000000 0.13183593750000000000 0 0 1 0 8 515 282 517 258 252 260 253 504 
260 4163 0.84472656250000000000 0.12207031250000000000 0 0 1 0 8 504 259 507 257 255 278 258 506 
261 4164 0.78613281250000000000 0.11230468750000000000 0 0 1 0 8 262 241 264 226 220 228 240 263 
262 4165 0.79589843750000000000 0.11230468750000000000 0 0 1 0 8 265 244 267 261 240 263 241 264 
263 4166 0.78613281250000000000 0.10253906250000000000 0 0 1 0 8 264 262 270 228 226 229 261 269 
264 4167 0.79589843750000000000 0.10253906250000000000 0 0 1 0 8 267 265 273 263 261 269 262 270 
265 4168 0.80566406250000000000 0.11230468750000000000 0 0 1 0 8 266 245 268 262 241 264 244 267 
266 4169 0.81542968750000000000 0.11230468750000000000 0 0 1 0 8 277 256 279 265 244 267 245 268 
267 4170 0.80566406250000000000 0.10253906250000000000 0 0 1 0 8 268 266 274 264 262 270 265 273 
268 4171 0.81542968750000000000 0.10253906250000000000 0 0 1 0 8 279 277 509 267 265 273 266 274 
269 4172 0.78613281250000000000 0.09277343750000000000 0 0 1 0 8 270 264 272 229 228 501 263 271 
270 4173 0.79589843750000000000 0.09277343750000000000 0 0 1 0 8 273 267 275 269 263 271 264 272 
271 4174 0.78613281250000000000 0.08300781250000000000 0 0 1 0 11 272 270 284 501 229 502 269 518 503 283 286 
272 4175 0.79589843750000000000 0.08300781250000000000 0 0 1 0 11 275 273 292 271 269 283 270 284 520 285 294 
273 4176 0.80566406250000000000 0.09277343750000000000 0 0 1 0 8 274 268 276 270 264 272 267 275 
274 4177 0.81542968750000000000 0.09277343750000000000 0 0 1 0 8 509 279 511 273 267 275 268 276 
275 4178 0.80566406250000000000 0.08300781250000000000 0 0 1 0 11 276 274 296 272 270 285 273 292 287 293 297 
276 4179 0.81542968750000000000 0.08300781250000000000 0 0 1 0 11 511 509 535 275 273 293 274 296 295 523 536 
277 4180 0.82519531250000000000 0.11230468750000000000 0 0 1 0 8 278 257 505 266 245 268 256 279 
278 4181 0.83496093750000000000 0.11230468750000000000 0 0 1 0 8 506 260 508 277 256 279 257 505 
279 4182 0.82519531250000000000 0.10253906250000000000 0 0 1 0 8 505 278 510 268 266 274 277 509 
280 4183 0.86425781250000000000 0.15136718750000000000 0 0 1 0 8 281 169 512 251 158 253 476 282 
281 4184 0.87402343750000000000 0.15136718750000000000 0 0 1 0 8 513 476 514 280 169 282 158 512 
282 4185 0.86425781250000000000 0.14160156250000000000 0 0 1 0 8 512 281 516 253 251 259 280 515 
283 4186 0.78857421875000000000 0.07568359375000000000 0 0 1 0 8 284 272 286 518 271 519 501 520 
284 4187 0.79345703125000000000 0.07568359375000000000 0 0 1 0 8 285 272 287 283 271 520 275 286 
285 4188 0.79833984375000000000 0.07568359375000000000 0 0 1 0 8 292 275 294 284 272 286 271 287 
286 4189 0.79345703125000000000 0.07080078125000000000 0 0 1 0 8 287 285 289 520 283 521 284 288 
287 4190 0.79833984375000000000 0.07080078125000000000 0 0 1 0 8 294 292 298 286 284 288 285 289 
288 4191 0.79345703125000000000 0.06591796875000000000 0 0 1 0 8 289 287 291 521 520 522 286 290 
289 4192 0.79833984375000000000 0.06591796875000000000 0 0 1 0 8 298 294 300 288 286 290 287 291 
290 4193 0.79345703125000000000 0.06103515625000000000 0 0 1 0 8 291 289 305 522 521 527 288 304 
291 4194 0.79833984375000000000 0.06103515625000000000 0 0 1 0 8 300 298 311 290 288 304 289 305 
292 4195 0.80322265625000000000 0.07568359375000000000 0 0 1 0 8 293 275 295 285 272 287 276 294 
293 4196 0.80810546875000000000 0.07568359375000000000 0 0 1 0 8 296 276 297 292 275 294 272 295 
294 4197 0.80322265625000000000 0.07080078125000000000 0 0 1 0 8 295 293 299 287 285 289 292 298 
295 4198 0.80810546875000000000 0.07080078125000000000 0 0 1 0 8 297 296 302 294 292 298 293 299 
296 4199 0.81298828125000000000 0.07568359375000000000 0 0 1 0 8 523 276 524 293 275 295 511 297 
297 4200 0.81298828125000000000 0.07080078125000000000 0 0 1 0 8 524 523 525 295 293 299 296 302 
298 4201 0.80322265625000000000 0.06591796875000000000 0 0 1 0 8 299 295 301 289 287 291 294 300 
299 4202 0.80810546875000000000 0.06591796875000000000 0 0 1 0 8 302 297 303 298 294 300 295 301 
300 4203 0.80322265625000000000 0.06103515625000000000 0 0 1 0 8 301 299 312 291 289 305 298 311 
301 4204 0.80810546875000000000 0.06103515625000000000 0 0 1 0 8 303 302 315 300 298 311 299 312 
302 4205 0.81298828125000000000 0.06591796875000000000 0 0 1 0 8 525 524 526 299 295 301 297 303 
303 4206 0.81298828125000000000 0.06103515625000000000 0 0 1 0 8 526 525 532 301 299 312 302 315 
304 4207 0.79345703125000000000 0.05615234375000000000 0 0 1 0 8 305 291 307 527 522 528 290 306 
305 4208 0.79833984375000000000 0.05615234375000000000 0 0 1 0 8 311 300 313 304 290 306 291 307 
306 4209 0.79345703125000000000 0.05126953125000000000 0 0 1 0 8 307 305 309 528 527 529 304 308 
307 4210 0.79833984375000000000 0.05126953125000000000 0 0 1 0 8 313 311 317 306 304 308 305 309 
308 4211 0.79345703125000000000 0.04638671875000000000 0 0 1 0 8 309 307 310 529 528 530 306 531 
309 4212 0.79833984375000000000 0.04638671875000000000 0 0 1 0 8 317 313 319 308 306 531 307 310 
310 4213 0.79833984375000000000 0.04150390625000000000 0 0 1 0 11 319 317 343 531 308 327 309 330 329 331 345 
311 4214 0.80322265625000000000 0.05615234375000000000 0 0 1 0 8 312 301 314 305 291 307 300 313 
312 4215 0.80810546875000000000 0.05615234375000000000 0 0 1 0 8 315 303 316 311 300 313 301 314 
313 4216 0.80322265625000000000 0.05126953125000000000 0 0 1 0 8 314 312 318 307 305 309 311 317 
314 4217 0.80810546875000000000 0.05126953125000000000 0 0 1 0 8 316 315 321 313 311 317 312 318 
315 4218 0.81298828125000000000 0.05615234375000000000 0 0 1 0 8 532 526 533 312 301 314 303 316 
316 4219 0.81298828125000000000 0.05126953125000000000 0 0 1 0 8 533 532 534 314 312 318 315 321 
317 4220 0.80322265625000000000 0.04638671875000000000 0 0 1 0 8 318 314 320 309 307 310 313 319 
318 4221 0.80810546875000000000 0.04638671875000000000 0 0 1 0 8 321 316 322 317 313 319 314 320 
319 4222 0.80322265625000000000 0.04150390625000000000 0 0 1 0 11 320 318 347 310 309 331 317 343 333 344 349 
320 4223 0.80810546875000000000 0.04150390625000000000 0 0 1 0 11 322 321 359 319 317 344 318 347 346 348 361 
321 4224 0.81298828125000000000 0.04638671875000000000 0 0 1 0 8 534 533 323 318 314 320 316 322 
322 4225 0.81298828125000000000 0.04150390625000000000 0 0 1 0 11 323 534 363 320 318 348 321 359 350 360 365 
323 4226 0.81787109375000000000 0.04150390625000000000 0 0 1 0 11 538 537 411 322 321 360 534 363 362 364 412 
324 4227 0.78979492187500000000 0.03295898437500000000 0 0 1 0 8 334 328 336 545 541 325 542 326 
325 4228 0.78735351562500000000 0.03051757812500000000 0 0 1 0 7 326 324 1 544 543 545 2 
326 4229 0.78979492187500000000 0.03051757812500000000 0 0 1 0 7 336 334 2 325 545 1 324 
327 4230 0.79467773437500000000 0.03784179687500000000 0 0 1 0 8 330 310 332 546 531 328 530 329 
328 4231 0.79223632812500000000 0.03540039062500000000 0 0 1 0 8 329 327 335 542 540 324 546 334 
329 4232 0.79467773437500000000 0.03540039062500000000 0 0 1 0 8 332 330 338 328 546 334 327 335 
330 4233 0.79711914062500000000 0.03784179687500000000 0 0 1 0 8 331 310 333 327 531 329 319 332 
331 4234 0.79956054687500000000 0.03784179687500000000 0 0 1 0 8 343 319 345 330 310 332 531 333 
332 4235 0.79711914062500000000 0.03540039062500000000 0 0 1 0 8 333 331 339 329 327 335 330 338 
333 4236 0.79956054687500000000 0.03540039062500000000 0 0 1 0 8 345 343 351 332 330 338 331 339 
334 4237 0.79223632812500000000 0.03295898437500000000 0 0 1 0 8 335 329 337 324 542 326 328 336 
335 4238 0.79467773437500000000 0.03295898437500000000 0 0 1 0 8 338 332 340 334 328 336 329 337 
336 4239 0.79223632812500000000 0.03051757812500000000 0 0 1 0 8 337 335 2 326 324 1 334 342 
337 4240 0.79467773437500000000 0.03051757812500000000 0 0 1 0 8 340 338 342 336 334 2 335 1 
338 4241 0.79711914062500000000 0.03295898437500000000 0 0 1 0 8 339 333 341 335 329 337 332 340 
339 4242 0.79956054687500000000 0.03295898437500000000 0 0 1 0 8 351 345 353 338 332 340 333 341 
340 4243 0.79711914062500000000 0.03051757812500000000 0 0 1 0 8 341 339 342 337 335 2 338 3 
341 4244 0.79956054687500000000 0.03051757812500000000 0 0 1 0 8 353 351 3 340 338 342 339 2 
342 4245 0.79833984375000000000 0.02685546875000000000 0 0 1 0 6 3 353 2 337 341 340 
343 4246 0.80200195312500000000 0.03784179687500000000 0 0 1 0 8 344 319 346 331 310 333 320 345 
344 4247 0.80444335937500000000 0.03784179687500000000 0 0 1 0 8 347 320 349 343 319 345 310 346 
345 4248 0.80200195312500000000 0.03540039062500000000 0 0 1 0 8 346 344 352 333 331 339 343 351 
346 4249 0.80444335937500000000 0.03540039062500000000 0 0 1 0 8 349 347 355 345 343 351 344 352 
347 4250 0.80688476562500000000 0.03784179687500000000 0 0 1 0 8 348 320 350 344 319 346 322 349 
348 4251 0.80932617187500000000 0.03784179687500000000 0 0 1 0 8 359 322 361 347 320 349 319 350 
349 4252 0.80688476562500000000 0.03540039062500000000 0 0 1 0 8 350 348 356 346 344 352 347 355 
350 4253 0.80932617187500000000 0.03540039062500000000 0 0 1 0 8 361 359 367 349 347 355 348 356 
351 4254 0.80200195312500000000 0.03295898437500000000 0 0 1 0 8 352 346 354 339 333 341 345 353 
352 4255 0.80444335937500000000 0.03295898437500000000 0 0 1 0 8 355 349 357 351 345 353 346 354 
353 4256 0.80200195312500000000 0.03051757812500000000 0 0 1 0 7 354 352 3 341 339 342 351 
354 4257 0.80444335937500000000 0.03051757812500000000 0 0 1 0 8 357 355 375 353 351 3 352 342 
355 4258 0.80688476562500000000 0.03295898437500000000 0 0 1 0 8 356 350 358 352 346 354 349 357 
356 4259 0.80932617187500000000 0.03295898437500000000 0 0 1 0 8 367 361 369 355 349 357 350 358 
357 4260 0.80688476562500000000 0.03051757812500000000 0 0 1 0 8 358 356 376 354 352 3 355 375 
358 4261 0.80932617187500000000 0.03051757812500000000 0 0 1 0 9 369 367 379 357 355 375 356 376 381 
359 4262 0.81176757812500000000 0.03784179687500000000 0 0 1 0 8 360 322 362 348 320 350 323 361 
360 4263 0.81420898437500000000 0.03784179687500000000 0 0 1 0 8 363 323 365 359 322 361 320 362 
361 4264 0.81176757812500000000 0.03540039062500000000 0 0 1 0 8 362 360 368 350 348 356 359 367 
362 4265 0.81420898437500000000 0.03540039062500000000 0 0 1 0 8 365 363 371 361 359 367 360 368 
363 4266 0.81665039062500000000 0.03784179687500000000 0 0 1 0 8 364 323 366 360 322 362 538 365 
364 4267 0.81909179687500000000 0.03784179687500000000 0 0 1 0 8 411 538 412 363 323 365 322 366 
365 4268 0.81665039062500000000 0.03540039062500000000 0 0 1 0 8 366 364 372 362 360 368 363 371 
366 4269 0.81909179687500000000 0.03540039062500000000 0 0 1 0 8 412 411 413 365 363 371 364 372 
367 4270 0.81176757812500000000 0.03295898437500000000 0 0 1 0 8 368 362 370 356 350 358 361 369 
368 4271 0.81420898437500000000 0.03295898437500000000 0 0 1 0 8 371 365 373 367 361 369 362 370 
369 4272 0.81176757812500000000 0.03051757812500000000 0 0 1 0 10 370 368 383 358 356 376 367 379 380 385 
370 4273 0.81420898437500000000 0.03051757812500000000 0 0 1 0 11 373 371 395 369 367 380 368 383 382 384 397 
371 4274 0.81665039062500000000 0.03295898437500000000 0 0 1 0 8 372 366 374 368 362 370 365 373 
372 4275 0.81909179687500000000 0.03295898437500000000 0 0 1 0 8 413 412 414 371 365 373 366 374 
373 4276 0.81665039062500000000 0.03051757812500000000 0 0 1 0 11 374 372 399 370 368 384 371 395 386 396 401 
374 4277 0.81909179687500000000 0.03051757812500000000 0 0 1 0 10 414 413 415 373 371 396 372 399 398 400 
375 4278 0.80688476562500000000 0.02807617187500000000 0 0 1 0 7 376 358 378 3 357 354 377 
376 4279 0.80932617187500000000 0.02807617187500000000 0 0 1 0 10 379 369 381 387 375 357 377 358 378 389 
377 4280 0.80688476562500000000 0.02563476562500000000 0 0 1 0 6 376 375 357 378 3 4 
378 4281 0.80932617187500000000 0.02563476562500000000 0 0 1 0 7 387 381 389 4 377 375 376 
379 4282 0.81115722656250000000 0.02868652343750000000 0 0 1 0 8 380 369 382 376 358 378 370 381 
380 4283 0.81237792968750000000 0.02868652343750000000 0 0 1 0 8 383 370 385 379 369 381 358 382 
381 4284 0.81115722656250000000 0.02746582031250000000 0 0 1 0 8 382 380 388 376 358 378 379 387 
382 4285 0.81237792968750000000 0.02746582031250000000 0 0 1 0 8 385 383 391 381 379 387 380 388 
383 4286 0.81359863281250000000 0.02868652343750000000 0 0 1 0 8 384 370 386 380 369 382 373 385 
384 4287 0.81481933593750000000 0.02868652343750000000 0 0 1 0 8 395 373 397 383 370 385 369 386 
385 4288 0.81359863281250000000 0.02746582031250000000 0 0 1 0 8 386 384 392 382 380 388 383 391 
386 4289 0.81481933593750000000 0.02746582031250000000 0 0 1 0 8 397 395 403 385 383 391 384 392 
387 4290 0.81115722656250000000 0.02624511718750000000 0 0 1 0 7 388 382 390 378 376 381 389 
388 4291 0.81237792968750000000 0.02624511718750000000 0 0 1 0 8 391 385 393 387 381 389 382 390 
389 4292 0.81115722656250000000 0.02502441406250000000 0 0 1 0 6 390 388 4 378 376 387 
390 4293 0.81237792968750000000 0.02502441406250000000 0 0 1 0 6 393 391 389 387 4 388 
391 4294 0.81359863281250000000 0.02624511718750000000 0 0 1 0 8 392 386 394 388 382 390 385 393 
392 4295 0.81481933593750000000 0.02624511718750000000 0 0 1 0 8 403 397 405 391 385 393 386 394 
393 4296 0.81359863281250000000 0.02502441406250000000 0 0 1 0 7 5 4 394 391 388 392 390 
394 4297 0.81481933593750000000 0.02502441406250000000 0 0 1 0 7 5 4 391 392 405 393 403 
395 4298 0.81604003906250000000 0.02868652343750000000 0 0 1 0 8 396 373 398 384 370 386 374 397 
396 4299 0.81726074218750000000 0.02868652343750000000 0 0 1 0 8 399 374 401 395 373 397 370 398 
397 4300 0.81604003906250000000 0.02746582031250000000 0 0 1 0 8 398 396 404 386 384 392 395 403 
398 4301 0.81726074218750000000 0.02746582031250000000 0 0 1 0 8 401 399 407 397 395 403 396 404 
399 4302 0.81848144531250000000 0.02868652343750000000 0 0 1 0 8 400 374 402 396 373 398 414 401 
400 4303 0.81970214843750000000 0.02868652343750000000 0 0 1 0 8 415 414 416 399 374 401 373 402 
401 4304 0.81848144531250000000 0.02746582031250000000 0 0 1 0 8 402 400 408 398 396 404 399 407 
402 4305 0.81970214843750000000 0.02746582031250000000 0 0 1 0 8 415 414 416 401 399 407 400 408 
403 4306 0.81604003906250000000 0.02624511718750000000 0 0 1 0 8 404 398 406 392 386 394 397 405 
404 4307 0.81726074218750000000 0.02624511718750000000 0 0 1 0 8 407 401 409 403 397 405 398 406 
405 4308 0.81604003906250000000 0.02502441406250000000 0 0 1 0 6 406 404 394 392 403 5 
406 4309 0.81726074218750000000 0.02502441406250000000 0 0 1 0 6 409 407 5 405 403 404 
407 4310 0.81848144531250000000 0.02624511718750000000 0 0 1 0 8 408 402 410 404 398 406 401 409 
408 4311 0.81970214843750000000 0.02624511718750000000 0 0 1 0 8 416 415 436 407 401 409 402 410 
409 4312 0.81848144531250000000 0.02502441406250000000 0 0 1 0 7 410 408 5 406 404 407 436 
410 4313 0.81970214843750000000 0.02502441406250000000 0 0 1 0 7 416 415 436 409 407 5 408 
411 4314 0.82153320312500000000 0.03784179687500000000 0 0 1 0 8 547 538 548 364 323 366 539 412 
412 4315 0.82153320312500000000 0.03540039062500000000 0 0 1 0 8 548 547 549 366 364 372 411 413 
413 4316 0.82153320312500000000 0.03295898437500000000 0 0 1 0 8 549 548 550 372 366 374 412 414 
414 4317 0.82153320312500000000 0.03051757812500000000 0 0 1 0 9 550 549 551 374 372 400 413 415 402 
415 4318 0.82153320312500000000 0.02807617187500000000 0 0 1 0 10 551 550 552 400 374 402 408 414 416 410 
416 4319 0.82153320312500000000 0.02563476562500000000 0 0 1 0 9 552 551 553 408 402 410 5 415 436 
417 4320 0.94726562500000000000 0.30273437500000000000 0 0 1 0 8 418 46 420 132 45 134 47 419 
418 4321 0.96679687500000000000 0.30273437500000000000 0 0 1 0 8 421 47 423 417 46 419 45 420 
419 4322 0.94726562500000000000 0.28320312500000000000 0 0 1 0 8 420 418 426 134 132 140 417 425 
420 4323 0.96679687500000000000 0.28320312500000000000 0 0 1 0 8 423 421 429 419 417 425 418 426 
421 4324 0.98632812500000000000 0.30273437500000000000 0 0 1 0 8 422 47 424 418 46 420 474 423 
422 4325 1.00585937500000000000 0.30273437500000000000 0 0 1 0 8 555 474 556 421 47 423 46 424 
423 4326 0.98632812500000000000 0.28320312500000000000 0 0 1 0 8 424 422 430 420 418 426 421 429 
424 4327 1.00585937500000000000 0.28320312500000000000 0 0 1 0 8 556 555 557 423 421 429 422 430 
425 4328 0.94726562500000000000 0.26367187500000000000 0 0 1 0 8 426 420 428 140 134 142 419 427 
426 4329 0.96679687500000000000 0.26367187500000000000 0 0 1 0 8 429 423 431 425 419 427 420 428 
427 4330 0.94726562500000000000 0.24414062500000000000 0 0 1 0 8 428 426 433 142 140 164 425 432 
428 4331 0.96679687500000000000 0.24414062500000000000 0 0 1 0 8 431 429 560 427 425 432 426 433 
429 4332 0.98632812500000000000 0.26367187500000000000 0 0 1 0 8 430 424 554 426 420 428 423 431 
430 4333 1.00585937500000000000 0.26367187500000000000 0 0 1 0 8 557 556 558 429 423 431 424 554 
431 4334 0.98632812500000000000 0.24414062500000000000 0 0 1 0 8 554 430 561 428 426 433 429 560 
432 4335 0.94726562500000000000 0.22460937500000000000 0 0 1 0 8 433 428 559 164 142 166 427 434 
433 4336 0.96679687500000000000 0.22460937500000000000 0 0 1 0 8 560 431 562 432 427 434 428 559 
434 4337 0.94726562500000000000 0.20507812500000000000 0 0 1 0 8 559 433 564 166 164 171 432 563 
