447 12991 -0.12695312500000000000 -0.02929687500000000000 
448 12992 -0.10742187500000000000 -0.00976562500000000000 
449 12993 -0.08789062500000000000 -0.00976562500000000000 
450 12994 -0.10742187500000000000 -0.02929687500000000000 
451 13032 -0.12695312500000000000 -0.04882812500000000000 
452 13034 -0.12695312500000000000 -0.06835937500000000000 
453 12997 -0.07324218750000000000 -0.01464843750000000000 
454 12998 -0.06347656250000000000 -0.01464843750000000000 
455 13001 -0.05371093750000000000 -0.01464843750000000000 
456 11431 -0.04394531250000000000 -0.01464843750000000000 
457 11442 -0.03662109375000000000 -0.01708984375000000000 
458 11681 -0.03662109375000000000 -0.02197265625000000000 
459 11682 -0.03173828125000000000 -0.02197265625000000000 
460 11683 -0.02685546875000000000 -0.02197265625000000000 
461 11684 -0.02197265625000000000 -0.02197265625000000000 
462 11687 -0.01831054687500000000 -0.02319335937500000000 
463 11693 -0.01831054687500000000 -0.02563476562500000000 
464 11695 -0.01831054687500000000 -0.02807617187500000000 
465 11696 -0.01586914062500000000 -0.02807617187500000000 
466 11699 -0.01342773437500000000 -0.02807617187500000000 
467 11700 -0.01098632812500000000 -0.02807617187500000000 
468 11715 -0.00915527343750000000 -0.02868652343750000000 
469 11716 -0.00793457031250000000 -0.02868652343750000000 
470 10939 -0.00671386718750000000 -0.02868652343750000000 
471 10940 -0.00549316406250000000 -0.02868652343750000000 
472 10951 -0.00427246093750000000 -0.02868652343750000000 
473 10957 -0.00366210937500000000 -0.03051757812500000000 
474 10958 -0.00122070312500000000 -0.03051757812500000000 
475 13036 -0.12695312500000000000 -0.08789062500000000000 
476 13039 -0.10742187500000000000 -0.08789062500000000000 
477 13040 -0.10742187500000000000 -0.10742187500000000000 
478 13045 -0.10742187500000000000 -0.12695312500000000000 
479 13046 -0.10742187500000000000 -0.14648437500000000000 
480 13047 -0.08789062500000000000 -0.14648437500000000000 
481 13069 -0.08789062500000000000 -0.16601562500000000000 
482 13080 -0.06835937500000000000 -0.16601562500000000000 
483 13081 -0.06835937500000000000 -0.18554687500000000000 
484 13082 -0.04882812500000000000 -0.18554687500000000000 
485 13083 -0.02929687500000000000 -0.18554687500000000000 
486 13084 -0.00976562500000000000 -0.18554687500000000000 
487 11280 0.00122070312500000000 -0.03051757812500000000 
488 11282 0.00122070312500000000 -0.03295898437500000000 
489 11283 0.00366210937500000000 -0.03295898437500000000 
490 11286 0.00610351562500000000 -0.03295898437500000000 
491 11287 0.00854492187500000000 -0.03295898437500000000 
492 11290 0.01098632812500000000 -0.03295898437500000000 
493 11291 0.01342773437500000000 -0.03295898437500000000 
494 8723 0.01586914062500000000 -0.03295898437500000000 
495 8725 0.01586914062500000000 -0.03540039062500000000 
496 8726 0.01831054687500000000 -0.03540039062500000000 
497 8727 0.01831054687500000000 -0.03784179687500000000 
498 8798 0.02014160156250000000 -0.03845214843750000000 
499 8889 0.02075195312500000000 -0.04028320312500000000 
500 8890 0.02319335937500000000 -0.04028320312500000000 
501 8891 0.02563476562500000000 -0.04028320312500000000 
502 8892 0.02807617187500000000 -0.04028320312500000000 
503 8893 0.03051757812500000000 -0.04028320312500000000 
504 8895 0.03051757812500000000 -0.04272460937500000000 
505 8896 0.03295898437500000000 -0.04272460937500000000 
506 8901 0.03295898437500000000 -0.04516601562500000000 
507 8902 0.03540039062500000000 -0.04516601562500000000 
508 8903 0.03784179687500000000 -0.04516601562500000000 
509 8904 0.03784179687500000000 -0.04760742187500000000 
510 8915 0.04028320312500000000 -0.04760742187500000000 
511 8937 0.04028320312500000000 -0.05004882812500000000 
512 8938 0.04272460937500000000 -0.05004882812500000000 
513 8939 0.04272460937500000000 -0.05249023437500000000 
514 8942 0.04516601562500000000 -0.05249023437500000000 
515 8944 0.04516601562500000000 -0.05493164062500000000 
516 8945 0.04760742187500000000 -0.05493164062500000000 
517 8946 0.04760742187500000000 -0.05737304687500000000 
518 8957 0.05004882812500000000 -0.05737304687500000000 
519 9044 0.05126953125000000000 -0.06103515625000000000 
520 9045 0.05615234375000000000 -0.06103515625000000000 
521 9046 0.05615234375000000000 -0.06591796875000000000 
522 9049 0.06103515625000000000 -0.06591796875000000000 
523 9055 0.06103515625000000000 -0.07080078125000000000 
524 9056 0.06591796875000000000 -0.07080078125000000000 
525 9057 0.06591796875000000000 -0.07568359375000000000 
526 9060 0.07080078125000000000 -0.07568359375000000000 
527 10647 0.07324218750000000000 -0.08300781250000000000 
528 10648 0.07324218750000000000 -0.09277343750000000000 
529 10649 0.07324218750000000000 -0.10253906250000000000 
530 10650 0.07324218750000000000 -0.11230468750000000000 
531 10693 0.08056640625000000000 -0.11474609375000000000 
532 10779 0.08300781250000000000 -0.12207031250000000000 
533 10781 0.08300781250000000000 -0.13183593750000000000 
534 10787 0.08300781250000000000 -0.14160156250000000000 
535 10789 0.08300781250000000000 -0.15136718750000000000 
536 13203 0.00976562500000000000 -0.18554687500000000000 
537 13204 0.02929687500000000000 -0.18554687500000000000 
538 13205 0.04882812500000000000 -0.18554687500000000000 
539 13206 0.06835937500000000000 -0.18554687500000000000 
540 10867 0.08789062500000000000 -0.16601562500000000000 
541 13215 0.08789062500000000000 -0.18554687500000000000 
