523 445 78
1 441 0.05197019299999999786 0.03595049699999999793 446 2 0 1 7 247 503 232 244 243 446 2 
2 442 0.05640047299999999958 0.03720801900000000190 1 3 0 1 6 291 244 248 247 1 3 
3 443 0.06100070400000000281 0.03843732100000000346 2 4 0 1 7 2 4 248 290 291 292 293 
4 444 0.06576912599999999720 0.03963765300000000186 3 5 0 1 8 3 5 287 290 292 293 294 327 
5 445 0.06823458356121622770 0.04023117092620141777 4 6 0 1 7 4 6 288 293 294 327 328 
6 446 0.07070390999999999482 0.04080827199999999960 5 7 0 1 7 306 309 5 7 294 327 328 
7 447 0.07580316700000000463 0.04194844899999999877 6 8 0 1 7 400 329 322 326 325 6 8 
8 448 0.07843241339729303818 0.04251080789610020561 7 9 0 1 8 7 9 400 401 404 324 326 329 
9 449 0.08106494200000000094 0.04305746600000000257 8 10 0 1 8 8 10 399 400 401 404 405 408 
10 450 0.08648722000000000354 0.04413462299999999783 9 11 0 1 7 384 9 11 373 406 407 408 
11 451 0.09206792399999999543 0.04517923900000000298 10 12 0 1 7 388 407 373 385 384 10 12 
12 452 0.09493513178432415323 0.04569233184184888497 11 13 0 1 6 419 385 389 388 11 13 
13 453 0.09780491400000000668 0.04619065599999999661 12 14 0 1 8 419 388 389 420 423 387 12 14 
14 454 0.10369599000000000177 0.04716824099999999964 13 15 0 1 8 418 419 420 423 424 426 13 15 
15 455 0.10973890999999999507 0.04811138499999999957 14 447 0 1 8 416 511 423 424 425 426 14 447 
16 456 0.10742187500000000000 0.16601562500000000000 0 0 1 0 11 17 451 41 450 448 468 449 29 28 30 43 
17 457 0.12695312500000000000 0.16601562500000000000 0 0 1 0 11 18 452 45 16 449 30 451 41 32 42 47 
18 458 0.14648437500000000000 0.16601562500000000000 0 0 1 0 11 19 453 427 17 451 42 452 45 44 46 429 
19 459 0.16601562500000000000 0.16601562500000000000 0 0 1 0 11 455 454 512 18 452 46 453 427 48 428 513 
20 460 0.07324218750000000000 0.12207031250000000000 0 0 1 0 9 35 33 57 459 457 462 458 21 59 
21 461 0.07324218750000000000 0.11230468750000000000 0 0 1 0 10 57 35 59 65 462 459 463 20 22 67 
22 462 0.07324218750000000000 0.10253906250000000000 0 0 1 0 10 65 59 67 89 463 462 24 21 25 91 
23 463 0.05371093750000000000 0.08300781250000000000 0 0 1 0 11 26 24 181 466 464 166 465 169 168 170 183 
24 464 0.06347656250000000000 0.09277343750000000000 0 0 1 0 8 25 22 27 465 461 23 463 26 
25 465 0.07324218750000000000 0.09277343750000000000 0 0 1 0 10 89 67 91 97 24 463 26 22 27 99 
26 466 0.06347656250000000000 0.08300781250000000000 0 0 1 0 11 27 25 185 23 465 170 24 181 172 182 187 
27 467 0.07324218750000000000 0.08300781250000000000 0 0 1 0 12 97 91 99 330 26 24 182 25 185 184 186 332 
28 468 0.09277343750000000000 0.14160156250000000000 0 0 1 0 8 31 29 37 469 467 33 468 34 
29 469 0.10253906250000000000 0.15136718750000000000 0 0 1 0 8 30 16 32 468 450 28 17 31 
30 470 0.11230468750000000000 0.15136718750000000000 0 0 1 0 8 41 17 43 29 16 31 450 32 
31 471 0.10253906250000000000 0.14160156250000000000 0 0 1 0 8 32 30 38 28 468 34 29 37 
32 472 0.11230468750000000000 0.14160156250000000000 0 0 1 0 8 43 41 49 31 29 37 30 38 
33 473 0.08300781250000000000 0.13183593750000000000 0 0 1 0 8 34 28 36 458 456 20 469 35 
34 474 0.09277343750000000000 0.13183593750000000000 0 0 1 0 8 37 31 39 33 469 35 28 36 
35 475 0.08300781250000000000 0.12207031250000000000 0 0 1 0 10 36 34 61 20 458 21 33 57 58 63 
36 476 0.09277343750000000000 0.12207031250000000000 0 0 1 0 11 39 37 73 35 33 58 34 61 60 62 75 
37 477 0.10253906250000000000 0.13183593750000000000 0 0 1 0 8 38 32 40 34 28 36 31 39 
38 478 0.11230468750000000000 0.13183593750000000000 0 0 1 0 8 49 43 51 37 31 39 32 40 
39 479 0.10253906250000000000 0.12207031250000000000 0 0 1 0 11 40 38 77 36 34 62 37 73 64 74 79 
40 480 0.11230468750000000000 0.12207031250000000000 0 0 1 0 11 51 49 121 39 37 74 38 77 76 78 123 
41 481 0.12207031250000000000 0.15136718750000000000 0 0 1 0 8 42 17 44 30 16 32 18 43 
42 482 0.13183593750000000000 0.15136718750000000000 0 0 1 0 8 45 18 47 41 17 43 16 44 
43 483 0.12207031250000000000 0.14160156250000000000 0 0 1 0 8 44 42 50 32 30 38 41 49 
44 484 0.13183593750000000000 0.14160156250000000000 0 0 1 0 8 47 45 53 43 41 49 42 50 
45 485 0.14160156250000000000 0.15136718750000000000 0 0 1 0 8 46 18 48 42 17 44 19 47 
46 486 0.15136718750000000000 0.15136718750000000000 0 0 1 0 8 427 19 429 45 18 47 17 48 
47 487 0.14160156250000000000 0.14160156250000000000 0 0 1 0 8 48 46 54 44 42 50 45 53 
48 488 0.15136718750000000000 0.14160156250000000000 0 0 1 0 8 429 427 431 47 45 53 46 54 
49 489 0.12207031250000000000 0.13183593750000000000 0 0 1 0 8 50 44 52 38 32 40 43 51 
50 490 0.13183593750000000000 0.13183593750000000000 0 0 1 0 8 53 47 55 49 43 51 44 52 
51 491 0.12207031250000000000 0.12207031250000000000 0 0 1 0 11 52 50 125 40 38 78 49 121 80 122 127 
52 492 0.13183593750000000000 0.12207031250000000000 0 0 1 0 11 55 53 137 51 49 122 50 125 124 126 139 
53 493 0.14160156250000000000 0.13183593750000000000 0 0 1 0 8 54 48 56 50 44 52 47 55 
54 494 0.15136718750000000000 0.13183593750000000000 0 0 1 0 8 431 429 433 53 47 55 48 56 
55 495 0.14160156250000000000 0.12207031250000000000 0 0 1 0 11 56 54 141 52 50 126 53 137 128 138 143 
56 496 0.15136718750000000000 0.12207031250000000000 0 0 1 0 11 433 431 435 55 53 138 54 141 140 142 437 
57 497 0.08056640625000000000 0.11474609375000000000 0 0 1 0 8 58 35 60 21 20 22 36 59 
58 498 0.08544921875000000000 0.11474609375000000000 0 0 1 0 8 61 36 63 57 35 59 20 60 
59 499 0.08056640625000000000 0.10986328125000000000 0 0 1 0 8 60 58 66 21 20 22 57 65 
60 500 0.08544921875000000000 0.10986328125000000000 0 0 1 0 8 63 61 69 59 57 65 58 66 
61 501 0.09033203125000000000 0.11474609375000000000 0 0 1 0 8 62 36 64 58 35 60 39 63 
62 502 0.09521484375000000000 0.11474609375000000000 0 0 1 0 8 73 39 75 61 36 63 35 64 
63 503 0.09033203125000000000 0.10986328125000000000 0 0 1 0 8 64 62 70 60 58 66 61 69 
64 504 0.09521484375000000000 0.10986328125000000000 0 0 1 0 8 75 73 81 63 61 69 62 70 
65 505 0.08056640625000000000 0.10498046875000000000 0 0 1 0 8 66 60 68 22 21 25 59 67 
66 506 0.08544921875000000000 0.10498046875000000000 0 0 1 0 8 69 63 71 65 59 67 60 68 
67 507 0.08056640625000000000 0.10009765625000000000 0 0 1 0 8 68 66 90 22 21 25 65 89 
68 508 0.08544921875000000000 0.10009765625000000000 0 0 1 0 8 71 69 93 67 65 89 66 90 
69 509 0.09033203125000000000 0.10498046875000000000 0 0 1 0 8 70 64 72 66 60 68 63 71 
70 510 0.09521484375000000000 0.10498046875000000000 0 0 1 0 8 81 75 83 69 63 71 64 72 
71 511 0.09033203125000000000 0.10009765625000000000 0 0 1 0 8 72 70 94 68 66 90 69 93 
72 512 0.09521484375000000000 0.10009765625000000000 0 0 1 0 8 83 81 105 71 69 93 70 94 
73 513 0.10009765625000000000 0.11474609375000000000 0 0 1 0 8 74 39 76 62 36 64 40 75 
74 514 0.10498046875000000000 0.11474609375000000000 0 0 1 0 8 77 40 79 73 39 75 36 76 
75 515 0.10009765625000000000 0.10986328125000000000 0 0 1 0 8 76 74 82 64 62 70 73 81 
76 516 0.10498046875000000000 0.10986328125000000000 0 0 1 0 8 79 77 85 75 73 81 74 82 
77 517 0.10986328125000000000 0.11474609375000000000 0 0 1 0 8 78 40 80 74 39 76 51 79 
78 518 0.11474609375000000000 0.11474609375000000000 0 0 1 0 8 121 51 123 77 40 79 39 80 
79 519 0.10986328125000000000 0.10986328125000000000 0 0 1 0 8 80 78 86 76 74 82 77 85 
80 520 0.11474609375000000000 0.10986328125000000000 0 0 1 0 8 123 121 129 79 77 85 78 86 
81 521 0.10009765625000000000 0.10498046875000000000 0 0 1 0 8 82 76 84 70 64 72 75 83 
82 522 0.10498046875000000000 0.10498046875000000000 0 0 1 0 8 85 79 87 81 75 83 76 84 
83 523 0.10009765625000000000 0.10009765625000000000 0 0 1 0 8 84 82 106 72 70 94 81 105 
84 524 0.10498046875000000000 0.10009765625000000000 0 0 1 0 8 87 85 109 83 81 105 82 106 
85 525 0.10986328125000000000 0.10498046875000000000 0 0 1 0 8 86 80 88 82 76 84 79 87 
86 526 0.11474609375000000000 0.10498046875000000000 0 0 1 0 8 129 123 131 85 79 87 80 88 
87 527 0.10986328125000000000 0.10009765625000000000 0 0 1 0 8 88 86 110 84 82 106 85 109 
88 528 0.11474609375000000000 0.10009765625000000000 0 0 1 0 8 131 129 151 87 85 109 86 110 
89 529 0.08056640625000000000 0.09521484375000000000 0 0 1 0 8 90 68 92 25 22 27 67 91 
90 530 0.08544921875000000000 0.09521484375000000000 0 0 1 0 8 93 71 95 89 67 91 68 92 
91 531 0.08056640625000000000 0.09033203125000000000 0 0 1 0 8 92 90 98 25 22 27 89 97 
92 532 0.08544921875000000000 0.09033203125000000000 0 0 1 0 8 95 93 101 91 89 97 90 98 
93 533 0.09033203125000000000 0.09521484375000000000 0 0 1 0 8 94 72 96 90 68 92 71 95 
94 534 0.09521484375000000000 0.09521484375000000000 0 0 1 0 8 105 83 107 93 71 95 72 96 
95 535 0.09033203125000000000 0.09033203125000000000 0 0 1 0 8 96 94 102 92 90 98 93 101 
96 536 0.09521484375000000000 0.09033203125000000000 0 0 1 0 8 107 105 113 95 93 101 94 102 
97 537 0.08056640625000000000 0.08544921875000000000 0 0 1 0 7 98 92 100 27 25 91 99 
98 538 0.08544921875000000000 0.08544921875000000000 0 0 1 0 8 101 95 103 97 91 99 92 100 
99 539 0.08056640625000000000 0.08056640625000000000 0 0 1 0 8 100 98 331 27 25 97 330 186 
100 540 0.08544921875000000000 0.08056640625000000000 0 0 1 0 8 103 101 334 99 97 330 98 331 
101 541 0.09033203125000000000 0.08544921875000000000 0 0 1 0 8 102 96 104 98 92 100 95 103 
102 542 0.09521484375000000000 0.08544921875000000000 0 0 1 0 8 113 107 115 101 95 103 96 104 
103 543 0.09033203125000000000 0.08056640625000000000 0 0 1 0 8 104 102 335 100 98 331 101 334 
104 544 0.09521484375000000000 0.08056640625000000000 0 0 1 0 8 115 113 346 103 101 334 102 335 
105 545 0.10009765625000000000 0.09521484375000000000 0 0 1 0 8 106 84 108 94 72 96 83 107 
106 546 0.10498046875000000000 0.09521484375000000000 0 0 1 0 8 109 87 111 105 83 107 84 108 
107 547 0.10009765625000000000 0.09033203125000000000 0 0 1 0 8 108 106 114 96 94 102 105 113 
108 548 0.10498046875000000000 0.09033203125000000000 0 0 1 0 8 111 109 117 107 105 113 106 114 
109 549 0.10986328125000000000 0.09521484375000000000 0 0 1 0 8 110 88 112 106 84 108 87 111 
110 550 0.11474609375000000000 0.09521484375000000000 0 0 1 0 8 151 131 153 109 87 111 88 112 
111 551 0.10986328125000000000 0.09033203125000000000 0 0 1 0 8 112 110 118 108 106 114 109 117 
112 552 0.11474609375000000000 0.09033203125000000000 0 0 1 0 8 153 151 159 111 109 117 110 118 
113 553 0.10009765625000000000 0.08544921875000000000 0 0 1 0 8 114 108 116 102 96 104 107 115 
114 554 0.10498046875000000000 0.08544921875000000000 0 0 1 0 8 117 111 119 113 107 115 108 116 
115 555 0.10009765625000000000 0.08056640625000000000 0 0 1 0 8 116 114 347 104 102 335 113 346 
116 556 0.10498046875000000000 0.08056640625000000000 0 0 1 0 8 119 117 350 115 113 346 114 347 
117 557 0.10986328125000000000 0.08544921875000000000 0 0 1 0 8 118 112 120 114 108 116 111 119 
118 558 0.11474609375000000000 0.08544921875000000000 0 0 1 0 8 159 153 472 117 111 119 112 120 
119 559 0.10986328125000000000 0.08056640625000000000 0 0 1 0 8 120 118 504 116 114 347 117 350 
120 560 0.11474609375000000000 0.08056640625000000000 0 0 1 0 9 472 159 509 119 117 350 118 504 510 
121 561 0.11962890625000000000 0.11474609375000000000 0 0 1 0 8 122 51 124 78 40 80 52 123 
122 562 0.12451171875000000000 0.11474609375000000000 0 0 1 0 8 125 52 127 121 51 123 40 124 
123 563 0.11962890625000000000 0.10986328125000000000 0 0 1 0 8 124 122 130 80 78 86 121 129 
124 564 0.12451171875000000000 0.10986328125000000000 0 0 1 0 8 127 125 133 123 121 129 122 130 
125 565 0.12939453125000000000 0.11474609375000000000 0 0 1 0 8 126 52 128 122 51 124 55 127 
126 566 0.13427734375000000000 0.11474609375000000000 0 0 1 0 8 137 55 139 125 52 127 51 128 
127 567 0.12939453125000000000 0.10986328125000000000 0 0 1 0 8 128 126 134 124 122 130 125 133 
128 568 0.13427734375000000000 0.10986328125000000000 0 0 1 0 8 139 137 145 127 125 133 126 134 
129 569 0.11962890625000000000 0.10498046875000000000 0 0 1 0 8 130 124 132 86 80 88 123 131 
130 570 0.12451171875000000000 0.10498046875000000000 0 0 1 0 8 133 127 135 129 123 131 124 132 
131 571 0.11962890625000000000 0.10009765625000000000 0 0 1 0 8 132 130 152 88 86 110 129 151 
132 572 0.12451171875000000000 0.10009765625000000000 0 0 1 0 8 135 133 155 131 129 151 130 152 
133 573 0.12939453125000000000 0.10498046875000000000 0 0 1 0 8 134 128 136 130 124 132 127 135 
134 574 0.13427734375000000000 0.10498046875000000000 0 0 1 0 8 145 139 147 133 127 135 128 136 
135 575 0.12939453125000000000 0.10009765625000000000 0 0 1 0 8 136 134 156 132 130 152 133 155 
136 576 0.13427734375000000000 0.10009765625000000000 0 0 1 0 8 147 145 162 135 133 155 134 156 
137 577 0.13916015625000000000 0.11474609375000000000 0 0 1 0 8 138 55 140 126 52 128 56 139 
138 578 0.14404296875000000000 0.11474609375000000000 0 0 1 0 8 141 56 143 137 55 139 52 140 
139 579 0.13916015625000000000 0.10986328125000000000 0 0 1 0 8 140 138 146 128 126 134 137 145 
140 580 0.14404296875000000000 0.10986328125000000000 0 0 1 0 8 143 141 149 139 137 145 138 146 
141 581 0.14892578125000000000 0.11474609375000000000 0 0 1 0 8 142 56 144 138 55 140 433 143 
142 582 0.15380859375000000000 0.11474609375000000000 0 0 1 0 8 435 433 437 141 56 143 55 144 
143 583 0.14892578125000000000 0.10986328125000000000 0 0 1 0 8 144 142 150 140 138 146 141 149 
144 584 0.15380859375000000000 0.10986328125000000000 0 0 1 0 8 437 435 443 143 141 149 142 150 
145 585 0.13916015625000000000 0.10498046875000000000 0 0 1 0 8 146 140 148 134 128 136 139 147 
146 586 0.14404296875000000000 0.10498046875000000000 0 0 1 0 8 149 143 470 145 139 147 140 148 
147 587 0.13916015625000000000 0.10009765625000000000 0 0 1 0 8 148 146 477 136 134 156 145 162 
148 588 0.14404296875000000000 0.10009765625000000000 0 0 1 0 8 470 149 480 147 145 162 146 477 
149 589 0.14892578125000000000 0.10498046875000000000 0 0 1 0 8 150 144 471 146 140 148 143 470 
150 590 0.15380859375000000000 0.10498046875000000000 0 0 1 0 8 443 437 516 149 143 470 144 471 
151 591 0.11962890625000000000 0.09521484375000000000 0 0 1 0 8 152 132 154 110 88 112 131 153 
152 592 0.12451171875000000000 0.09521484375000000000 0 0 1 0 8 155 135 157 151 131 153 132 154 
153 593 0.11962890625000000000 0.09033203125000000000 0 0 1 0 8 154 152 160 112 110 118 151 159 
154 594 0.12451171875000000000 0.09033203125000000000 0 0 1 0 8 157 155 161 153 151 159 152 160 
155 595 0.12939453125000000000 0.09521484375000000000 0 0 1 0 8 156 136 158 152 132 154 135 157 
156 596 0.13427734375000000000 0.09521484375000000000 0 0 1 0 8 162 147 478 155 135 157 136 158 
157 597 0.12939453125000000000 0.09033203125000000000 0 0 1 0 8 158 156 474 154 152 160 155 161 
158 598 0.13427734375000000000 0.09033203125000000000 0 0 1 0 8 478 162 481 157 155 161 156 474 
159 599 0.11962890625000000000 0.08544921875000000000 0 0 1 0 8 160 154 473 118 112 120 153 472 
160 600 0.12451171875000000000 0.08544921875000000000 0 0 1 0 8 161 157 475 159 153 472 154 473 
161 601 0.12939453125000000000 0.08544921875000000000 0 0 1 0 8 474 158 476 160 154 473 157 475 
162 602 0.13916015625000000000 0.09521484375000000000 0 0 1 0 8 477 148 479 156 136 158 147 478 
163 603 0.03662109375000000000 0.06591796875000000000 0 0 1 0 8 173 167 175 485 483 486 484 164 
164 604 0.03662109375000000000 0.06103515625000000000 0 0 1 0 11 175 173 197 486 485 487 163 489 488 165 199 
165 605 0.03784179687500000000 0.05737304687500000000 0 0 1 0 8 197 175 199 489 164 490 486 491 
166 606 0.04638671875000000000 0.07568359375000000000 0 0 1 0 8 169 23 171 493 466 167 460 168 
167 607 0.04150390625000000000 0.07080078125000000000 0 0 1 0 8 168 166 174 484 482 163 493 173 
168 608 0.04638671875000000000 0.07080078125000000000 0 0 1 0 8 171 169 177 167 493 173 166 174 
169 609 0.05126953125000000000 0.07568359375000000000 0 0 1 0 8 170 23 172 166 466 168 26 171 
170 610 0.05615234375000000000 0.07568359375000000000 0 0 1 0 8 181 26 183 169 23 171 466 172 
171 611 0.05126953125000000000 0.07080078125000000000 0 0 1 0 8 172 170 178 168 166 174 169 177 
172 612 0.05615234375000000000 0.07080078125000000000 0 0 1 0 8 183 181 189 171 169 177 170 178 
173 613 0.04150390625000000000 0.06591796875000000000 0 0 1 0 8 174 168 176 163 484 164 167 175 
174 614 0.04638671875000000000 0.06591796875000000000 0 0 1 0 8 177 171 179 173 167 175 168 176 
175 615 0.04150390625000000000 0.06103515625000000000 0 0 1 0 11 176 174 201 164 163 165 173 197 491 198 203 
176 616 0.04638671875000000000 0.06103515625000000000 0 0 1 0 11 179 177 210 175 173 198 174 201 200 202 212 
177 617 0.05126953125000000000 0.06591796875000000000 0 0 1 0 8 178 172 180 174 168 176 171 179 
178 618 0.05615234375000000000 0.06591796875000000000 0 0 1 0 8 189 183 191 177 171 179 172 180 
179 619 0.05126953125000000000 0.06103515625000000000 0 0 1 0 11 180 178 214 176 174 202 177 210 204 211 216 
180 620 0.05615234375000000000 0.06103515625000000000 0 0 1 0 11 191 189 249 179 177 211 178 214 213 215 251 
181 621 0.06103515625000000000 0.07568359375000000000 0 0 1 0 8 182 26 184 170 23 172 27 183 
182 622 0.06591796875000000000 0.07568359375000000000 0 0 1 0 8 185 27 187 181 26 183 23 184 
183 623 0.06103515625000000000 0.07080078125000000000 0 0 1 0 8 184 182 190 172 170 178 181 189 
184 624 0.06591796875000000000 0.07080078125000000000 0 0 1 0 8 187 185 193 183 181 189 182 190 
185 625 0.07080078125000000000 0.07568359375000000000 0 0 1 0 7 186 27 188 182 26 184 187 
186 626 0.07568359375000000000 0.07568359375000000000 0 0 1 0 8 330 99 332 185 27 187 26 188 
187 627 0.07080078125000000000 0.07080078125000000000 0 0 1 0 8 188 186 194 184 182 190 185 193 
188 628 0.07568359375000000000 0.07080078125000000000 0 0 1 0 8 332 330 338 187 185 193 186 194 
189 629 0.06103515625000000000 0.06591796875000000000 0 0 1 0 8 190 184 192 178 172 180 183 191 
190 630 0.06591796875000000000 0.06591796875000000000 0 0 1 0 8 193 187 195 189 183 191 184 192 
191 631 0.06103515625000000000 0.06103515625000000000 0 0 1 0 11 192 190 253 180 178 215 189 249 217 250 255 
192 632 0.06591796875000000000 0.06103515625000000000 0 0 1 0 11 195 193 265 191 189 250 190 253 252 254 267 
193 633 0.07080078125000000000 0.06591796875000000000 0 0 1 0 8 194 188 196 190 184 192 187 195 
194 634 0.07568359375000000000 0.06591796875000000000 0 0 1 0 8 338 332 340 193 187 195 188 196 
195 635 0.07080078125000000000 0.06103515625000000000 0 0 1 0 11 196 194 269 192 190 254 193 265 256 266 271 
196 636 0.07568359375000000000 0.06103515625000000000 0 0 1 0 11 340 338 358 195 193 266 194 269 268 270 360 
197 637 0.04028320312500000000 0.05737304687500000000 0 0 1 0 8 198 175 200 165 164 491 176 199 
198 638 0.04272460937500000000 0.05737304687500000000 0 0 1 0 8 201 176 203 197 175 199 164 200 
199 639 0.04028320312500000000 0.05493164062500000000 0 0 1 0 8 200 198 205 491 165 492 197 494 
200 640 0.04272460937500000000 0.05493164062500000000 0 0 1 0 8 203 201 206 199 197 494 198 205 
201 641 0.04516601562500000000 0.05737304687500000000 0 0 1 0 8 202 176 204 198 175 200 179 203 
202 642 0.04760742187500000000 0.05737304687500000000 0 0 1 0 8 210 179 212 201 176 203 175 204 
203 643 0.04516601562500000000 0.05493164062500000000 0 0 1 0 8 204 202 207 200 198 205 201 206 
204 644 0.04760742187500000000 0.05493164062500000000 0 0 1 0 8 212 210 218 203 201 206 202 207 
205 645 0.04272460937500000000 0.05249023437500000000 0 0 1 0 8 206 203 208 494 199 495 200 496 
206 646 0.04516601562500000000 0.05249023437500000000 0 0 1 0 8 207 204 209 205 200 496 203 208 
207 647 0.04760742187500000000 0.05249023437500000000 0 0 1 0 8 218 212 220 206 203 208 204 209 
208 648 0.04516601562500000000 0.05004882812500000000 0 0 1 0 8 209 207 227 496 205 497 206 226 
209 649 0.04760742187500000000 0.05004882812500000000 0 0 1 0 8 220 218 233 208 206 226 207 227 
210 650 0.05004882812500000000 0.05737304687500000000 0 0 1 0 8 211 179 213 202 176 204 180 212 
211 651 0.05249023437500000000 0.05737304687500000000 0 0 1 0 8 214 180 216 210 179 212 176 213 
212 652 0.05004882812500000000 0.05493164062500000000 0 0 1 0 8 213 211 219 204 202 207 210 218 
213 653 0.05249023437500000000 0.05493164062500000000 0 0 1 0 8 216 214 222 212 210 218 211 219 
214 654 0.05493164062500000000 0.05737304687500000000 0 0 1 0 8 215 180 217 211 179 213 191 216 
215 655 0.05737304687500000000 0.05737304687500000000 0 0 1 0 8 249 191 251 214 180 216 179 217 
216 656 0.05493164062500000000 0.05493164062500000000 0 0 1 0 8 217 215 223 213 211 219 214 222 
217 657 0.05737304687500000000 0.05493164062500000000 0 0 1 0 8 251 249 257 216 214 222 215 223 
218 658 0.05004882812500000000 0.05249023437500000000 0 0 1 0 8 219 213 221 207 204 209 212 220 
219 659 0.05249023437500000000 0.05249023437500000000 0 0 1 0 8 222 216 224 218 212 220 213 221 
220 660 0.05004882812500000000 0.05004882812500000000 0 0 1 0 8 221 219 234 209 207 227 218 233 
221 661 0.05249023437500000000 0.05004882812500000000 0 0 1 0 8 224 222 237 220 218 233 219 234 
222 662 0.05493164062500000000 0.05249023437500000000 0 0 1 0 8 223 217 225 219 213 221 216 224 
223 663 0.05737304687500000000 0.05249023437500000000 0 0 1 0 8 257 251 259 222 216 224 217 225 
224 664 0.05493164062500000000 0.05004882812500000000 0 0 1 0 8 225 223 238 221 219 234 222 237 
225 665 0.05737304687500000000 0.05004882812500000000 0 0 1 0 8 259 257 281 224 222 237 223 238 
226 666 0.04516601562500000000 0.04760742187500000000 0 0 1 0 8 227 209 229 497 496 498 208 228 
227 667 0.04760742187500000000 0.04760742187500000000 0 0 1 0 8 233 220 235 226 208 228 209 229 
228 668 0.04516601562500000000 0.04516601562500000000 0 0 1 0 8 229 227 231 498 497 499 226 230 
229 669 0.04760742187500000000 0.04516601562500000000 0 0 1 0 8 235 233 241 228 226 230 227 231 
230 670 0.04516601562500000000 0.04272460937500000000 0 0 1 0 8 231 229 232 499 498 500 228 501 
231 671 0.04760742187500000000 0.04272460937500000000 0 0 1 0 8 241 235 243 230 228 501 229 232 
232 672 0.04760742187500000000 0.04028320312500000000 0 0 1 0 8 243 241 1 501 230 502 231 503 
233 673 0.05004882812500000000 0.04760742187500000000 0 0 1 0 8 234 221 236 227 209 229 220 235 
234 674 0.05249023437500000000 0.04760742187500000000 0 0 1 0 8 237 224 239 233 220 235 221 236 
235 675 0.05004882812500000000 0.04516601562500000000 0 0 1 0 8 236 234 242 229 227 231 233 241 
236 676 0.05249023437500000000 0.04516601562500000000 0 0 1 0 8 239 237 245 235 233 241 234 242 
237 677 0.05493164062500000000 0.04760742187500000000 0 0 1 0 8 238 225 240 234 221 236 224 239 
238 678 0.05737304687500000000 0.04760742187500000000 0 0 1 0 8 281 259 283 237 224 239 225 240 
239 679 0.05493164062500000000 0.04516601562500000000 0 0 1 0 8 240 238 246 236 234 242 237 245 
240 680 0.05737304687500000000 0.04516601562500000000 0 0 1 0 8 283 281 289 239 237 245 238 246 
241 681 0.05004882812500000000 0.04272460937500000000 0 0 1 0 8 242 236 244 231 229 232 235 243 
242 682 0.05249023437500000000 0.04272460937500000000 0 0 1 0 8 245 239 247 241 235 243 236 244 
243 683 0.05004882812500000000 0.04028320312500000000 0 0 1 0 8 244 242 1 232 231 503 241 2 
244 684 0.05249023437500000000 0.04028320312500000000 0 0 1 0 7 247 245 2 243 241 1 242 
245 685 0.05493164062500000000 0.04272460937500000000 0 0 1 0 8 246 240 248 242 236 244 239 247 
246 686 0.05737304687500000000 0.04272460937500000000 0 0 1 0 8 289 283 291 245 239 247 240 248 
247 687 0.05493164062500000000 0.04028320312500000000 0 0 1 0 8 248 246 2 244 242 1 245 3 
248 688 0.05737304687500000000 0.04028320312500000000 0 0 1 0 8 291 289 3 247 245 2 246 1 
249 689 0.05981445312500000000 0.05737304687500000000 0 0 1 0 8 250 191 252 215 180 217 192 251 
250 690 0.06225585937500000000 0.05737304687500000000 0 0 1 0 8 253 192 255 249 191 251 180 252 
251 691 0.05981445312500000000 0.05493164062500000000 0 0 1 0 8 252 250 258 217 215 223 249 257 
252 692 0.06225585937500000000 0.05493164062500000000 0 0 1 0 8 255 253 261 251 249 257 250 258 
253 693 0.06469726562500000000 0.05737304687500000000 0 0 1 0 8 254 192 256 250 191 252 195 255 
254 694 0.06713867187500000000 0.05737304687500000000 0 0 1 0 8 265 195 267 253 192 255 191 256 
255 695 0.06469726562500000000 0.05493164062500000000 0 0 1 0 8 256 254 262 252 250 258 253 261 
256 696 0.06713867187500000000 0.05493164062500000000 0 0 1 0 8 267 265 273 255 253 261 254 262 
257 697 0.05981445312500000000 0.05249023437500000000 0 0 1 0 8 258 252 260 223 217 225 251 259 
258 698 0.06225585937500000000 0.05249023437500000000 0 0 1 0 8 261 255 263 257 251 259 252 260 
259 699 0.05981445312500000000 0.05004882812500000000 0 0 1 0 8 260 258 282 225 223 238 257 281 
260 700 0.06225585937500000000 0.05004882812500000000 0 0 1 0 8 263 261 285 259 257 281 258 282 
261 701 0.06469726562500000000 0.05249023437500000000 0 0 1 0 8 262 256 264 258 252 260 255 263 
262 702 0.06713867187500000000 0.05249023437500000000 0 0 1 0 8 273 267 275 261 255 263 256 264 
263 703 0.06469726562500000000 0.05004882812500000000 0 0 1 0 8 264 262 286 260 258 282 261 285 
264 704 0.06713867187500000000 0.05004882812500000000 0 0 1 0 9 275 273 295 263 261 285 262 286 297 
265 705 0.06958007812500000000 0.05737304687500000000 0 0 1 0 8 266 195 268 254 192 256 196 267 
266 706 0.07202148437500000000 0.05737304687500000000 0 0 1 0 8 269 196 271 265 195 267 192 268 
267 707 0.06958007812500000000 0.05493164062500000000 0 0 1 0 8 268 266 274 256 254 262 265 273 
268 708 0.07202148437500000000 0.05493164062500000000 0 0 1 0 8 271 269 277 267 265 273 266 274 
269 709 0.07446289062500000000 0.05737304687500000000 0 0 1 0 8 270 196 272 266 195 268 340 271 
270 710 0.07690429687500000000 0.05737304687500000000 0 0 1 0 8 358 340 360 269 196 271 195 272 
271 711 0.07446289062500000000 0.05493164062500000000 0 0 1 0 8 272 270 278 268 266 274 269 277 
272 712 0.07690429687500000000 0.05493164062500000000 0 0 1 0 8 360 358 366 271 269 277 270 278 
273 713 0.06958007812500000000 0.05249023437500000000 0 0 1 0 8 274 268 276 262 256 264 267 275 
274 714 0.07202148437500000000 0.05249023437500000000 0 0 1 0 8 277 271 279 273 267 275 268 276 
275 715 0.06958007812500000000 0.05004882812500000000 0 0 1 0 10 276 274 299 264 262 286 273 295 296 301 
276 716 0.07202148437500000000 0.05004882812500000000 0 0 1 0 11 279 277 311 275 273 296 274 299 298 300 313 
277 717 0.07446289062500000000 0.05249023437500000000 0 0 1 0 8 278 272 280 274 268 276 271 279 
278 718 0.07690429687500000000 0.05249023437500000000 0 0 1 0 8 366 360 368 277 271 279 272 280 
279 719 0.07446289062500000000 0.05004882812500000000 0 0 1 0 11 280 278 315 276 274 300 277 311 302 312 317 
280 720 0.07690429687500000000 0.05004882812500000000 0 0 1 0 11 368 366 390 279 277 312 278 315 314 316 392 
281 721 0.05981445312500000000 0.04760742187500000000 0 0 1 0 8 282 260 284 238 225 240 259 283 
282 722 0.06225585937500000000 0.04760742187500000000 0 0 1 0 8 285 263 287 281 259 283 260 284 
283 723 0.05981445312500000000 0.04516601562500000000 0 0 1 0 8 284 282 290 240 238 246 281 289 
284 724 0.06225585937500000000 0.04516601562500000000 0 0 1 0 8 287 285 293 283 281 289 282 290 
285 725 0.06469726562500000000 0.04760742187500000000 0 0 1 0 8 286 264 288 282 260 284 263 287 
286 726 0.06713867187500000000 0.04760742187500000000 0 0 1 0 10 295 275 297 303 285 263 287 264 288 305 
287 727 0.06469726562500000000 0.04516601562500000000 0 0 1 0 8 288 286 294 284 282 290 285 293 
288 728 0.06713867187500000000 0.04516601562500000000 0 0 1 0 9 303 297 305 327 287 285 293 286 294 
289 729 0.05981445312500000000 0.04272460937500000000 0 0 1 0 8 290 284 292 246 240 248 283 291 
290 730 0.06225585937500000000 0.04272460937500000000 0 0 1 0 8 293 287 4 289 283 291 284 292 
291 731 0.05981445312500000000 0.04028320312500000000 0 0 1 0 7 292 290 3 248 246 2 289 
292 732 0.06225585937500000000 0.04028320312500000000 0 0 1 0 7 4 293 291 289 3 290 2 
293 733 0.06469726562500000000 0.04272460937500000000 0 0 1 0 8 294 288 5 290 284 292 287 4 
294 734 0.06713867187500000000 0.04272460937500000000 0 0 1 0 8 327 305 6 293 287 4 288 5 
295 735 0.06896972656250000000 0.04821777343750000000 0 0 1 0 8 296 275 298 286 264 288 276 297 
296 736 0.07019042968750000000 0.04821777343750000000 0 0 1 0 8 299 276 301 295 275 297 264 298 
297 737 0.06896972656250000000 0.04699707031250000000 0 0 1 0 8 298 296 304 286 264 288 295 303 
298 738 0.07019042968750000000 0.04699707031250000000 0 0 1 0 8 301 299 307 297 295 303 296 304 
299 739 0.07141113281250000000 0.04821777343750000000 0 0 1 0 8 300 276 302 296 275 298 279 301 
300 740 0.07263183593750000000 0.04821777343750000000 0 0 1 0 8 311 279 313 299 276 301 275 302 
301 741 0.07141113281250000000 0.04699707031250000000 0 0 1 0 8 302 300 308 298 296 304 299 307 
302 742 0.07263183593750000000 0.04699707031250000000 0 0 1 0 8 313 311 319 301 299 307 300 308 
303 743 0.06896972656250000000 0.04577636718750000000 0 0 1 0 8 304 298 306 288 286 294 297 305 
304 744 0.07019042968750000000 0.04577636718750000000 0 0 1 0 8 307 301 309 303 297 305 298 306 
305 745 0.06896972656250000000 0.04455566406250000000 0 0 1 0 8 306 304 327 288 286 294 303 328 
306 746 0.07019042968750000000 0.04455566406250000000 0 0 1 0 8 309 307 328 305 303 327 304 294 
307 747 0.07141113281250000000 0.04577636718750000000 0 0 1 0 8 308 302 310 304 298 306 301 309 
308 748 0.07263183593750000000 0.04577636718750000000 0 0 1 0 8 319 313 321 307 301 309 302 310 
309 749 0.07141113281250000000 0.04455566406250000000 0 0 1 0 8 310 308 328 306 304 327 307 329 
310 750 0.07263183593750000000 0.04455566406250000000 0 0 1 0 8 321 319 329 309 307 328 308 327 
311 751 0.07385253906250000000 0.04821777343750000000 0 0 1 0 8 312 279 314 300 276 302 280 313 
312 752 0.07507324218750000000 0.04821777343750000000 0 0 1 0 8 315 280 317 311 279 313 276 314 
313 753 0.07385253906250000000 0.04699707031250000000 0 0 1 0 8 314 312 320 302 300 308 311 319 
314 754 0.07507324218750000000 0.04699707031250000000 0 0 1 0 8 317 315 323 313 311 319 312 320 
315 755 0.07629394531250000000 0.04821777343750000000 0 0 1 0 8 316 280 318 312 279 314 368 317 
316 756 0.07751464843750000000 0.04821777343750000000 0 0 1 0 8 390 368 392 315 280 317 279 318 
317 757 0.07629394531250000000 0.04699707031250000000 0 0 1 0 8 318 316 324 314 312 320 315 323 
318 758 0.07751464843750000000 0.04699707031250000000 0 0 1 0 8 392 390 398 317 315 323 316 324 
319 759 0.07385253906250000000 0.04577636718750000000 0 0 1 0 8 320 314 322 308 302 310 313 321 
320 760 0.07507324218750000000 0.04577636718750000000 0 0 1 0 8 323 317 325 319 313 321 314 322 
321 761 0.07385253906250000000 0.04455566406250000000 0 0 1 0 8 322 320 329 310 308 328 319 7 
322 762 0.07507324218750000000 0.04455566406250000000 0 0 1 0 8 325 323 7 321 319 329 320 328 
323 763 0.07629394531250000000 0.04577636718750000000 0 0 1 0 8 324 318 326 320 314 322 317 325 
324 764 0.07751464843750000000 0.04577636718750000000 0 0 1 0 8 398 392 400 323 317 325 318 326 
325 765 0.07629394531250000000 0.04455566406250000000 0 0 1 0 8 326 324 7 322 320 329 323 8 
326 766 0.07751464843750000000 0.04455566406250000000 0 0 1 0 8 400 398 8 325 323 7 324 329 
327 767 0.06958007812500000000 0.04272460937500000000 0 0 1 0 8 328 309 294 288 5 306 305 6 
328 768 0.07202148437500000000 0.04272460937500000000 0 0 1 0 7 329 321 327 306 6 310 309 
329 769 0.07446289062500000000 0.04272460937500000000 0 0 1 0 7 310 328 7 322 6 321 325 
330 770 0.08056640625000000000 0.07568359375000000000 0 0 1 0 8 331 100 333 186 27 188 99 332 
331 771 0.08544921875000000000 0.07568359375000000000 0 0 1 0 8 334 103 336 330 99 332 100 333 
332 772 0.08056640625000000000 0.07080078125000000000 0 0 1 0 8 333 331 339 188 186 194 330 338 
333 773 0.08544921875000000000 0.07080078125000000000 0 0 1 0 8 336 334 342 332 330 338 331 339 
334 774 0.09033203125000000000 0.07568359375000000000 0 0 1 0 8 335 104 337 331 100 333 103 336 
335 775 0.09521484375000000000 0.07568359375000000000 0 0 1 0 8 346 115 348 334 103 336 104 337 
336 776 0.09033203125000000000 0.07080078125000000000 0 0 1 0 8 337 335 343 333 331 339 334 342 
337 777 0.09521484375000000000 0.07080078125000000000 0 0 1 0 8 348 346 352 336 334 342 335 343 
338 778 0.08056640625000000000 0.06591796875000000000 0 0 1 0 8 339 333 341 194 188 196 332 340 
339 779 0.08544921875000000000 0.06591796875000000000 0 0 1 0 8 342 336 344 338 332 340 333 341 
340 780 0.08056640625000000000 0.06103515625000000000 0 0 1 0 11 341 339 362 196 194 270 338 358 272 359 364 
341 781 0.08544921875000000000 0.06103515625000000000 0 0 1 0 11 344 342 374 340 338 359 339 362 361 363 376 
342 782 0.09033203125000000000 0.06591796875000000000 0 0 1 0 8 343 337 345 339 333 341 336 344 
343 783 0.09521484375000000000 0.06591796875000000000 0 0 1 0 8 352 348 354 342 336 344 337 345 
344 784 0.09033203125000000000 0.06103515625000000000 0 0 1 0 11 345 343 378 341 339 363 342 374 365 375 380 
345 785 0.09521484375000000000 0.06103515625000000000 0 0 1 0 11 354 352 409 344 342 375 343 378 377 379 411 
346 786 0.10009765625000000000 0.07568359375000000000 0 0 1 0 8 347 116 349 335 104 337 115 348 
347 787 0.10498046875000000000 0.07568359375000000000 0 0 1 0 8 350 119 351 346 115 348 116 349 
348 788 0.10009765625000000000 0.07080078125000000000 0 0 1 0 8 349 347 353 337 335 343 346 352 
349 789 0.10498046875000000000 0.07080078125000000000 0 0 1 0 8 351 350 356 348 346 352 347 353 
350 790 0.10986328125000000000 0.07568359375000000000 0 0 1 0 8 504 120 505 347 116 349 119 351 
351 791 0.10986328125000000000 0.07080078125000000000 0 0 1 0 8 505 504 506 349 347 353 350 356 
352 792 0.10009765625000000000 0.06591796875000000000 0 0 1 0 8 353 349 355 343 337 345 348 354 
353 793 0.10498046875000000000 0.06591796875000000000 0 0 1 0 8 356 351 357 352 348 354 349 355 
354 794 0.10009765625000000000 0.06103515625000000000 0 0 1 0 11 355 353 413 345 343 379 352 409 381 410 415 
355 795 0.10498046875000000000 0.06103515625000000000 0 0 1 0 10 357 356 425 354 352 410 353 413 412 414 
356 796 0.10986328125000000000 0.06591796875000000000 0 0 1 0 8 506 505 507 353 349 355 351 357 
357 797 0.10986328125000000000 0.06103515625000000000 0 0 1 0 9 507 506 508 355 353 414 356 425 416 
358 798 0.07934570312500000000 0.05737304687500000000 0 0 1 0 8 359 340 361 270 196 272 341 360 
359 799 0.08178710937500000000 0.05737304687500000000 0 0 1 0 8 362 341 364 358 340 360 196 361 
360 800 0.07934570312500000000 0.05493164062500000000 0 0 1 0 8 361 359 367 272 270 278 358 366 
361 801 0.08178710937500000000 0.05493164062500000000 0 0 1 0 8 364 362 370 360 358 366 359 367 
362 802 0.08422851562500000000 0.05737304687500000000 0 0 1 0 8 363 341 365 359 340 361 344 364 
363 803 0.08666992187500000000 0.05737304687500000000 0 0 1 0 8 374 344 376 362 341 364 340 365 
364 804 0.08422851562500000000 0.05493164062500000000 0 0 1 0 8 365 363 371 361 359 367 362 370 
365 805 0.08666992187500000000 0.05493164062500000000 0 0 1 0 8 376 374 382 364 362 370 363 371 
366 806 0.07934570312500000000 0.05249023437500000000 0 0 1 0 8 367 361 369 278 272 280 360 368 
367 807 0.08178710937500000000 0.05249023437500000000 0 0 1 0 8 370 364 372 366 360 368 361 369 
368 808 0.07934570312500000000 0.05004882812500000000 0 0 1 0 11 369 367 394 280 278 316 366 390 318 391 396 
369 809 0.08178710937500000000 0.05004882812500000000 0 0 1 0 10 372 370 406 368 366 391 367 394 393 395 
370 810 0.08422851562500000000 0.05249023437500000000 0 0 1 0 8 371 365 373 367 361 369 364 372 
371 811 0.08666992187500000000 0.05249023437500000000 0 0 1 0 8 382 376 384 370 364 372 365 373 
372 812 0.08422851562500000000 0.05004882812500000000 0 0 1 0 9 373 371 407 369 367 395 370 406 397 
373 813 0.08666992187500000000 0.05004882812500000000 0 0 1 0 8 384 382 11 372 370 406 371 407 
374 814 0.08911132812500000000 0.05737304687500000000 0 0 1 0 8 375 344 377 363 341 365 345 376 
375 815 0.09155273437500000000 0.05737304687500000000 0 0 1 0 8 378 345 380 374 344 376 341 377 
376 816 0.08911132812500000000 0.05493164062500000000 0 0 1 0 8 377 375 383 365 363 371 374 382 
377 817 0.09155273437500000000 0.05493164062500000000 0 0 1 0 8 380 378 386 376 374 382 375 383 
378 818 0.09399414062500000000 0.05737304687500000000 0 0 1 0 8 379 345 381 375 344 377 354 380 
379 819 0.09643554687500000000 0.05737304687500000000 0 0 1 0 8 409 354 411 378 345 380 344 381 
380 820 0.09399414062500000000 0.05493164062500000000 0 0 1 0 8 381 379 387 377 375 383 378 386 
381 821 0.09643554687500000000 0.05493164062500000000 0 0 1 0 8 411 409 417 380 378 386 379 387 
382 822 0.08911132812500000000 0.05249023437500000000 0 0 1 0 8 383 377 385 371 365 373 376 384 
383 823 0.09155273437500000000 0.05249023437500000000 0 0 1 0 8 386 380 388 382 376 384 377 385 
384 824 0.08911132812500000000 0.05004882812500000000 0 0 1 0 8 385 383 11 373 371 407 382 12 
385 825 0.09155273437500000000 0.05004882812500000000 0 0 1 0 7 388 386 12 384 382 11 383 
386 826 0.09399414062500000000 0.05249023437500000000 0 0 1 0 8 387 381 389 383 377 385 380 388 
387 827 0.09643554687500000000 0.05249023437500000000 0 0 1 0 8 417 411 419 386 380 388 381 389 
388 828 0.09399414062500000000 0.05004882812500000000 0 0 1 0 8 389 387 12 385 383 11 386 13 
389 829 0.09643554687500000000 0.05004882812500000000 0 0 1 0 8 419 417 13 388 386 12 387 11 
390 830 0.07873535156250000000 0.04821777343750000000 0 0 1 0 8 391 368 393 316 280 318 369 392 
391 831 0.07995605468750000000 0.04821777343750000000 0 0 1 0 8 394 369 396 390 368 392 280 393 
392 832 0.07873535156250000000 0.04699707031250000000 0 0 1 0 8 393 391 399 318 316 324 390 398 
393 833 0.07995605468750000000 0.04699707031250000000 0 0 1 0 8 396 394 402 392 390 398 391 399 
394 834 0.08117675781250000000 0.04821777343750000000 0 0 1 0 8 395 369 397 391 368 393 372 396 
395 835 0.08239746093750000000 0.04821777343750000000 0 0 1 0 8 406 372 408 394 369 396 368 397 
396 836 0.08117675781250000000 0.04699707031250000000 0 0 1 0 8 397 395 403 393 391 399 394 402 
397 837 0.08239746093750000000 0.04699707031250000000 0 0 1 0 8 406 372 408 396 394 402 395 403 
398 838 0.07873535156250000000 0.04577636718750000000 0 0 1 0 8 399 393 401 324 318 326 392 400 
399 839 0.07995605468750000000 0.04577636718750000000 0 0 1 0 8 402 396 404 398 392 400 393 401 
400 840 0.07873535156250000000 0.04455566406250000000 0 0 1 0 8 401 399 8 326 324 7 398 9 
401 841 0.07995605468750000000 0.04455566406250000000 0 0 1 0 8 404 402 9 400 398 8 399 7 
402 842 0.08117675781250000000 0.04577636718750000000 0 0 1 0 8 403 397 405 399 393 401 396 404 
403 843 0.08239746093750000000 0.04577636718750000000 0 0 1 0 7 408 406 402 396 404 397 405 
404 844 0.08117675781250000000 0.04455566406250000000 0 0 1 0 7 405 403 9 401 399 8 402 
405 845 0.08239746093750000000 0.04455566406250000000 0 0 1 0 8 8 9 408 403 406 404 10 402 
406 846 0.08422851562500000000 0.04760742187500000000 0 0 1 0 10 407 373 10 395 369 397 403 372 408 405 
407 847 0.08666992187500000000 0.04760742187500000000 0 0 1 0 7 11 406 372 408 373 384 10 
408 848 0.08422851562500000000 0.04516601562500000000 0 0 1 0 7 10 407 403 397 405 9 406 
409 849 0.09887695312500000000 0.05737304687500000000 0 0 1 0 8 410 354 412 379 345 381 355 411 
410 850 0.10131835937500000000 0.05737304687500000000 0 0 1 0 8 413 355 415 409 354 411 345 412 
411 851 0.09887695312500000000 0.05493164062500000000 0 0 1 0 8 412 410 418 381 379 387 409 417 
412 852 0.10131835937500000000 0.05493164062500000000 0 0 1 0 8 415 413 421 411 409 417 410 418 
413 853 0.10375976562500000000 0.05737304687500000000 0 0 1 0 8 414 355 416 410 354 412 357 415 
414 854 0.10620117187500000000 0.05737304687500000000 0 0 1 0 8 425 357 426 413 355 415 354 416 
415 855 0.10375976562500000000 0.05493164062500000000 0 0 1 0 8 416 414 422 412 410 418 413 421 
416 856 0.10620117187500000000 0.05493164062500000000 0 0 1 0 8 425 357 426 415 413 421 414 422 
417 857 0.09887695312500000000 0.05249023437500000000 0 0 1 0 8 418 412 420 387 381 389 411 419 
418 858 0.10131835937500000000 0.05249023437500000000 0 0 1 0 8 421 415 423 417 411 419 412 420 
419 859 0.09887695312500000000 0.05004882812500000000 0 0 1 0 8 420 418 13 389 387 12 417 14 
420 860 0.10131835937500000000 0.05004882812500000000 0 0 1 0 8 423 421 14 419 417 13 418 12 
421 861 0.10375976562500000000 0.05249023437500000000 0 0 1 0 8 422 416 424 418 412 420 415 423 
422 862 0.10620117187500000000 0.05249023437500000000 0 0 1 0 8 426 425 15 421 415 423 416 424 
423 863 0.10375976562500000000 0.05004882812500000000 0 0 1 0 8 424 422 14 420 418 13 421 15 
424 864 0.10620117187500000000 0.05004882812500000000 0 0 1 0 8 426 425 15 423 421 14 422 13 
425 865 0.10986328125000000000 0.05615234375000000000 0 0 1 0 10 508 507 447 414 355 416 422 357 426 424 
426 866 0.10986328125000000000 0.05126953125000000000 0 0 1 0 8 447 508 422 416 424 14 425 15 
427 867 0.16113281250000000000 0.15136718750000000000 0 0 1 0 8 428 19 430 46 18 48 455 429 
428 868 0.17089843750000000000 0.15136718750000000000 0 0 1 0 8 512 455 513 427 19 429 18 430 
429 869 0.16113281250000000000 0.14160156250000000000 0 0 1 0 8 430 428 432 48 46 54 427 431 
430 870 0.17089843750000000000 0.14160156250000000000 0 0 1 0 8 513 512 514 429 427 431 428 432 
431 871 0.16113281250000000000 0.13183593750000000000 0 0 1 0 8 432 430 434 54 48 56 429 433 
432 872 0.17089843750000000000 0.13183593750000000000 0 0 1 0 8 514 513 515 431 429 433 430 434 
433 873 0.16113281250000000000 0.12207031250000000000 0 0 1 0 11 434 432 439 56 54 142 431 435 144 436 441 
434 874 0.17089843750000000000 0.12207031250000000000 0 0 1 0 11 515 514 521 433 431 436 432 439 438 440 522 
435 875 0.15869140625000000000 0.11474609375000000000 0 0 1 0 8 436 433 438 142 56 144 434 437 
436 876 0.16357421875000000000 0.11474609375000000000 0 0 1 0 8 439 434 441 435 433 437 56 438 
437 877 0.15869140625000000000 0.10986328125000000000 0 0 1 0 8 438 436 444 144 142 150 435 443 
438 878 0.16357421875000000000 0.10986328125000000000 0 0 1 0 8 441 439 445 437 435 443 436 444 
439 879 0.16845703125000000000 0.11474609375000000000 0 0 1 0 8 440 434 442 436 433 438 515 441 
440 880 0.17333984375000000000 0.11474609375000000000 0 0 1 0 8 521 515 522 439 434 441 433 442 
441 881 0.16845703125000000000 0.10986328125000000000 0 0 1 0 8 442 440 518 438 436 444 439 445 
442 882 0.17333984375000000000 0.10986328125000000000 0 0 1 0 8 522 521 523 441 439 445 440 518 
443 883 0.15869140625000000000 0.10498046875000000000 0 0 1 0 8 444 438 517 150 144 471 437 516 
444 884 0.16357421875000000000 0.10498046875000000000 0 0 1 0 8 445 441 519 443 437 516 438 517 
445 885 0.16845703125000000000 0.10498046875000000000 0 0 1 0 8 518 442 520 444 438 517 441 519 
