442 17242 1.09375000000000000000 2.65625000000000000000 
443 17251 1.40625000000000000000 2.96875000000000000000 
444 17252 1.71875000000000000000 2.96875000000000000000 
445 17253 1.40625000000000000000 2.65625000000000000000 
446 17254 2.03125000000000000000 2.96875000000000000000 
447 17255 2.34375000000000000000 2.96875000000000000000 
448 17293 2.65625000000000000000 2.96875000000000000000 
449 17294 2.96875000000000000000 2.96875000000000000000 
450 17295 2.96875000000000000000 2.65625000000000000000 
451 17319 1.17187500000000000000 2.42187500000000000000 
452 17320 1.01562500000000000000 2.26562500000000000000 
453 17321 1.17187500000000000000 2.26562500000000000000 
454 17323 0.85937500000000000000 2.10937500000000000000 
455 17324 0.70312500000000000000 1.95312500000000000000 
456 17325 0.85937500000000000000 1.95312500000000000000 
457 17326 1.01562500000000000000 2.10937500000000000000 
458 17332 0.54687500000000000000 1.79687500000000000000 
459 17333 0.39062500000000000000 1.64062500000000000000 
460 17334 0.54687500000000000000 1.64062500000000000000 
461 17336 0.23437500000000000000 1.48437500000000000000 
462 16740 0.23437500000000000000 1.32812500000000000000 
463 17337 0.39062500000000000000 1.48437500000000000000 
464 17338 0.70312500000000000000 1.79687500000000000000 
465 17339 1.32812500000000000000 2.42187500000000000000 
466 16746 0.27343750000000000000 1.21093750000000000000 
467 16748 0.27343750000000000000 1.13281250000000000000 
468 16757 0.35156250000000000000 1.21093750000000000000 
469 16758 0.35156250000000000000 1.13281250000000000000 
470 16759 0.35156250000000000000 1.05468750000000000000 
471 16760 0.35156250000000000000 0.97656250000000000000 
472 16777 0.35156250000000000000 0.89843750000000000000 
473 16778 0.42968750000000000000 0.89843750000000000000 
474 16780 0.42968750000000000000 0.82031250000000000000 
475 16782 0.42968750000000000000 0.74218750000000000000 
476 16785 0.50781250000000000000 0.74218750000000000000 
477 16786 0.50781250000000000000 0.66406250000000000000 
478 16787 0.58593750000000000000 0.66406250000000000000 
479 16864 0.60546875000000000000 0.60546875000000000000 
480 16866 0.60546875000000000000 0.56640625000000000000 
481 16902 0.64453125000000000000 0.60546875000000000000 
482 16903 0.64453125000000000000 0.56640625000000000000 
483 16904 0.64453125000000000000 0.52734375000000000000 
484 3922 0.68359375000000000000 0.52734375000000000000 
485 3924 0.68359375000000000000 0.48828125000000000000 
486 3925 0.72265625000000000000 0.48828125000000000000 
487 3930 0.72265625000000000000 0.44921875000000000000 
488 3931 0.76171875000000000000 0.44921875000000000000 
489 3933 0.76171875000000000000 0.41015625000000000000 
490 3942 0.80078125000000000000 0.41015625000000000000 
491 3943 0.80078125000000000000 0.37109375000000000000 
492 3944 0.83984375000000000000 0.37109375000000000000 
493 3946 0.83984375000000000000 0.33203125000000000000 
494 3947 0.87890625000000000000 0.33203125000000000000 
495 3948 0.91796875000000000000 0.33203125000000000000 
496 3949 0.95703125000000000000 0.33203125000000000000 
497 3950 0.99609375000000000000 0.33203125000000000000 
498 6964 1.03515625000000000000 0.33203125000000000000 
499 6965 1.07421875000000000000 0.33203125000000000000 
500 6966 1.11328125000000000000 0.33203125000000000000 
501 6967 1.15234375000000000000 0.33203125000000000000 
502 6968 1.19140625000000000000 0.33203125000000000000 
503 6969 1.23046875000000000000 0.33203125000000000000 
504 7303 1.28906250000000000000 0.35156250000000000000 
505 7304 1.36718750000000000000 0.35156250000000000000 
506 7310 1.38671875000000000000 0.29296875000000000000 
507 7312 1.38671875000000000000 0.25390625000000000000 
508 7318 1.38671875000000000000 0.21484375000000000000 
509 7320 1.38671875000000000000 0.17578125000000000000 
510 7326 1.38671875000000000000 0.13671875000000000000 
511 7328 1.38671875000000000000 0.09765625000000000000 
512 7334 1.38671875000000000000 0.05859375000000000000 
513 7336 1.38671875000000000000 0.01953125000000000000 
514 13445 1.42578125000000000000 0.01953125000000000000 
515 15633 2.96875000000000000000 2.34375000000000000000 
516 15634 2.96875000000000000000 2.03125000000000000000 
517 15639 2.96875000000000000000 1.71875000000000000000 
518 15640 2.96875000000000000000 1.40625000000000000000 
519 15661 2.96875000000000000000 1.09375000000000000000 
520 15662 2.96875000000000000000 0.78125000000000000000 
521 15667 2.96875000000000000000 0.46875000000000000000 
522 15668 2.65625000000000000000 0.15625000000000000000 
523 15669 2.96875000000000000000 0.15625000000000000000 
524 13703 1.42578125000000000000 -0.01953125000000000000 
525 13704 1.46484375000000000000 -0.01953125000000000000 
526 13707 1.50390625000000000000 -0.01953125000000000000 
527 13708 1.54296875000000000000 -0.01953125000000000000 
528 13710 1.54296875000000000000 -0.05859375000000000000 
529 13751 1.60156250000000000000 -0.03906250000000000000 
530 13752 1.67968750000000000000 -0.03906250000000000000 
531 13755 1.75781250000000000000 -0.03906250000000000000 
532 13756 1.83593750000000000000 -0.03906250000000000000 
533 13758 1.83593750000000000000 -0.11718750000000000000 
534 13799 1.95312500000000000000 -0.07812500000000000000 
535 13800 1.95312500000000000000 -0.23437500000000000000 
536 13801 2.10937500000000000000 -0.23437500000000000000 
537 15730 2.42187500000000000000 -0.07812500000000000000 
538 15731 2.26562500000000000000 -0.23437500000000000000 
539 15732 2.42187500000000000000 -0.23437500000000000000 
540 15828 2.65625000000000000000 -0.15625000000000000000 
