444 21 0.20098474999999998980 0.05702371900000000049 
445 1760 0.32058763000000001231 0.05936510799999999977 
446 1800 0.20996093750000000000 0.12207031250000000000 
447 1801 0.21972656250000000000 0.13183593750000000000 
448 1802 0.22949218750000000000 0.13183593750000000000 
449 1803 0.21972656250000000000 0.12207031250000000000 
450 1823 0.21240234375000000000 0.11474609375000000000 
451 1824 0.20751953125000000000 0.10986328125000000000 
452 1825 0.21240234375000000000 0.10986328125000000000 
453 1827 0.20263671875000000000 0.10498046875000000000 
454 1828 0.19775390625000000000 0.10009765625000000000 
455 1829 0.20263671875000000000 0.10009765625000000000 
456 1830 0.20751953125000000000 0.10498046875000000000 
457 1831 0.21728515625000000000 0.11474609375000000000 
458 1832 0.19775390625000000000 0.09521484375000000000 
459 303 0.19775390625000000000 0.09033203125000000000 
460 304 0.19775390625000000000 0.08544921875000000000 
461 305 0.19775390625000000000 0.08056640625000000000 
462 1841 0.23925781250000000000 0.13183593750000000000 
463 1842 0.24902343750000000000 0.13183593750000000000 
464 1843 0.25878906250000000000 0.13183593750000000000 
465 1844 0.26855468750000000000 0.13183593750000000000 
466 1845 0.26855468750000000000 0.12207031250000000000 
467 1856 0.27832031250000000000 0.12207031250000000000 
468 1862 0.27587890625000000000 0.11474609375000000000 
469 1864 0.27587890625000000000 0.10986328125000000000 
470 1865 0.28076171875000000000 0.10986328125000000000 
471 1870 0.28076171875000000000 0.10498046875000000000 
472 1871 0.28564453125000000000 0.10498046875000000000 
473 1873 0.28564453125000000000 0.10009765625000000000 
474 1874 0.29052734375000000000 0.10009765625000000000 
475 1885 0.29541015625000000000 0.10009765625000000000 
476 1886 0.30029296875000000000 0.10009765625000000000 
477 1891 0.30029296875000000000 0.09521484375000000000 
478 1892 0.30517578125000000000 0.09521484375000000000 
479 1894 0.30517578125000000000 0.09033203125000000000 
480 1895 0.31005859375000000000 0.09033203125000000000 
481 1896 0.31005859375000000000 0.08544921875000000000 
482 437 0.19775390625000000000 0.07568359375000000000 
483 438 0.19775390625000000000 0.07080078125000000000 
484 439 0.19775390625000000000 0.06591796875000000000 
485 440 0.19775390625000000000 0.06103515625000000000 
486 1965 0.31494140625000000000 0.08544921875000000000 
487 1967 0.31494140625000000000 0.08056640625000000000 
488 2068 0.31372070312500000000 0.07690429687500000000 
489 2069 0.31616210937500000000 0.07690429687500000000 
490 2070 0.31616210937500000000 0.07446289062500000000 
491 2075 0.31616210937500000000 0.07202148437500000000 
492 2076 0.31616210937500000000 0.06958007812500000000 
493 2079 0.31860351562500000000 0.06958007812500000000 
494 2097 0.31982421875000000000 0.06591796875000000000 
