423 5655 0.92417657269863207059 -0.01027001878134094562 
424 4338 0.85441738000000000408 -0.01893111000000000099 
425 4563 0.85815429687500000000 -0.02075195312500000000 
426 4565 0.85815429687500000000 -0.02319335937500000000 
427 4571 0.85815429687500000000 -0.02563476562500000000 
428 4573 0.85815429687500000000 -0.02807617187500000000 
429 4595 0.85815429687500000000 -0.03051757812500000000 
430 4597 0.85815429687500000000 -0.03295898437500000000 
431 4603 0.85815429687500000000 -0.03540039062500000000 
432 4605 0.85815429687500000000 -0.03784179687500000000 
433 4690 0.85693359375000000000 -0.04150390625000000000 
434 4692 0.85693359375000000000 -0.04638671875000000000 
435 5656 0.92407226562500000000 -0.01342773437500000000 
436 5658 0.92346191406250000000 -0.01525878906250000000 
437 5660 0.92346191406250000000 -0.01647949218750000000 
438 5666 0.92346191406250000000 -0.01770019531250000000 
439 5668 0.92346191406250000000 -0.01892089843750000000 
440 5674 0.92895507812500000000 -0.01098632812500000000 
441 5690 0.92407226562500000000 -0.02075195312500000000 
442 5691 0.92651367187500000000 -0.02075195312500000000 
443 5692 0.92651367187500000000 -0.02319335937500000000 
444 5693 0.92651367187500000000 -0.02563476562500000000 
445 5694 0.92651367187500000000 -0.02807617187500000000 
446 5711 0.92651367187500000000 -0.03051757812500000000 
447 5712 0.92895507812500000000 -0.03051757812500000000 
448 5714 0.92895507812500000000 -0.03295898437500000000 
449 5720 0.92895507812500000000 -0.03540039062500000000 
450 5722 0.92895507812500000000 -0.03784179687500000000 
451 4733 0.86181640625000000000 -0.04638671875000000000 
452 4734 0.86181640625000000000 -0.05126953125000000000 
453 4735 0.86181640625000000000 -0.05615234375000000000 
454 4736 0.86181640625000000000 -0.06103515625000000000 
455 4737 0.86181640625000000000 -0.06591796875000000000 
456 4738 0.86669921875000000000 -0.06591796875000000000 
457 4740 0.86669921875000000000 -0.07080078125000000000 
458 4743 0.87158203125000000000 -0.07080078125000000000 
459 4744 0.87158203125000000000 -0.07568359375000000000 
460 4745 0.87646484375000000000 -0.07568359375000000000 
461 5728 0.93017578125000000000 -0.04150390625000000000 
462 5730 0.93017578125000000000 -0.04638671875000000000 
463 5732 0.93017578125000000000 -0.05126953125000000000 
464 5734 0.93017578125000000000 -0.05615234375000000000 
465 5736 0.91552734375000000000 -0.07568359375000000000 
466 5737 0.92529296875000000000 -0.06591796875000000000 
467 5738 0.93017578125000000000 -0.06103515625000000000 
468 5740 0.93017578125000000000 -0.06591796875000000000 
469 5742 0.92041015625000000000 -0.07080078125000000000 
470 5743 0.92529296875000000000 -0.07080078125000000000 
471 5744 0.92041015625000000000 -0.07568359375000000000 
472 4772 0.87402343750000000000 -0.08300781250000000000 
473 4775 0.88378906250000000000 -0.08300781250000000000 
474 4776 0.88378906250000000000 -0.09277343750000000000 
475 5756 0.89355468750000000000 -0.09277343750000000000 
476 5762 0.91308593750000000000 -0.08300781250000000000 
477 5763 0.90332031250000000000 -0.09277343750000000000 
478 5764 0.91308593750000000000 -0.09277343750000000000 
479 5765 0.92285156250000000000 -0.08300781250000000000 
