550 440 110
1 16476 -0.23437500000000000000 1.32812500000000000000 0 0 1 0 11 2 446 32 444 442 17 445 28 19 29 34 
2 16477 -0.07812500000000000000 1.32812500000000000000 0 0 1 0 11 264 482 266 1 445 29 446 32 31 33 268 
3 16478 -1.40625000000000000000 0.78125000000000000000 0 0 1 0 10 9 5 11 76 449 447 450 448 4 78 
4 16479 -1.40625000000000000000 0.46875000000000000000 0 0 1 0 10 76 11 78 84 450 449 451 3 452 86 
5 16480 -1.17187500000000000000 1.01562500000000000000 0 0 1 0 8 6 454 10 448 441 3 453 9 
6 16481 -1.01562500000000000000 1.01562500000000000000 0 0 1 0 8 7 455 13 5 453 9 454 10 
7 16482 -0.85937500000000000000 1.01562500000000000000 0 0 1 0 8 8 456 14 6 454 10 455 13 
8 16483 -0.70312500000000000000 1.01562500000000000000 0 0 1 0 10 20 458 22 44 7 455 13 456 14 46 
9 16484 -1.17187500000000000000 0.85937500000000000000 0 0 1 0 8 10 6 12 3 448 4 5 11 
10 16485 -1.01562500000000000000 0.85937500000000000000 0 0 1 0 8 13 7 15 9 5 11 6 12 
11 16486 -1.17187500000000000000 0.70312500000000000000 0 0 1 0 8 12 10 77 3 448 4 9 76 
12 16487 -1.01562500000000000000 0.70312500000000000000 0 0 1 0 8 15 13 80 11 9 76 10 77 
13 16488 -0.85937500000000000000 0.85937500000000000000 0 0 1 0 8 14 8 16 10 6 12 7 15 
14 16489 -0.70312500000000000000 0.85937500000000000000 0 0 1 0 10 44 22 46 52 13 7 15 8 16 54 
15 16490 -0.85937500000000000000 0.70312500000000000000 0 0 1 0 8 16 14 81 12 10 77 13 80 
16 16491 -0.70312500000000000000 0.70312500000000000000 0 0 1 0 10 52 46 54 92 15 13 80 14 81 94 
17 16492 -0.35156250000000000000 1.21093750000000000000 0 0 1 0 8 28 1 30 460 444 18 443 19 
18 16493 -0.42968750000000000000 1.13281250000000000000 0 0 1 0 8 19 17 25 459 457 21 460 24 
19 16494 -0.35156250000000000000 1.13281250000000000000 0 0 1 0 8 30 28 36 18 460 24 17 25 
20 16495 -0.58593750000000000000 1.05468750000000000000 0 0 1 0 8 21 459 23 8 456 14 458 22 
21 16496 -0.50781250000000000000 1.05468750000000000000 0 0 1 0 8 24 18 26 20 458 22 459 23 
22 16497 -0.58593750000000000000 0.97656250000000000000 0 0 1 0 8 23 21 45 8 456 14 20 44 
23 16498 -0.50781250000000000000 0.97656250000000000000 0 0 1 0 8 26 24 48 22 20 44 21 45 
24 16499 -0.42968750000000000000 1.05468750000000000000 0 0 1 0 8 25 19 27 21 459 23 18 26 
25 16500 -0.35156250000000000000 1.05468750000000000000 0 0 1 0 8 36 30 38 24 18 26 19 27 
26 16501 -0.42968750000000000000 0.97656250000000000000 0 0 1 0 8 27 25 49 23 21 45 24 48 
27 16502 -0.35156250000000000000 0.97656250000000000000 0 0 1 0 8 38 36 60 26 24 48 25 49 
28 16503 -0.27343750000000000000 1.21093750000000000000 0 0 1 0 8 29 1 31 17 444 19 2 30 
29 16504 -0.19531250000000000000 1.21093750000000000000 0 0 1 0 8 32 2 34 28 1 30 444 31 
30 16505 -0.27343750000000000000 1.13281250000000000000 0 0 1 0 8 31 29 37 19 17 25 28 36 
31 16506 -0.19531250000000000000 1.13281250000000000000 0 0 1 0 8 34 32 40 30 28 36 29 37 
32 16507 -0.11718750000000000000 1.21093750000000000000 0 0 1 0 8 33 2 35 29 1 31 264 34 
33 16508 -0.03906250000000000000 1.21093750000000000000 0 0 1 0 8 266 264 268 32 2 34 1 35 
34 16509 -0.11718750000000000000 1.13281250000000000000 0 0 1 0 8 35 33 41 31 29 37 32 40 
35 16510 -0.03906250000000000000 1.13281250000000000000 0 0 1 0 8 268 266 274 34 32 40 33 41 
36 16511 -0.27343750000000000000 1.05468750000000000000 0 0 1 0 8 37 31 39 25 19 27 30 38 
37 16512 -0.19531250000000000000 1.05468750000000000000 0 0 1 0 8 40 34 42 36 30 38 31 39 
38 16513 -0.27343750000000000000 0.97656250000000000000 0 0 1 0 8 39 37 61 27 25 49 36 60 
39 16514 -0.19531250000000000000 0.97656250000000000000 0 0 1 0 8 42 40 64 38 36 60 37 61 
40 16515 -0.11718750000000000000 1.05468750000000000000 0 0 1 0 8 41 35 43 37 31 39 34 42 
41 16516 -0.03906250000000000000 1.05468750000000000000 0 0 1 0 8 274 268 276 40 34 42 35 43 
42 16517 -0.11718750000000000000 0.97656250000000000000 0 0 1 0 8 43 41 65 39 37 61 40 64 
43 16518 -0.03906250000000000000 0.97656250000000000000 0 0 1 0 8 276 274 286 42 40 64 41 65 
44 16519 -0.58593750000000000000 0.89843750000000000000 0 0 1 0 8 45 23 47 14 8 16 22 46 
45 16520 -0.50781250000000000000 0.89843750000000000000 0 0 1 0 8 48 26 50 44 22 46 23 47 
46 16521 -0.58593750000000000000 0.82031250000000000000 0 0 1 0 8 47 45 53 14 8 16 44 52 
47 16522 -0.50781250000000000000 0.82031250000000000000 0 0 1 0 8 50 48 56 46 44 52 45 53 
48 16523 -0.42968750000000000000 0.89843750000000000000 0 0 1 0 8 49 27 51 45 23 47 26 50 
49 16524 -0.35156250000000000000 0.89843750000000000000 0 0 1 0 8 60 38 62 48 26 50 27 51 
50 16525 -0.42968750000000000000 0.82031250000000000000 0 0 1 0 8 51 49 57 47 45 53 48 56 
51 16526 -0.35156250000000000000 0.82031250000000000000 0 0 1 0 8 62 60 68 50 48 56 49 57 
52 16527 -0.58593750000000000000 0.74218750000000000000 0 0 1 0 8 53 47 55 16 14 81 46 54 
53 16528 -0.50781250000000000000 0.74218750000000000000 0 0 1 0 8 56 50 58 52 46 54 47 55 
54 16529 -0.58593750000000000000 0.66406250000000000000 0 0 1 0 8 55 53 93 16 14 81 52 92 
55 16530 -0.50781250000000000000 0.66406250000000000000 0 0 1 0 8 58 56 96 54 52 92 53 93 
56 16531 -0.42968750000000000000 0.74218750000000000000 0 0 1 0 8 57 51 59 53 47 55 50 58 
57 16532 -0.35156250000000000000 0.74218750000000000000 0 0 1 0 8 68 62 70 56 50 58 51 59 
58 16533 -0.42968750000000000000 0.66406250000000000000 0 0 1 0 8 59 57 97 55 53 93 56 96 
59 16534 -0.35156250000000000000 0.66406250000000000000 0 0 1 0 9 70 68 108 58 56 96 57 97 110 
60 16535 -0.27343750000000000000 0.89843750000000000000 0 0 1 0 8 61 39 63 49 27 51 38 62 
61 16536 -0.19531250000000000000 0.89843750000000000000 0 0 1 0 8 64 42 66 60 38 62 39 63 
62 16537 -0.27343750000000000000 0.82031250000000000000 0 0 1 0 8 63 61 69 51 49 57 60 68 
63 16538 -0.19531250000000000000 0.82031250000000000000 0 0 1 0 8 66 64 72 62 60 68 61 69 
64 16539 -0.11718750000000000000 0.89843750000000000000 0 0 1 0 8 65 43 67 61 39 63 42 66 
65 16540 -0.03906250000000000000 0.89843750000000000000 0 0 1 0 8 286 276 288 64 42 66 43 67 
66 16541 -0.11718750000000000000 0.82031250000000000000 0 0 1 0 8 67 65 73 63 61 69 64 72 
67 16542 -0.03906250000000000000 0.82031250000000000000 0 0 1 0 8 288 286 294 66 64 72 65 73 
68 16543 -0.27343750000000000000 0.74218750000000000000 0 0 1 0 8 69 63 71 57 51 59 62 70 
69 16544 -0.19531250000000000000 0.74218750000000000000 0 0 1 0 8 72 66 74 68 62 70 63 71 
70 16545 -0.27343750000000000000 0.66406250000000000000 0 0 1 0 10 71 69 112 59 57 97 68 108 109 114 
71 16546 -0.19531250000000000000 0.66406250000000000000 0 0 1 0 11 74 72 124 70 68 109 69 112 111 113 126 
72 16547 -0.11718750000000000000 0.74218750000000000000 0 0 1 0 8 73 67 75 69 63 71 66 74 
73 16548 -0.03906250000000000000 0.74218750000000000000 0 0 1 0 8 294 288 296 72 66 74 67 75 
74 16549 -0.11718750000000000000 0.66406250000000000000 0 0 1 0 11 75 73 128 71 69 113 72 124 115 125 130 
75 16550 -0.03906250000000000000 0.66406250000000000000 0 0 1 0 11 296 294 313 74 72 125 73 128 127 129 315 
76 16551 -1.17187500000000000000 0.54687500000000000000 0 0 1 0 8 77 12 79 4 3 452 11 78 
77 16552 -1.01562500000000000000 0.54687500000000000000 0 0 1 0 8 80 15 82 76 11 78 12 79 
78 16553 -1.17187500000000000000 0.39062500000000000000 0 0 1 0 8 79 77 85 4 3 452 76 84 
79 16554 -1.01562500000000000000 0.39062500000000000000 0 0 1 0 8 82 80 88 78 76 84 77 85 
80 16555 -0.85937500000000000000 0.54687500000000000000 0 0 1 0 8 81 16 83 77 12 79 15 82 
81 16556 -0.70312500000000000000 0.54687500000000000000 0 0 1 0 10 92 54 94 100 80 15 82 16 83 102 
82 16557 -0.85937500000000000000 0.39062500000000000000 0 0 1 0 8 83 81 89 79 77 85 80 88 
83 16558 -0.70312500000000000000 0.39062500000000000000 0 0 1 0 10 100 94 102 172 82 80 88 81 89 174 
84 16559 -1.17187500000000000000 0.23437500000000000000 0 0 1 0 8 85 79 87 452 4 533 78 86 
85 16560 -1.01562500000000000000 0.23437500000000000000 0 0 1 0 8 88 82 90 84 78 86 79 87 
86 16561 -1.17187500000000000000 0.07812500000000000000 0 0 1 0 8 87 85 430 452 4 533 84 534 
87 16562 -1.01562500000000000000 0.07812500000000000000 0 0 1 0 8 90 88 431 86 84 534 85 430 
88 16563 -0.85937500000000000000 0.23437500000000000000 0 0 1 0 8 89 83 91 85 79 87 82 90 
89 16564 -0.70312500000000000000 0.23437500000000000000 0 0 1 0 10 172 102 174 180 88 82 90 83 91 182 
90 16565 -0.85937500000000000000 0.07812500000000000000 0 0 1 0 8 91 89 432 87 85 430 88 431 
91 16566 -0.70312500000000000000 0.07812500000000000000 0 0 1 0 10 180 174 182 435 90 88 431 89 432 437 
92 16567 -0.58593750000000000000 0.58593750000000000000 0 0 1 0 8 93 55 95 81 16 83 54 94 
93 16568 -0.50781250000000000000 0.58593750000000000000 0 0 1 0 8 96 58 98 92 54 94 55 95 
94 16569 -0.58593750000000000000 0.50781250000000000000 0 0 1 0 8 95 93 101 81 16 83 92 100 
95 16570 -0.50781250000000000000 0.50781250000000000000 0 0 1 0 8 98 96 104 94 92 100 93 101 
96 16571 -0.42968750000000000000 0.58593750000000000000 0 0 1 0 8 97 59 99 93 55 95 58 98 
97 16572 -0.35156250000000000000 0.58593750000000000000 0 0 1 0 10 108 70 110 116 96 58 98 59 99 118 
98 16573 -0.42968750000000000000 0.50781250000000000000 0 0 1 0 8 99 97 105 95 93 101 96 104 
99 16574 -0.35156250000000000000 0.50781250000000000000 0 0 1 0 10 116 110 118 140 98 96 104 97 105 142 
100 16575 -0.58593750000000000000 0.42968750000000000000 0 0 1 0 8 101 95 103 83 81 89 94 102 
101 16576 -0.50781250000000000000 0.42968750000000000000 0 0 1 0 8 104 98 106 100 94 102 95 103 
102 16577 -0.58593750000000000000 0.35156250000000000000 0 0 1 0 8 103 101 173 83 81 89 100 172 
103 16578 -0.50781250000000000000 0.35156250000000000000 0 0 1 0 8 106 104 176 102 100 172 101 173 
104 16579 -0.42968750000000000000 0.42968750000000000000 0 0 1 0 8 105 99 107 101 95 103 98 106 
105 16580 -0.35156250000000000000 0.42968750000000000000 0 0 1 0 10 140 118 142 148 104 98 106 99 107 150 
106 16581 -0.42968750000000000000 0.35156250000000000000 0 0 1 0 8 107 105 177 103 101 173 104 176 
107 16582 -0.35156250000000000000 0.35156250000000000000 0 0 1 0 10 148 142 150 188 106 104 176 105 177 190 
108 16583 -0.29296875000000000000 0.60546875000000000000 0 0 1 0 8 109 70 111 97 59 99 71 110 
109 16584 -0.25390625000000000000 0.60546875000000000000 0 0 1 0 8 112 71 114 108 70 110 59 111 
110 16585 -0.29296875000000000000 0.56640625000000000000 0 0 1 0 8 111 109 117 97 59 99 108 116 
111 16586 -0.25390625000000000000 0.56640625000000000000 0 0 1 0 8 114 112 120 110 108 116 109 117 
112 16587 -0.21484375000000000000 0.60546875000000000000 0 0 1 0 8 113 71 115 109 70 111 74 114 
113 16588 -0.17578125000000000000 0.60546875000000000000 0 0 1 0 8 124 74 126 112 71 114 70 115 
114 16589 -0.21484375000000000000 0.56640625000000000000 0 0 1 0 8 115 113 121 111 109 117 112 120 
115 16590 -0.17578125000000000000 0.56640625000000000000 0 0 1 0 8 126 124 132 114 112 120 113 121 
116 16591 -0.29296875000000000000 0.52734375000000000000 0 0 1 0 8 117 111 119 99 97 105 110 118 
117 16592 -0.25390625000000000000 0.52734375000000000000 0 0 1 0 8 120 114 122 116 110 118 111 119 
118 16593 -0.29296875000000000000 0.48828125000000000000 0 0 1 0 8 119 117 141 99 97 105 116 140 
119 16594 -0.25390625000000000000 0.48828125000000000000 0 0 1 0 8 122 120 144 118 116 140 117 141 
120 16595 -0.21484375000000000000 0.52734375000000000000 0 0 1 0 8 121 115 123 117 111 119 114 122 
121 16596 -0.17578125000000000000 0.52734375000000000000 0 0 1 0 8 132 126 134 120 114 122 115 123 
122 16597 -0.21484375000000000000 0.48828125000000000000 0 0 1 0 8 123 121 145 119 117 141 120 144 
123 16598 -0.17578125000000000000 0.48828125000000000000 0 0 1 0 8 134 132 156 122 120 144 121 145 
124 16599 -0.13671875000000000000 0.60546875000000000000 0 0 1 0 8 125 74 127 113 71 115 75 126 
125 16600 -0.09765625000000000000 0.60546875000000000000 0 0 1 0 8 128 75 130 124 74 126 71 127 
126 16601 -0.13671875000000000000 0.56640625000000000000 0 0 1 0 8 127 125 133 115 113 121 124 132 
127 16602 -0.09765625000000000000 0.56640625000000000000 0 0 1 0 8 130 128 136 126 124 132 125 133 
128 16603 -0.05859375000000000000 0.60546875000000000000 0 0 1 0 8 129 75 131 125 74 127 296 130 
129 16604 -0.01953125000000000000 0.60546875000000000000 0 0 1 0 8 313 296 315 128 75 130 74 131 
130 16605 -0.05859375000000000000 0.56640625000000000000 0 0 1 0 8 131 129 137 127 125 133 128 136 
131 16606 -0.01953125000000000000 0.56640625000000000000 0 0 1 0 8 315 313 321 130 128 136 129 137 
132 16607 -0.13671875000000000000 0.52734375000000000000 0 0 1 0 8 133 127 135 121 115 123 126 134 
133 16608 -0.09765625000000000000 0.52734375000000000000 0 0 1 0 8 136 130 138 132 126 134 127 135 
134 16609 -0.13671875000000000000 0.48828125000000000000 0 0 1 0 8 135 133 157 123 121 145 132 156 
135 16610 -0.09765625000000000000 0.48828125000000000000 0 0 1 0 8 138 136 160 134 132 156 133 157 
136 16611 -0.05859375000000000000 0.52734375000000000000 0 0 1 0 8 137 131 139 133 127 135 130 138 
137 16612 -0.01953125000000000000 0.52734375000000000000 0 0 1 0 8 321 315 323 136 130 138 131 139 
138 16613 -0.05859375000000000000 0.48828125000000000000 0 0 1 0 8 139 137 161 135 133 157 136 160 
139 16614 -0.01953125000000000000 0.48828125000000000000 0 0 1 0 8 323 321 345 138 136 160 137 161 
140 16615 -0.29296875000000000000 0.44921875000000000000 0 0 1 0 8 141 119 143 105 99 107 118 142 
141 16616 -0.25390625000000000000 0.44921875000000000000 0 0 1 0 8 144 122 146 140 118 142 119 143 
142 16617 -0.29296875000000000000 0.41015625000000000000 0 0 1 0 8 143 141 149 105 99 107 140 148 
143 16618 -0.25390625000000000000 0.41015625000000000000 0 0 1 0 8 146 144 152 142 140 148 141 149 
144 16619 -0.21484375000000000000 0.44921875000000000000 0 0 1 0 8 145 123 147 141 119 143 122 146 
145 16620 -0.17578125000000000000 0.44921875000000000000 0 0 1 0 8 156 134 158 144 122 146 123 147 
146 16621 -0.21484375000000000000 0.41015625000000000000 0 0 1 0 8 147 145 153 143 141 149 144 152 
147 16622 -0.17578125000000000000 0.41015625000000000000 0 0 1 0 8 158 156 164 146 144 152 145 153 
148 16623 -0.29296875000000000000 0.37109375000000000000 0 0 1 0 8 149 143 151 107 105 177 142 150 
149 16624 -0.25390625000000000000 0.37109375000000000000 0 0 1 0 8 152 146 154 148 142 150 143 151 
150 16625 -0.29296875000000000000 0.33203125000000000000 0 0 1 0 8 151 149 189 107 105 177 148 188 
151 16626 -0.25390625000000000000 0.33203125000000000000 0 0 1 0 8 154 152 192 150 148 188 149 189 
152 16627 -0.21484375000000000000 0.37109375000000000000 0 0 1 0 8 153 147 155 149 143 151 146 154 
153 16628 -0.17578125000000000000 0.37109375000000000000 0 0 1 0 8 164 158 166 152 146 154 147 155 
154 16629 -0.21484375000000000000 0.33203125000000000000 0 0 1 0 8 155 153 193 151 149 189 152 192 
155 16630 -0.17578125000000000000 0.33203125000000000000 0 0 1 0 9 166 164 204 154 152 192 153 193 206 
156 16631 -0.13671875000000000000 0.44921875000000000000 0 0 1 0 8 157 135 159 145 123 147 134 158 
157 16632 -0.09765625000000000000 0.44921875000000000000 0 0 1 0 8 160 138 162 156 134 158 135 159 
158 16633 -0.13671875000000000000 0.41015625000000000000 0 0 1 0 8 159 157 165 147 145 153 156 164 
159 16634 -0.09765625000000000000 0.41015625000000000000 0 0 1 0 8 162 160 168 158 156 164 157 165 
160 16635 -0.05859375000000000000 0.44921875000000000000 0 0 1 0 8 161 139 163 157 135 159 138 162 
161 16636 -0.01953125000000000000 0.44921875000000000000 0 0 1 0 8 345 323 347 160 138 162 139 163 
162 16637 -0.05859375000000000000 0.41015625000000000000 0 0 1 0 8 163 161 169 159 157 165 160 168 
163 16638 -0.01953125000000000000 0.41015625000000000000 0 0 1 0 8 347 345 353 162 160 168 161 169 
164 16639 -0.13671875000000000000 0.37109375000000000000 0 0 1 0 8 165 159 167 153 147 155 158 166 
165 16640 -0.09765625000000000000 0.37109375000000000000 0 0 1 0 8 168 162 170 164 158 166 159 167 
166 16641 -0.13671875000000000000 0.33203125000000000000 0 0 1 0 10 167 165 208 155 153 193 164 204 205 210 
167 16642 -0.09765625000000000000 0.33203125000000000000 0 0 1 0 11 170 168 220 166 164 205 165 208 207 209 222 
168 16643 -0.05859375000000000000 0.37109375000000000000 0 0 1 0 8 169 163 171 165 159 167 162 170 
169 16644 -0.01953125000000000000 0.37109375000000000000 0 0 1 0 8 353 347 355 168 162 170 163 171 
170 16645 -0.05859375000000000000 0.33203125000000000000 0 0 1 0 11 171 169 224 167 165 209 168 220 211 221 226 
171 16646 -0.01953125000000000000 0.33203125000000000000 0 0 1 0 11 355 353 413 170 168 221 169 224 223 225 415 
172 16647 -0.58593750000000000000 0.27343750000000000000 0 0 1 0 8 173 103 175 89 83 91 102 174 
173 16648 -0.50781250000000000000 0.27343750000000000000 0 0 1 0 8 176 106 178 172 102 174 103 175 
174 16649 -0.58593750000000000000 0.19531250000000000000 0 0 1 0 8 175 173 181 89 83 91 172 180 
175 16650 -0.50781250000000000000 0.19531250000000000000 0 0 1 0 8 178 176 184 174 172 180 173 181 
176 16651 -0.42968750000000000000 0.27343750000000000000 0 0 1 0 8 177 107 179 173 103 175 106 178 
177 16652 -0.35156250000000000000 0.27343750000000000000 0 0 1 0 10 188 150 190 196 176 106 178 107 179 198 
178 16653 -0.42968750000000000000 0.19531250000000000000 0 0 1 0 8 179 177 185 175 173 181 176 184 
179 16654 -0.35156250000000000000 0.19531250000000000000 0 0 1 0 10 196 190 198 253 178 176 184 177 185 255 
180 16655 -0.58593750000000000000 0.11718750000000000000 0 0 1 0 8 181 175 183 91 89 432 174 182 
181 16656 -0.50781250000000000000 0.11718750000000000000 0 0 1 0 8 184 178 186 180 174 182 175 183 
182 16657 -0.58593750000000000000 0.03906250000000000000 0 0 1 0 8 183 181 436 91 89 432 180 435 
183 16658 -0.50781250000000000000 0.03906250000000000000 0 0 1 0 8 186 184 439 182 180 435 181 436 
184 16659 -0.42968750000000000000 0.11718750000000000000 0 0 1 0 8 185 179 187 181 175 183 178 186 
185 16660 -0.35156250000000000000 0.11718750000000000000 0 0 1 0 10 253 198 255 260 184 178 186 179 187 471 
186 16661 -0.42968750000000000000 0.03906250000000000000 0 0 1 0 8 187 185 540 183 181 436 184 439 
187 16662 -0.35156250000000000000 0.03906250000000000000 0 0 1 0 10 260 255 471 547 186 184 439 185 540 548 
188 16663 -0.29296875000000000000 0.29296875000000000000 0 0 1 0 8 189 151 191 177 107 179 150 190 
189 16664 -0.25390625000000000000 0.29296875000000000000 0 0 1 0 8 192 154 194 188 150 190 151 191 
190 16665 -0.29296875000000000000 0.25390625000000000000 0 0 1 0 8 191 189 197 177 107 179 188 196 
191 16666 -0.25390625000000000000 0.25390625000000000000 0 0 1 0 8 194 192 200 190 188 196 189 197 
192 16667 -0.21484375000000000000 0.29296875000000000000 0 0 1 0 8 193 155 195 189 151 191 154 194 
193 16668 -0.17578125000000000000 0.29296875000000000000 0 0 1 0 10 204 166 206 212 192 154 194 155 195 214 
194 16669 -0.21484375000000000000 0.25390625000000000000 0 0 1 0 8 195 193 201 191 189 197 192 200 
195 16670 -0.17578125000000000000 0.25390625000000000000 0 0 1 0 10 212 206 214 236 194 192 200 193 201 238 
196 16671 -0.29296875000000000000 0.21484375000000000000 0 0 1 0 8 197 191 199 179 177 185 190 198 
197 16672 -0.25390625000000000000 0.21484375000000000000 0 0 1 0 8 200 194 202 196 190 198 191 199 
198 16673 -0.29296875000000000000 0.17578125000000000000 0 0 1 0 8 199 197 254 179 177 185 196 253 
199 16674 -0.25390625000000000000 0.17578125000000000000 0 0 1 0 8 202 200 257 198 196 253 197 254 
200 16675 -0.21484375000000000000 0.21484375000000000000 0 0 1 0 8 201 195 203 197 191 199 194 202 
201 16676 -0.17578125000000000000 0.21484375000000000000 0 0 1 0 10 236 214 238 244 200 194 202 195 203 246 
202 16677 -0.21484375000000000000 0.17578125000000000000 0 0 1 0 8 203 201 258 199 197 254 200 257 
203 16678 -0.17578125000000000000 0.17578125000000000000 0 0 1 0 10 244 238 246 263 202 200 257 201 258 477 
204 16679 -0.14648437500000000000 0.30273437500000000000 0 0 1 0 8 205 166 207 193 155 195 167 206 
205 16680 -0.12695312500000000000 0.30273437500000000000 0 0 1 0 8 208 167 210 204 166 206 155 207 
206 16681 -0.14648437500000000000 0.28320312500000000000 0 0 1 0 8 207 205 213 193 155 195 204 212 
207 16682 -0.12695312500000000000 0.28320312500000000000 0 0 1 0 8 210 208 216 206 204 212 205 213 
208 16683 -0.10742187500000000000 0.30273437500000000000 0 0 1 0 8 209 167 211 205 166 207 170 210 
209 16684 -0.08789062500000000000 0.30273437500000000000 0 0 1 0 8 220 170 222 208 167 210 166 211 
210 16685 -0.10742187500000000000 0.28320312500000000000 0 0 1 0 8 211 209 217 207 205 213 208 216 
211 16686 -0.08789062500000000000 0.28320312500000000000 0 0 1 0 8 222 220 228 210 208 216 209 217 
212 16687 -0.14648437500000000000 0.26367187500000000000 0 0 1 0 8 213 207 215 195 193 201 206 214 
213 16688 -0.12695312500000000000 0.26367187500000000000 0 0 1 0 8 216 210 218 212 206 214 207 215 
214 16689 -0.14648437500000000000 0.24414062500000000000 0 0 1 0 8 215 213 237 195 193 201 212 236 
215 16690 -0.12695312500000000000 0.24414062500000000000 0 0 1 0 8 218 216 240 214 212 236 213 237 
216 16691 -0.10742187500000000000 0.26367187500000000000 0 0 1 0 8 217 211 219 213 207 215 210 218 
217 16692 -0.08789062500000000000 0.26367187500000000000 0 0 1 0 8 228 222 230 216 210 218 211 219 
218 16693 -0.10742187500000000000 0.24414062500000000000 0 0 1 0 8 219 217 241 215 213 237 216 240 
219 16694 -0.08789062500000000000 0.24414062500000000000 0 0 1 0 8 230 228 250 218 216 240 217 241 
220 16695 -0.06835937500000000000 0.30273437500000000000 0 0 1 0 8 221 170 223 209 167 211 171 222 
221 16696 -0.04882812500000000000 0.30273437500000000000 0 0 1 0 8 224 171 226 220 170 222 167 223 
222 16697 -0.06835937500000000000 0.28320312500000000000 0 0 1 0 8 223 221 229 211 209 217 220 228 
223 16698 -0.04882812500000000000 0.28320312500000000000 0 0 1 0 8 226 224 232 222 220 228 221 229 
224 16699 -0.02929687500000000000 0.30273437500000000000 0 0 1 0 8 225 171 227 221 170 223 355 226 
225 16700 -0.00976562500000000000 0.30273437500000000000 0 0 1 0 8 413 355 415 224 171 226 170 227 
226 16701 -0.02929687500000000000 0.28320312500000000000 0 0 1 0 8 227 225 233 223 221 229 224 232 
227 16702 -0.00976562500000000000 0.28320312500000000000 0 0 1 0 8 415 413 421 226 224 232 225 233 
228 16703 -0.06835937500000000000 0.26367187500000000000 0 0 1 0 8 229 223 231 217 211 219 222 230 
229 16704 -0.04882812500000000000 0.26367187500000000000 0 0 1 0 8 232 226 234 228 222 230 223 231 
230 16705 -0.06835937500000000000 0.24414062500000000000 0 0 1 0 8 231 229 251 219 217 241 228 250 
231 16706 -0.04882812500000000000 0.24414062500000000000 0 0 1 0 8 234 232 464 230 228 250 229 251 
232 16707 -0.02929687500000000000 0.26367187500000000000 0 0 1 0 8 233 227 235 229 223 231 226 234 
233 16708 -0.00976562500000000000 0.26367187500000000000 0 0 1 0 8 421 415 423 232 226 234 227 235 
234 16709 -0.02929687500000000000 0.24414062500000000000 0 0 1 0 8 235 233 465 231 229 251 232 464 
235 16710 -0.00976562500000000000 0.24414062500000000000 0 0 1 0 8 423 421 524 234 232 464 233 465 
236 16711 -0.14648437500000000000 0.22460937500000000000 0 0 1 0 8 237 215 239 201 195 203 214 238 
237 16712 -0.12695312500000000000 0.22460937500000000000 0 0 1 0 8 240 218 242 236 214 238 215 239 
238 16713 -0.14648437500000000000 0.20507812500000000000 0 0 1 0 8 239 237 245 201 195 203 236 244 
239 16714 -0.12695312500000000000 0.20507812500000000000 0 0 1 0 8 242 240 248 238 236 244 237 245 
240 16715 -0.10742187500000000000 0.22460937500000000000 0 0 1 0 8 241 219 243 237 215 239 218 242 
241 16716 -0.08789062500000000000 0.22460937500000000000 0 0 1 0 8 250 230 252 240 218 242 219 243 
242 16717 -0.10742187500000000000 0.20507812500000000000 0 0 1 0 8 243 241 249 239 237 245 240 248 
243 16718 -0.08789062500000000000 0.20507812500000000000 0 0 1 0 8 252 250 467 242 240 248 241 249 
244 16719 -0.14648437500000000000 0.18554687500000000000 0 0 1 0 8 245 239 247 203 201 258 238 246 
245 16720 -0.12695312500000000000 0.18554687500000000000 0 0 1 0 8 248 242 461 244 238 246 239 247 
246 16721 -0.14648437500000000000 0.16601562500000000000 0 0 1 0 8 247 245 476 203 201 258 244 263 
247 16722 -0.12695312500000000000 0.16601562500000000000 0 0 1 0 8 461 248 479 246 244 263 245 476 
248 16723 -0.10742187500000000000 0.18554687500000000000 0 0 1 0 8 249 243 462 245 239 247 242 461 
249 16724 -0.08789062500000000000 0.18554687500000000000 0 0 1 0 8 467 252 469 248 242 461 243 462 
250 16725 -0.06835937500000000000 0.22460937500000000000 0 0 1 0 8 251 231 463 241 219 243 230 252 
251 16726 -0.04882812500000000000 0.22460937500000000000 0 0 1 0 8 464 234 466 250 230 252 231 463 
252 16727 -0.06835937500000000000 0.20507812500000000000 0 0 1 0 8 463 251 468 243 241 249 250 467 
253 16728 -0.29296875000000000000 0.13671875000000000000 0 0 1 0 8 254 199 256 185 179 187 198 255 
254 16729 -0.25390625000000000000 0.13671875000000000000 0 0 1 0 8 257 202 259 253 198 255 199 256 
255 16730 -0.29296875000000000000 0.09765625000000000000 0 0 1 0 8 256 254 261 185 179 187 253 260 
256 16731 -0.25390625000000000000 0.09765625000000000000 0 0 1 0 8 259 257 262 255 253 260 254 261 
257 16732 -0.21484375000000000000 0.13671875000000000000 0 0 1 0 8 258 203 470 254 199 256 202 259 
258 16733 -0.17578125000000000000 0.13671875000000000000 0 0 1 0 10 263 246 477 480 257 202 259 203 470 481 
259 16734 -0.21484375000000000000 0.09765625000000000000 0 0 1 0 8 470 258 473 256 254 261 257 262 
260 16735 -0.29296875000000000000 0.05859375000000000000 0 0 1 0 8 261 256 472 187 185 540 255 471 
261 16736 -0.25390625000000000000 0.05859375000000000000 0 0 1 0 8 262 259 474 260 255 471 256 472 
262 16737 -0.21484375000000000000 0.05859375000000000000 0 0 1 0 8 473 470 475 261 256 472 259 474 
263 16738 -0.14648437500000000000 0.14648437500000000000 0 0 1 0 8 476 247 478 258 203 470 246 477 
264 16739 0.07812500000000000000 1.32812500000000000000 0 0 1 0 11 265 483 270 2 446 33 482 266 35 267 272 
265 16740 0.23437500000000000000 1.32812500000000000000 0 0 1 0 11 485 484 282 264 482 267 483 270 269 271 283 
266 16741 0.03906250000000000000 1.21093750000000000000 0 0 1 0 8 267 264 269 33 2 35 265 268 
267 16742 0.11718750000000000000 1.21093750000000000000 0 0 1 0 8 270 265 272 266 264 268 2 269 
268 16743 0.03906250000000000000 1.13281250000000000000 0 0 1 0 8 269 267 275 35 33 41 266 274 
269 16744 0.11718750000000000000 1.13281250000000000000 0 0 1 0 8 272 270 278 268 266 274 267 275 
270 16745 0.19531250000000000000 1.21093750000000000000 0 0 1 0 8 271 265 273 267 264 269 485 272 
271 16746 0.27343750000000000000 1.21093750000000000000 0 0 1 0 8 282 485 283 270 265 272 264 273 
272 16747 0.19531250000000000000 1.13281250000000000000 0 0 1 0 8 273 271 279 269 267 275 270 278 
273 16748 0.27343750000000000000 1.13281250000000000000 0 0 1 0 8 283 282 284 272 270 278 271 279 
274 16749 0.03906250000000000000 1.05468750000000000000 0 0 1 0 8 275 269 277 41 35 43 268 276 
275 16750 0.11718750000000000000 1.05468750000000000000 0 0 1 0 8 278 272 280 274 268 276 269 277 
276 16751 0.03906250000000000000 0.97656250000000000000 0 0 1 0 8 277 275 287 43 41 65 274 286 
277 16752 0.11718750000000000000 0.97656250000000000000 0 0 1 0 8 280 278 290 276 274 286 275 287 
278 16753 0.19531250000000000000 1.05468750000000000000 0 0 1 0 8 279 273 281 275 269 277 272 280 
279 16754 0.27343750000000000000 1.05468750000000000000 0 0 1 0 8 284 283 285 278 272 280 273 281 
280 16755 0.19531250000000000000 0.97656250000000000000 0 0 1 0 8 281 279 291 277 275 287 278 290 
281 16756 0.27343750000000000000 0.97656250000000000000 0 0 1 0 8 285 284 302 280 278 290 279 291 
282 16757 0.35156250000000000000 1.21093750000000000000 0 0 1 0 8 487 485 488 271 265 273 486 283 
283 16758 0.35156250000000000000 1.13281250000000000000 0 0 1 0 8 488 487 489 273 271 279 282 284 
284 16759 0.35156250000000000000 1.05468750000000000000 0 0 1 0 8 489 488 490 279 273 281 283 285 
285 16760 0.35156250000000000000 0.97656250000000000000 0 0 1 0 8 490 489 303 281 279 291 284 302 
286 16761 0.03906250000000000000 0.89843750000000000000 0 0 1 0 8 287 277 289 65 43 67 276 288 
287 16762 0.11718750000000000000 0.89843750000000000000 0 0 1 0 8 290 280 292 286 276 288 277 289 
288 16763 0.03906250000000000000 0.82031250000000000000 0 0 1 0 8 289 287 295 67 65 73 286 294 
289 16764 0.11718750000000000000 0.82031250000000000000 0 0 1 0 8 292 290 298 288 286 294 287 295 
290 16765 0.19531250000000000000 0.89843750000000000000 0 0 1 0 8 291 281 293 287 277 289 280 292 
291 16766 0.27343750000000000000 0.89843750000000000000 0 0 1 0 8 302 285 304 290 280 292 281 293 
292 16767 0.19531250000000000000 0.82031250000000000000 0 0 1 0 8 293 291 299 289 287 295 290 298 
293 16768 0.27343750000000000000 0.82031250000000000000 0 0 1 0 8 304 302 306 292 290 298 291 299 
294 16769 0.03906250000000000000 0.74218750000000000000 0 0 1 0 8 295 289 297 73 67 75 288 296 
295 16770 0.11718750000000000000 0.74218750000000000000 0 0 1 0 8 298 292 300 294 288 296 289 297 
296 16771 0.03906250000000000000 0.66406250000000000000 0 0 1 0 11 297 295 317 75 73 129 294 313 131 314 319 
297 16772 0.11718750000000000000 0.66406250000000000000 0 0 1 0 11 300 298 329 296 294 314 295 317 316 318 331 
298 16773 0.19531250000000000000 0.74218750000000000000 0 0 1 0 8 299 293 301 295 289 297 292 300 
299 16774 0.27343750000000000000 0.74218750000000000000 0 0 1 0 8 306 304 308 298 292 300 293 301 
300 16775 0.19531250000000000000 0.66406250000000000000 0 0 1 0 11 301 299 333 297 295 318 298 329 320 330 335 
301 16776 0.27343750000000000000 0.66406250000000000000 0 0 1 0 11 308 306 368 300 298 330 299 333 332 334 370 
302 16777 0.35156250000000000000 0.89843750000000000000 0 0 1 0 8 303 490 305 291 281 293 285 304 
303 16778 0.42968750000000000000 0.89843750000000000000 0 0 1 0 8 492 491 493 302 285 304 490 305 
304 16779 0.35156250000000000000 0.82031250000000000000 0 0 1 0 8 305 303 307 293 291 299 302 306 
305 16780 0.42968750000000000000 0.82031250000000000000 0 0 1 0 8 493 492 310 304 302 306 303 307 
306 16781 0.35156250000000000000 0.74218750000000000000 0 0 1 0 8 307 305 309 299 293 301 304 308 
307 16782 0.42968750000000000000 0.74218750000000000000 0 0 1 0 8 310 493 311 306 304 308 305 309 
308 16783 0.35156250000000000000 0.66406250000000000000 0 0 1 0 11 309 307 372 301 299 334 306 368 336 369 374 
309 16784 0.42968750000000000000 0.66406250000000000000 0 0 1 0 11 311 310 384 308 306 369 307 372 371 373 386 
310 16785 0.50781250000000000000 0.74218750000000000000 0 0 1 0 8 495 494 312 307 305 309 493 311 
311 16786 0.50781250000000000000 0.66406250000000000000 0 0 1 0 11 312 495 388 309 307 373 310 384 375 385 390 
312 16787 0.58593750000000000000 0.66406250000000000000 0 0 1 0 11 497 496 427 311 310 385 495 388 387 389 428 
313 16788 0.01953125000000000000 0.60546875000000000000 0 0 1 0 8 314 296 316 129 75 131 297 315 
314 16789 0.05859375000000000000 0.60546875000000000000 0 0 1 0 8 317 297 319 313 296 315 75 316 
315 16790 0.01953125000000000000 0.56640625000000000000 0 0 1 0 8 316 314 322 131 129 137 313 321 
316 16791 0.05859375000000000000 0.56640625000000000000 0 0 1 0 8 319 317 325 315 313 321 314 322 
317 16792 0.09765625000000000000 0.60546875000000000000 0 0 1 0 8 318 297 320 314 296 316 300 319 
318 16793 0.13671875000000000000 0.60546875000000000000 0 0 1 0 8 329 300 331 317 297 319 296 320 
319 16794 0.09765625000000000000 0.56640625000000000000 0 0 1 0 8 320 318 326 316 314 322 317 325 
320 16795 0.13671875000000000000 0.56640625000000000000 0 0 1 0 8 331 329 337 319 317 325 318 326 
321 16796 0.01953125000000000000 0.52734375000000000000 0 0 1 0 8 322 316 324 137 131 139 315 323 
322 16797 0.05859375000000000000 0.52734375000000000000 0 0 1 0 8 325 319 327 321 315 323 316 324 
323 16798 0.01953125000000000000 0.48828125000000000000 0 0 1 0 8 324 322 346 139 137 161 321 345 
324 16799 0.05859375000000000000 0.48828125000000000000 0 0 1 0 8 327 325 349 323 321 345 322 346 
325 16800 0.09765625000000000000 0.52734375000000000000 0 0 1 0 8 326 320 328 322 316 324 319 327 
326 16801 0.13671875000000000000 0.52734375000000000000 0 0 1 0 8 337 331 339 325 319 327 320 328 
327 16802 0.09765625000000000000 0.48828125000000000000 0 0 1 0 8 328 326 350 324 322 346 325 349 
328 16803 0.13671875000000000000 0.48828125000000000000 0 0 1 0 8 339 337 360 327 325 349 326 350 
329 16804 0.17578125000000000000 0.60546875000000000000 0 0 1 0 8 330 300 332 318 297 320 301 331 
330 16805 0.21484375000000000000 0.60546875000000000000 0 0 1 0 8 333 301 335 329 300 331 297 332 
331 16806 0.17578125000000000000 0.56640625000000000000 0 0 1 0 8 332 330 338 320 318 326 329 337 
332 16807 0.21484375000000000000 0.56640625000000000000 0 0 1 0 8 335 333 341 331 329 337 330 338 
333 16808 0.25390625000000000000 0.60546875000000000000 0 0 1 0 8 334 301 336 330 300 332 308 335 
334 16809 0.29296875000000000000 0.60546875000000000000 0 0 1 0 8 368 308 370 333 301 335 300 336 
335 16810 0.25390625000000000000 0.56640625000000000000 0 0 1 0 8 336 334 342 332 330 338 333 341 
336 16811 0.29296875000000000000 0.56640625000000000000 0 0 1 0 8 370 368 376 335 333 341 334 342 
337 16812 0.17578125000000000000 0.52734375000000000000 0 0 1 0 8 338 332 340 326 320 328 331 339 
338 16813 0.21484375000000000000 0.52734375000000000000 0 0 1 0 8 341 335 343 337 331 339 332 340 
339 16814 0.17578125000000000000 0.48828125000000000000 0 0 1 0 8 340 338 361 328 326 350 337 360 
340 16815 0.21484375000000000000 0.48828125000000000000 0 0 1 0 8 343 341 364 339 337 360 338 361 
341 16816 0.25390625000000000000 0.52734375000000000000 0 0 1 0 8 342 336 344 338 332 340 335 343 
342 16817 0.29296875000000000000 0.52734375000000000000 0 0 1 0 8 376 370 378 341 335 343 336 344 
343 16818 0.25390625000000000000 0.48828125000000000000 0 0 1 0 8 344 342 365 340 338 361 341 364 
344 16819 0.29296875000000000000 0.48828125000000000000 0 0 1 0 8 378 376 400 343 341 364 342 365 
345 16820 0.01953125000000000000 0.44921875000000000000 0 0 1 0 8 346 324 348 161 139 163 323 347 
346 16821 0.05859375000000000000 0.44921875000000000000 0 0 1 0 8 349 327 351 345 323 347 324 348 
347 16822 0.01953125000000000000 0.41015625000000000000 0 0 1 0 8 348 346 354 163 161 169 345 353 
348 16823 0.05859375000000000000 0.41015625000000000000 0 0 1 0 8 351 349 357 347 345 353 346 354 
349 16824 0.09765625000000000000 0.44921875000000000000 0 0 1 0 8 350 328 352 346 324 348 327 351 
350 16825 0.13671875000000000000 0.44921875000000000000 0 0 1 0 8 360 339 362 349 327 351 328 352 
351 16826 0.09765625000000000000 0.41015625000000000000 0 0 1 0 8 352 350 358 348 346 354 349 357 
352 16827 0.13671875000000000000 0.41015625000000000000 0 0 1 0 8 362 360 500 351 349 357 350 358 
353 16828 0.01953125000000000000 0.37109375000000000000 0 0 1 0 8 354 348 356 169 163 171 347 355 
354 16829 0.05859375000000000000 0.37109375000000000000 0 0 1 0 8 357 351 359 353 347 355 348 356 
355 16830 0.01953125000000000000 0.33203125000000000000 0 0 1 0 11 356 354 417 171 169 225 353 413 227 414 419 
356 16831 0.05859375000000000000 0.33203125000000000000 0 0 1 0 11 359 357 426 355 353 414 354 417 416 418 519 
357 16832 0.09765625000000000000 0.37109375000000000000 0 0 1 0 8 358 352 499 354 348 356 351 359 
358 16833 0.13671875000000000000 0.37109375000000000000 0 0 1 0 8 500 362 502 357 351 359 352 499 
359 16834 0.09765625000000000000 0.33203125000000000000 0 0 1 0 11 499 358 521 356 354 418 357 426 420 518 522 
360 16835 0.17578125000000000000 0.44921875000000000000 0 0 1 0 8 361 340 363 350 328 352 339 362 
361 16836 0.21484375000000000000 0.44921875000000000000 0 0 1 0 8 364 343 366 360 339 362 340 363 
362 16837 0.17578125000000000000 0.41015625000000000000 0 0 1 0 8 363 361 501 352 350 358 360 500 
363 16838 0.21484375000000000000 0.41015625000000000000 0 0 1 0 8 366 364 503 362 360 500 361 501 
364 16839 0.25390625000000000000 0.44921875000000000000 0 0 1 0 8 365 344 367 361 340 363 343 366 
365 16840 0.29296875000000000000 0.44921875000000000000 0 0 1 0 8 400 378 402 364 343 366 344 367 
366 16841 0.25390625000000000000 0.41015625000000000000 0 0 1 0 8 367 365 504 363 361 501 364 503 
367 16842 0.29296875000000000000 0.41015625000000000000 0 0 1 0 8 402 400 505 366 364 503 365 504 
368 16843 0.33203125000000000000 0.60546875000000000000 0 0 1 0 8 369 308 371 334 301 336 309 370 
369 16844 0.37109375000000000000 0.60546875000000000000 0 0 1 0 8 372 309 374 368 308 370 301 371 
370 16845 0.33203125000000000000 0.56640625000000000000 0 0 1 0 8 371 369 377 336 334 342 368 376 
371 16846 0.37109375000000000000 0.56640625000000000000 0 0 1 0 8 374 372 380 370 368 376 369 377 
372 16847 0.41015625000000000000 0.60546875000000000000 0 0 1 0 8 373 309 375 369 308 371 311 374 
373 16848 0.44921875000000000000 0.60546875000000000000 0 0 1 0 8 384 311 386 372 309 374 308 375 
374 16849 0.41015625000000000000 0.56640625000000000000 0 0 1 0 8 375 373 381 371 369 377 372 380 
375 16850 0.44921875000000000000 0.56640625000000000000 0 0 1 0 8 386 384 392 374 372 380 373 381 
376 16851 0.33203125000000000000 0.52734375000000000000 0 0 1 0 8 377 371 379 342 336 344 370 378 
377 16852 0.37109375000000000000 0.52734375000000000000 0 0 1 0 8 380 374 382 376 370 378 371 379 
378 16853 0.33203125000000000000 0.48828125000000000000 0 0 1 0 8 379 377 401 344 342 365 376 400 
379 16854 0.37109375000000000000 0.48828125000000000000 0 0 1 0 8 382 380 404 378 376 400 377 401 
380 16855 0.41015625000000000000 0.52734375000000000000 0 0 1 0 8 381 375 383 377 371 379 374 382 
381 16856 0.44921875000000000000 0.52734375000000000000 0 0 1 0 8 392 386 394 380 374 382 375 383 
382 16857 0.41015625000000000000 0.48828125000000000000 0 0 1 0 8 383 381 405 379 377 401 380 404 
383 16858 0.44921875000000000000 0.48828125000000000000 0 0 1 0 8 394 392 408 382 380 404 381 405 
384 16859 0.48828125000000000000 0.60546875000000000000 0 0 1 0 8 385 311 387 373 309 375 312 386 
385 16860 0.52734375000000000000 0.60546875000000000000 0 0 1 0 8 388 312 390 384 311 386 309 387 
386 16861 0.48828125000000000000 0.56640625000000000000 0 0 1 0 8 387 385 393 375 373 381 384 392 
387 16862 0.52734375000000000000 0.56640625000000000000 0 0 1 0 8 390 388 396 386 384 392 385 393 
388 16863 0.56640625000000000000 0.60546875000000000000 0 0 1 0 8 389 312 391 385 311 387 497 390 
389 16864 0.60546875000000000000 0.60546875000000000000 0 0 1 0 8 427 497 428 388 312 390 311 391 
390 16865 0.56640625000000000000 0.56640625000000000000 0 0 1 0 8 391 389 397 387 385 393 388 396 
391 16866 0.60546875000000000000 0.56640625000000000000 0 0 1 0 8 428 427 429 390 388 396 389 397 
392 16867 0.48828125000000000000 0.52734375000000000000 0 0 1 0 8 393 387 395 381 375 383 386 394 
393 16868 0.52734375000000000000 0.52734375000000000000 0 0 1 0 8 396 390 398 392 386 394 387 395 
394 16869 0.48828125000000000000 0.48828125000000000000 0 0 1 0 8 395 393 409 383 381 405 392 408 
395 16870 0.52734375000000000000 0.48828125000000000000 0 0 1 0 8 398 396 412 394 392 408 393 409 
396 16871 0.56640625000000000000 0.52734375000000000000 0 0 1 0 8 397 391 399 393 387 395 390 398 
397 16872 0.60546875000000000000 0.52734375000000000000 0 0 1 0 8 429 428 530 396 390 398 391 399 
398 16873 0.56640625000000000000 0.48828125000000000000 0 0 1 0 8 399 397 509 395 393 409 396 412 
399 16874 0.60546875000000000000 0.48828125000000000000 0 0 1 0 8 530 429 532 398 396 412 397 509 
400 16875 0.33203125000000000000 0.44921875000000000000 0 0 1 0 8 401 379 403 365 344 367 378 402 
401 16876 0.37109375000000000000 0.44921875000000000000 0 0 1 0 8 404 382 406 400 378 402 379 403 
402 16877 0.33203125000000000000 0.41015625000000000000 0 0 1 0 8 403 401 506 367 365 504 400 505 
403 16878 0.37109375000000000000 0.41015625000000000000 0 0 1 0 8 406 404 507 402 400 505 401 506 
404 16879 0.41015625000000000000 0.44921875000000000000 0 0 1 0 8 405 383 407 401 379 403 382 406 
405 16880 0.44921875000000000000 0.44921875000000000000 0 0 1 0 8 408 394 410 404 382 406 383 407 
406 16881 0.41015625000000000000 0.41015625000000000000 0 0 1 0 8 407 405 508 403 401 506 404 507 
407 16882 0.44921875000000000000 0.41015625000000000000 0 0 1 0 8 410 408 512 406 404 507 405 508 
408 16883 0.48828125000000000000 0.44921875000000000000 0 0 1 0 8 409 395 411 405 383 407 394 410 
409 16884 0.52734375000000000000 0.44921875000000000000 0 0 1 0 8 412 398 510 408 394 410 395 411 
410 16885 0.48828125000000000000 0.41015625000000000000 0 0 1 0 8 411 409 513 407 405 508 408 512 
411 16886 0.52734375000000000000 0.41015625000000000000 0 0 1 0 8 510 412 514 410 408 512 409 513 
412 16887 0.56640625000000000000 0.44921875000000000000 0 0 1 0 8 509 399 511 409 395 411 398 510 
413 16888 0.00976562500000000000 0.30273437500000000000 0 0 1 0 8 414 355 416 225 171 227 356 415 
414 16889 0.02929687500000000000 0.30273437500000000000 0 0 1 0 8 417 356 419 413 355 415 171 416 
415 16890 0.00976562500000000000 0.28320312500000000000 0 0 1 0 8 416 414 422 227 225 233 413 421 
416 16891 0.02929687500000000000 0.28320312500000000000 0 0 1 0 8 419 417 425 415 413 421 414 422 
417 16892 0.04882812500000000000 0.30273437500000000000 0 0 1 0 8 418 356 420 414 355 416 359 419 
418 16893 0.06835937500000000000 0.30273437500000000000 0 0 1 0 8 426 359 519 417 356 419 355 420 
419 16894 0.04882812500000000000 0.28320312500000000000 0 0 1 0 8 420 418 515 416 414 422 417 425 
420 16895 0.06835937500000000000 0.28320312500000000000 0 0 1 0 8 519 426 523 419 417 425 418 515 
421 16896 0.00976562500000000000 0.26367187500000000000 0 0 1 0 8 422 416 424 233 227 235 415 423 
422 16897 0.02929687500000000000 0.26367187500000000000 0 0 1 0 8 425 419 516 421 415 423 416 424 
423 16898 0.00976562500000000000 0.24414062500000000000 0 0 1 0 8 424 422 525 235 233 465 421 524 
424 16899 0.02929687500000000000 0.24414062500000000000 0 0 1 0 8 516 425 526 423 421 524 422 525 
425 16900 0.04882812500000000000 0.26367187500000000000 0 0 1 0 8 515 420 517 422 416 424 419 516 
426 16901 0.08789062500000000000 0.30273437500000000000 0 0 1 0 8 518 359 520 418 356 420 499 519 
427 16902 0.64453125000000000000 0.60546875000000000000 0 0 1 0 8 527 497 528 389 312 391 498 428 
428 16903 0.64453125000000000000 0.56640625000000000000 0 0 1 0 8 528 527 529 391 389 397 427 429 
429 16904 0.64453125000000000000 0.52734375000000000000 0 0 1 0 8 529 528 531 397 391 399 428 530 
430 16905 -1.01562500000000000000 -0.07812500000000000000 0 0 1 0 8 431 90 433 534 86 535 87 536 
431 16906 -0.85937500000000000000 -0.07812500000000000000 0 0 1 0 8 432 91 434 430 87 536 90 433 
432 16907 -0.70312500000000000000 -0.07812500000000000000 0 0 1 0 10 435 182 437 440 431 90 433 91 434 544 
433 16908 -0.85937500000000000000 -0.23437500000000000000 0 0 1 0 8 434 432 539 536 430 537 431 538 
434 16909 -0.70312500000000000000 -0.23437500000000000000 0 0 1 0 10 440 437 544 549 433 431 538 432 539 550 
435 16910 -0.58593750000000000000 -0.03906250000000000000 0 0 1 0 8 436 183 438 432 91 434 182 437 
436 16911 -0.50781250000000000000 -0.03906250000000000000 0 0 1 0 8 439 186 541 435 182 437 183 438 
437 16912 -0.58593750000000000000 -0.11718750000000000000 0 0 1 0 8 438 436 543 432 91 434 435 440 
438 16913 -0.50781250000000000000 -0.11718750000000000000 0 0 1 0 8 541 439 546 437 435 440 436 543 
439 16914 -0.42968750000000000000 -0.03906250000000000000 0 0 1 0 8 540 187 542 436 183 438 186 541 
440 16915 -0.58593750000000000000 -0.19531250000000000000 0 0 1 0 8 543 438 545 434 432 539 437 544 
