541 446 95
1 9143 -0.08789062500000000000 -0.02929687500000000000 0 0 1 0 10 6 453 8 56 450 448 2 449 3 58 
2 9144 -0.10742187500000000000 -0.04882812500000000000 0 0 1 0 8 3 1 5 451 447 452 450 4 
3 9145 -0.08789062500000000000 -0.04882812500000000000 0 0 1 0 10 56 8 58 64 2 450 4 1 5 66 
4 9146 -0.10742187500000000000 -0.06835937500000000000 0 0 1 0 8 5 3 136 452 451 475 2 476 
5 9147 -0.08789062500000000000 -0.06835937500000000000 0 0 1 0 10 64 58 66 139 4 2 476 3 136 141 
6 9148 -0.07324218750000000000 -0.02441406250000000000 0 0 1 0 8 7 454 9 1 449 3 453 8 
7 9149 -0.06347656250000000000 -0.02441406250000000000 0 0 1 0 8 10 455 12 6 453 8 454 9 
8 9150 -0.07324218750000000000 -0.03417968750000000000 0 0 1 0 8 9 7 57 1 449 3 6 56 
9 9151 -0.06347656250000000000 -0.03417968750000000000 0 0 1 0 8 12 10 60 8 6 56 7 57 
10 9152 -0.05371093750000000000 -0.02441406250000000000 0 0 1 0 8 11 456 13 7 454 9 455 12 
11 9153 -0.04394531250000000000 -0.02441406250000000000 0 0 1 0 10 458 457 14 18 10 455 12 456 13 20 
12 9154 -0.05371093750000000000 -0.03417968750000000000 0 0 1 0 8 13 11 61 9 7 57 10 60 
13 9155 -0.04394531250000000000 -0.03417968750000000000 0 0 1 0 10 18 14 20 72 12 10 60 11 61 74 
14 9156 -0.03662109375000000000 -0.02685546875000000000 0 0 1 0 8 15 459 19 11 456 13 458 18 
15 9157 -0.03173828125000000000 -0.02685546875000000000 0 0 1 0 8 16 460 22 14 458 18 459 19 
16 9158 -0.02685546875000000000 -0.02685546875000000000 0 0 1 0 8 17 461 23 15 459 19 460 22 
17 9159 -0.02197265625000000000 -0.02685546875000000000 0 0 1 0 10 463 462 464 26 16 460 22 461 23 28 
18 9160 -0.03662109375000000000 -0.03173828125000000000 0 0 1 0 8 19 15 21 13 11 61 14 20 
19 9161 -0.03173828125000000000 -0.03173828125000000000 0 0 1 0 8 22 16 24 18 14 20 15 21 
20 9162 -0.03662109375000000000 -0.03662109375000000000 0 0 1 0 8 21 19 73 13 11 61 18 72 
21 9163 -0.03173828125000000000 -0.03662109375000000000 0 0 1 0 8 24 22 76 20 18 72 19 73 
22 9164 -0.02685546875000000000 -0.03173828125000000000 0 0 1 0 8 23 17 25 19 15 21 16 24 
23 9165 -0.02197265625000000000 -0.03173828125000000000 0 0 1 0 10 26 464 28 34 22 16 24 17 25 36 
24 9166 -0.02685546875000000000 -0.03662109375000000000 0 0 1 0 8 25 23 77 21 19 73 22 76 
25 9167 -0.02197265625000000000 -0.03662109375000000000 0 0 1 0 9 34 28 36 88 24 22 76 23 77 
26 9168 -0.01831054687500000000 -0.03051757812500000000 0 0 1 0 8 27 465 29 23 17 25 464 28 
27 9169 -0.01586914062500000000 -0.03051757812500000000 0 0 1 0 8 30 466 32 26 464 28 465 29 
28 9170 -0.01831054687500000000 -0.03295898437500000000 0 0 1 0 8 29 27 35 23 17 25 26 34 
29 9171 -0.01586914062500000000 -0.03295898437500000000 0 0 1 0 8 32 30 38 28 26 34 27 35 
30 9172 -0.01342773437500000000 -0.03051757812500000000 0 0 1 0 8 31 467 33 27 465 29 466 32 
31 9173 -0.01098632812500000000 -0.03051757812500000000 0 0 1 0 8 42 468 44 30 466 32 467 33 
32 9174 -0.01342773437500000000 -0.03295898437500000000 0 0 1 0 8 33 31 39 29 27 35 30 38 
33 9175 -0.01098632812500000000 -0.03295898437500000000 0 0 1 0 8 44 42 48 32 30 38 31 39 
34 9176 -0.01831054687500000000 -0.03540039062500000000 0 0 1 0 8 35 29 37 25 23 77 28 36 
35 9177 -0.01586914062500000000 -0.03540039062500000000 0 0 1 0 8 38 32 40 34 28 36 29 37 
36 9178 -0.01831054687500000000 -0.03784179687500000000 0 0 1 0 8 37 35 88 25 23 77 34 89 
37 9179 -0.01586914062500000000 -0.03784179687500000000 0 0 1 0 8 40 38 89 36 34 88 35 77 
38 9180 -0.01342773437500000000 -0.03540039062500000000 0 0 1 0 8 39 33 41 35 29 37 32 40 
39 9181 -0.01098632812500000000 -0.03540039062500000000 0 0 1 0 8 48 44 50 38 32 40 33 41 
40 9182 -0.01342773437500000000 -0.03784179687500000000 0 0 1 0 8 41 39 89 37 35 88 38 92 
41 9183 -0.01098632812500000000 -0.03784179687500000000 0 0 1 0 8 50 48 92 40 38 89 39 88 
42 9184 -0.00854492187500000000 -0.03051757812500000000 0 0 1 0 9 43 470 45 31 467 33 469 468 44 
43 9185 -0.00610351562500000000 -0.03051757812500000000 0 0 1 0 9 473 472 46 42 469 44 471 470 45 
44 9186 -0.00854492187500000000 -0.03295898437500000000 0 0 1 0 8 45 43 49 33 31 39 42 48 
45 9187 -0.00610351562500000000 -0.03295898437500000000 0 0 1 0 8 46 473 52 44 42 48 43 49 
46 9188 -0.00366210937500000000 -0.03295898437500000000 0 0 1 0 8 47 474 53 45 43 49 473 52 
47 9189 -0.00122070312500000000 -0.03295898437500000000 0 0 1 0 8 488 487 206 46 473 52 474 53 
48 9190 -0.00854492187500000000 -0.03540039062500000000 0 0 1 0 8 49 45 51 39 33 41 44 50 
49 9191 -0.00610351562500000000 -0.03540039062500000000 0 0 1 0 8 52 46 54 48 44 50 45 51 
50 9192 -0.00854492187500000000 -0.03784179687500000000 0 0 1 0 8 51 49 92 41 39 89 48 93 
51 9193 -0.00610351562500000000 -0.03784179687500000000 0 0 1 0 8 54 52 93 50 48 92 49 89 
52 9194 -0.00366210937500000000 -0.03540039062500000000 0 0 1 0 8 53 47 55 49 45 51 46 54 
53 9195 -0.00122070312500000000 -0.03540039062500000000 0 0 1 0 8 206 488 208 52 46 54 47 55 
54 9196 -0.00366210937500000000 -0.03784179687500000000 0 0 1 0 7 55 53 93 51 49 92 52 
55 9197 -0.00122070312500000000 -0.03784179687500000000 0 0 1 0 8 208 206 219 54 52 93 53 92 
56 9198 -0.07324218750000000000 -0.04394531250000000000 0 0 1 0 8 57 9 59 3 1 5 8 58 
57 9199 -0.06347656250000000000 -0.04394531250000000000 0 0 1 0 8 60 12 62 56 8 58 9 59 
58 9200 -0.07324218750000000000 -0.05371093750000000000 0 0 1 0 8 59 57 65 3 1 5 56 64 
59 9201 -0.06347656250000000000 -0.05371093750000000000 0 0 1 0 8 62 60 68 58 56 64 57 65 
60 9202 -0.05371093750000000000 -0.04394531250000000000 0 0 1 0 8 61 13 63 57 9 59 12 62 
61 9203 -0.04394531250000000000 -0.04394531250000000000 0 0 1 0 10 72 20 74 80 60 12 62 13 63 82 
62 9204 -0.05371093750000000000 -0.05371093750000000000 0 0 1 0 8 63 61 69 59 57 65 60 68 
63 9205 -0.04394531250000000000 -0.05371093750000000000 0 0 1 0 10 80 74 82 104 62 60 68 61 69 106 
64 9206 -0.07324218750000000000 -0.06347656250000000000 0 0 1 0 8 65 59 67 5 3 136 58 66 
65 9207 -0.06347656250000000000 -0.06347656250000000000 0 0 1 0 8 68 62 70 64 58 66 59 67 
66 9208 -0.07324218750000000000 -0.07324218750000000000 0 0 1 0 8 67 65 140 5 3 136 64 139 
67 9209 -0.06347656250000000000 -0.07324218750000000000 0 0 1 0 8 70 68 143 66 64 139 65 140 
68 9210 -0.05371093750000000000 -0.06347656250000000000 0 0 1 0 8 69 63 71 65 59 67 62 70 
69 9211 -0.04394531250000000000 -0.06347656250000000000 0 0 1 0 10 104 82 106 112 68 62 70 63 71 114 
70 9212 -0.05371093750000000000 -0.07324218750000000000 0 0 1 0 8 71 69 144 67 65 140 68 143 
71 9213 -0.04394531250000000000 -0.07324218750000000000 0 0 1 0 9 112 106 114 155 70 68 143 69 144 
72 9214 -0.03662109375000000000 -0.04150390625000000000 0 0 1 0 8 73 21 75 61 13 63 20 74 
73 9215 -0.03173828125000000000 -0.04150390625000000000 0 0 1 0 8 76 24 78 72 20 74 21 75 
74 9216 -0.03662109375000000000 -0.04638671875000000000 0 0 1 0 8 75 73 81 61 13 63 72 80 
75 9217 -0.03173828125000000000 -0.04638671875000000000 0 0 1 0 8 78 76 84 74 72 80 73 81 
76 9218 -0.02685546875000000000 -0.04150390625000000000 0 0 1 0 8 77 25 79 73 21 75 24 78 
77 9219 -0.02197265625000000000 -0.04150390625000000000 0 0 1 0 8 88 36 90 76 24 78 25 79 
78 9220 -0.02685546875000000000 -0.04638671875000000000 0 0 1 0 8 79 77 85 75 73 81 76 84 
79 9221 -0.02197265625000000000 -0.04638671875000000000 0 0 1 0 8 90 88 96 78 76 84 77 85 
80 9222 -0.03662109375000000000 -0.05126953125000000000 0 0 1 0 8 81 75 83 63 61 69 74 82 
81 9223 -0.03173828125000000000 -0.05126953125000000000 0 0 1 0 8 84 78 86 80 74 82 75 83 
82 9224 -0.03662109375000000000 -0.05615234375000000000 0 0 1 0 8 83 81 105 63 61 69 80 104 
83 9225 -0.03173828125000000000 -0.05615234375000000000 0 0 1 0 8 86 84 108 82 80 104 81 105 
84 9226 -0.02685546875000000000 -0.05126953125000000000 0 0 1 0 8 85 79 87 81 75 83 78 86 
85 9227 -0.02197265625000000000 -0.05126953125000000000 0 0 1 0 8 96 90 98 84 78 86 79 87 
86 9228 -0.02685546875000000000 -0.05615234375000000000 0 0 1 0 8 87 85 109 83 81 105 84 108 
87 9229 -0.02197265625000000000 -0.05615234375000000000 0 0 1 0 8 98 96 120 86 84 108 85 109 
88 9230 -0.01708984375000000000 -0.04150390625000000000 0 0 1 0 9 89 40 91 77 25 79 37 36 90 
89 9231 -0.01220703125000000000 -0.04150390625000000000 0 0 1 0 9 92 50 94 88 37 90 41 40 91 
90 9232 -0.01708984375000000000 -0.04638671875000000000 0 0 1 0 8 91 89 97 79 77 85 88 96 
91 9233 -0.01220703125000000000 -0.04638671875000000000 0 0 1 0 8 94 92 100 90 88 96 89 97 
92 9234 -0.00732421875000000000 -0.04150390625000000000 0 0 1 0 9 93 54 95 89 41 91 51 50 94 
93 9235 -0.00244140625000000000 -0.04150390625000000000 0 0 1 0 11 219 208 221 227 92 51 94 55 54 95 229 
94 9236 -0.00732421875000000000 -0.04638671875000000000 0 0 1 0 8 95 93 101 91 89 97 92 100 
95 9237 -0.00244140625000000000 -0.04638671875000000000 0 0 1 0 10 227 221 229 251 94 92 100 93 101 253 
96 9238 -0.01708984375000000000 -0.05126953125000000000 0 0 1 0 8 97 91 99 85 79 87 90 98 
97 9239 -0.01220703125000000000 -0.05126953125000000000 0 0 1 0 8 100 94 102 96 90 98 91 99 
98 9240 -0.01708984375000000000 -0.05615234375000000000 0 0 1 0 8 99 97 121 87 85 109 96 120 
99 9241 -0.01220703125000000000 -0.05615234375000000000 0 0 1 0 8 102 100 124 98 96 120 97 121 
100 9242 -0.00732421875000000000 -0.05126953125000000000 0 0 1 0 8 101 95 103 97 91 99 94 102 
101 9243 -0.00244140625000000000 -0.05126953125000000000 0 0 1 0 10 251 229 253 259 100 94 102 95 103 261 
102 9244 -0.00732421875000000000 -0.05615234375000000000 0 0 1 0 8 103 101 125 99 97 121 100 124 
103 9245 -0.00244140625000000000 -0.05615234375000000000 0 0 1 0 9 259 253 261 331 102 100 124 101 125 
104 9246 -0.03662109375000000000 -0.06103515625000000000 0 0 1 0 8 105 83 107 69 63 71 82 106 
105 9247 -0.03173828125000000000 -0.06103515625000000000 0 0 1 0 8 108 86 110 104 82 106 83 107 
106 9248 -0.03662109375000000000 -0.06591796875000000000 0 0 1 0 8 107 105 113 69 63 71 104 112 
107 9249 -0.03173828125000000000 -0.06591796875000000000 0 0 1 0 8 110 108 116 106 104 112 105 113 
108 9250 -0.02685546875000000000 -0.06103515625000000000 0 0 1 0 8 109 87 111 105 83 107 86 110 
109 9251 -0.02197265625000000000 -0.06103515625000000000 0 0 1 0 8 120 98 122 108 86 110 87 111 
110 9252 -0.02685546875000000000 -0.06591796875000000000 0 0 1 0 8 111 109 117 107 105 113 108 116 
111 9253 -0.02197265625000000000 -0.06591796875000000000 0 0 1 0 8 122 120 128 110 108 116 109 117 
112 9254 -0.03662109375000000000 -0.07080078125000000000 0 0 1 0 8 113 107 115 71 69 144 106 114 
113 9255 -0.03173828125000000000 -0.07080078125000000000 0 0 1 0 8 116 110 118 112 106 114 107 115 
114 9256 -0.03662109375000000000 -0.07568359375000000000 0 0 1 0 8 115 113 155 71 69 144 112 156 
115 9257 -0.03173828125000000000 -0.07568359375000000000 0 0 1 0 8 118 116 156 114 112 155 113 144 
116 9258 -0.02685546875000000000 -0.07080078125000000000 0 0 1 0 8 117 111 119 113 107 115 110 118 
117 9259 -0.02197265625000000000 -0.07080078125000000000 0 0 1 0 8 128 122 130 116 110 118 111 119 
118 9260 -0.02685546875000000000 -0.07568359375000000000 0 0 1 0 8 119 117 156 115 113 155 116 159 
119 9261 -0.02197265625000000000 -0.07568359375000000000 0 0 1 0 8 130 128 159 118 116 156 117 155 
120 9262 -0.01708984375000000000 -0.06103515625000000000 0 0 1 0 8 121 99 123 109 87 111 98 122 
121 9263 -0.01220703125000000000 -0.06103515625000000000 0 0 1 0 8 124 102 126 120 98 122 99 123 
122 9264 -0.01708984375000000000 -0.06591796875000000000 0 0 1 0 8 123 121 129 111 109 117 120 128 
123 9265 -0.01220703125000000000 -0.06591796875000000000 0 0 1 0 8 126 124 132 122 120 128 121 129 
124 9266 -0.00732421875000000000 -0.06103515625000000000 0 0 1 0 8 125 103 127 121 99 123 102 126 
125 9267 -0.00244140625000000000 -0.06103515625000000000 0 0 1 0 8 331 261 333 124 102 126 103 127 
126 9268 -0.00732421875000000000 -0.06591796875000000000 0 0 1 0 8 127 125 133 123 121 129 124 132 
127 9269 -0.00244140625000000000 -0.06591796875000000000 0 0 1 0 8 333 331 339 126 124 132 125 133 
128 9270 -0.01708984375000000000 -0.07080078125000000000 0 0 1 0 8 129 123 131 117 111 119 122 130 
129 9271 -0.01220703125000000000 -0.07080078125000000000 0 0 1 0 8 132 126 134 128 122 130 123 131 
130 9272 -0.01708984375000000000 -0.07568359375000000000 0 0 1 0 8 131 129 159 119 117 156 128 160 
131 9273 -0.01220703125000000000 -0.07568359375000000000 0 0 1 0 8 134 132 160 130 128 159 129 156 
132 9274 -0.00732421875000000000 -0.07080078125000000000 0 0 1 0 8 133 127 135 129 123 131 126 134 
133 9275 -0.00244140625000000000 -0.07080078125000000000 0 0 1 0 8 339 333 341 132 126 134 127 135 
134 9276 -0.00732421875000000000 -0.07568359375000000000 0 0 1 0 8 135 133 160 131 129 159 132 383 
135 9277 -0.00244140625000000000 -0.07568359375000000000 0 0 1 0 8 341 339 383 134 132 160 133 159 
136 9278 -0.08789062500000000000 -0.08789062500000000000 0 0 1 0 10 139 66 141 147 476 4 477 5 137 149 
137 9279 -0.08789062500000000000 -0.10742187500000000000 0 0 1 0 10 147 141 149 171 477 476 478 136 138 173 
138 9280 -0.08789062500000000000 -0.12695312500000000000 0 0 1 0 10 171 149 173 179 478 477 479 137 480 181 
139 9281 -0.07324218750000000000 -0.08300781250000000000 0 0 1 0 8 140 67 142 136 5 137 66 141 
140 9282 -0.06347656250000000000 -0.08300781250000000000 0 0 1 0 8 143 70 145 139 66 141 67 142 
141 9283 -0.07324218750000000000 -0.09277343750000000000 0 0 1 0 8 142 140 148 136 5 137 139 147 
142 9284 -0.06347656250000000000 -0.09277343750000000000 0 0 1 0 8 145 143 151 141 139 147 140 148 
143 9285 -0.05371093750000000000 -0.08300781250000000000 0 0 1 0 8 144 71 146 140 67 142 70 145 
144 9286 -0.04394531250000000000 -0.08300781250000000000 0 0 1 0 8 155 114 157 143 70 145 71 146 
145 9287 -0.05371093750000000000 -0.09277343750000000000 0 0 1 0 8 146 144 152 142 140 148 143 151 
146 9288 -0.04394531250000000000 -0.09277343750000000000 0 0 1 0 8 157 155 163 145 143 151 144 152 
147 9289 -0.07324218750000000000 -0.10253906250000000000 0 0 1 0 8 148 142 150 137 136 138 141 149 
148 9290 -0.06347656250000000000 -0.10253906250000000000 0 0 1 0 8 151 145 153 147 141 149 142 150 
149 9291 -0.07324218750000000000 -0.11230468750000000000 0 0 1 0 8 150 148 172 137 136 138 147 171 
150 9292 -0.06347656250000000000 -0.11230468750000000000 0 0 1 0 8 153 151 175 149 147 171 148 172 
151 9293 -0.05371093750000000000 -0.10253906250000000000 0 0 1 0 8 152 146 154 148 142 150 145 153 
152 9294 -0.04394531250000000000 -0.10253906250000000000 0 0 1 0 8 163 157 165 151 145 153 146 154 
153 9295 -0.05371093750000000000 -0.11230468750000000000 0 0 1 0 8 154 152 176 150 148 172 151 175 
154 9296 -0.04394531250000000000 -0.11230468750000000000 0 0 1 0 8 165 163 187 153 151 175 152 176 
155 9297 -0.03417968750000000000 -0.08300781250000000000 0 0 1 0 9 156 118 158 144 71 146 115 114 157 
156 9298 -0.02441406250000000000 -0.08300781250000000000 0 0 1 0 9 159 130 161 155 115 157 119 118 158 
157 9299 -0.03417968750000000000 -0.09277343750000000000 0 0 1 0 8 158 156 164 146 144 152 155 163 
158 9300 -0.02441406250000000000 -0.09277343750000000000 0 0 1 0 8 161 159 167 157 155 163 156 164 
159 9301 -0.01464843750000000000 -0.08300781250000000000 0 0 1 0 9 160 134 162 156 119 158 131 130 161 
160 9302 -0.00488281250000000000 -0.08300781250000000000 0 0 1 0 9 383 341 385 159 131 161 135 134 162 
161 9303 -0.01464843750000000000 -0.09277343750000000000 0 0 1 0 8 162 160 168 158 156 164 159 167 
162 9304 -0.00488281250000000000 -0.09277343750000000000 0 0 1 0 8 385 383 391 161 159 167 160 168 
163 9305 -0.03417968750000000000 -0.10253906250000000000 0 0 1 0 8 164 158 166 152 146 154 157 165 
164 9306 -0.02441406250000000000 -0.10253906250000000000 0 0 1 0 8 167 161 169 163 157 165 158 166 
165 9307 -0.03417968750000000000 -0.11230468750000000000 0 0 1 0 8 166 164 188 154 152 176 163 187 
166 9308 -0.02441406250000000000 -0.11230468750000000000 0 0 1 0 8 169 167 191 165 163 187 164 188 
167 9309 -0.01464843750000000000 -0.10253906250000000000 0 0 1 0 8 168 162 170 164 158 166 161 169 
168 9310 -0.00488281250000000000 -0.10253906250000000000 0 0 1 0 8 391 385 393 167 161 169 162 170 
169 9311 -0.01464843750000000000 -0.11230468750000000000 0 0 1 0 8 170 168 192 166 164 188 167 191 
170 9312 -0.00488281250000000000 -0.11230468750000000000 0 0 1 0 8 393 391 411 169 167 191 168 192 
171 9313 -0.07324218750000000000 -0.12207031250000000000 0 0 1 0 8 172 150 174 138 137 480 149 173 
172 9314 -0.06347656250000000000 -0.12207031250000000000 0 0 1 0 8 175 153 177 171 149 173 150 174 
173 9315 -0.07324218750000000000 -0.13183593750000000000 0 0 1 0 8 174 172 180 138 137 480 171 179 
174 9316 -0.06347656250000000000 -0.13183593750000000000 0 0 1 0 8 177 175 183 173 171 179 172 180 
175 9317 -0.05371093750000000000 -0.12207031250000000000 0 0 1 0 8 176 154 178 172 150 174 153 177 
176 9318 -0.04394531250000000000 -0.12207031250000000000 0 0 1 0 8 187 165 189 175 153 177 154 178 
177 9319 -0.05371093750000000000 -0.13183593750000000000 0 0 1 0 8 178 176 184 174 172 180 175 183 
178 9320 -0.04394531250000000000 -0.13183593750000000000 0 0 1 0 8 189 187 195 177 175 183 176 184 
179 9321 -0.07324218750000000000 -0.14160156250000000000 0 0 1 0 8 180 174 182 480 138 481 173 181 
180 9322 -0.06347656250000000000 -0.14160156250000000000 0 0 1 0 8 183 177 185 179 173 181 174 182 
181 9323 -0.07324218750000000000 -0.15136718750000000000 0 0 1 0 8 182 180 482 480 138 481 179 203 
182 9324 -0.06347656250000000000 -0.15136718750000000000 0 0 1 0 8 185 183 203 181 179 482 180 481 
183 9325 -0.05371093750000000000 -0.14160156250000000000 0 0 1 0 8 184 178 186 180 174 182 177 185 
184 9326 -0.04394531250000000000 -0.14160156250000000000 0 0 1 0 8 195 189 197 183 177 185 178 186 
185 9327 -0.05371093750000000000 -0.15136718750000000000 0 0 1 0 8 186 184 203 182 180 482 183 204 
186 9328 -0.04394531250000000000 -0.15136718750000000000 0 0 1 0 8 197 195 204 185 183 203 184 482 
187 9329 -0.03417968750000000000 -0.12207031250000000000 0 0 1 0 8 188 166 190 176 154 178 165 189 
188 9330 -0.02441406250000000000 -0.12207031250000000000 0 0 1 0 8 191 169 193 187 165 189 166 190 
189 9331 -0.03417968750000000000 -0.13183593750000000000 0 0 1 0 8 190 188 196 178 176 184 187 195 
190 9332 -0.02441406250000000000 -0.13183593750000000000 0 0 1 0 8 193 191 199 189 187 195 188 196 
191 9333 -0.01464843750000000000 -0.12207031250000000000 0 0 1 0 8 192 170 194 188 166 190 169 193 
192 9334 -0.00488281250000000000 -0.12207031250000000000 0 0 1 0 8 411 393 413 191 169 193 170 194 
193 9335 -0.01464843750000000000 -0.13183593750000000000 0 0 1 0 8 194 192 200 190 188 196 191 199 
194 9336 -0.00488281250000000000 -0.13183593750000000000 0 0 1 0 8 413 411 419 193 191 199 192 200 
195 9337 -0.03417968750000000000 -0.14160156250000000000 0 0 1 0 8 196 190 198 184 178 186 189 197 
196 9338 -0.02441406250000000000 -0.14160156250000000000 0 0 1 0 8 199 193 201 195 189 197 190 198 
197 9339 -0.03417968750000000000 -0.15136718750000000000 0 0 1 0 8 198 196 204 186 184 203 195 205 
198 9340 -0.02441406250000000000 -0.15136718750000000000 0 0 1 0 8 201 199 205 197 195 204 196 203 
199 9341 -0.01464843750000000000 -0.14160156250000000000 0 0 1 0 8 200 194 202 196 190 198 193 201 
200 9342 -0.00488281250000000000 -0.14160156250000000000 0 0 1 0 8 419 413 421 199 193 201 194 202 
201 9343 -0.01464843750000000000 -0.15136718750000000000 0 0 1 0 8 202 200 205 198 196 204 199 443 
202 9344 -0.00488281250000000000 -0.15136718750000000000 0 0 1 0 8 421 419 443 201 199 205 200 204 
203 9345 -0.04882812500000000000 -0.16601562500000000000 0 0 1 0 9 204 197 485 482 182 483 186 185 484 
204 9346 -0.02929687500000000000 -0.16601562500000000000 0 0 1 0 9 205 201 486 203 186 484 198 197 485 
205 9347 -0.00976562500000000000 -0.16601562500000000000 0 0 1 0 9 443 421 536 204 198 485 202 201 486 
206 9348 0.00122070312500000000 -0.03540039062500000000 0 0 1 0 8 207 489 209 53 47 55 488 208 
207 9349 0.00366210937500000000 -0.03540039062500000000 0 0 1 0 8 210 490 212 206 488 208 489 209 
208 9350 0.00122070312500000000 -0.03784179687500000000 0 0 1 0 8 209 207 220 55 53 93 206 219 
209 9351 0.00366210937500000000 -0.03784179687500000000 0 0 1 0 8 212 210 223 208 206 219 207 220 
210 9352 0.00610351562500000000 -0.03540039062500000000 0 0 1 0 8 211 491 213 207 489 209 490 212 
211 9353 0.00854492187500000000 -0.03540039062500000000 0 0 1 0 8 214 492 216 210 490 212 491 213 
212 9354 0.00610351562500000000 -0.03784179687500000000 0 0 1 0 8 213 211 224 209 207 220 210 223 
213 9355 0.00854492187500000000 -0.03784179687500000000 0 0 1 0 8 216 214 235 212 210 223 211 224 
214 9356 0.01098632812500000000 -0.03540039062500000000 0 0 1 0 8 215 493 217 211 491 213 492 216 
215 9357 0.01342773437500000000 -0.03540039062500000000 0 0 1 0 8 495 494 218 214 492 216 493 217 
216 9358 0.01098632812500000000 -0.03784179687500000000 0 0 1 0 8 217 215 236 213 211 224 214 235 
217 9359 0.01342773437500000000 -0.03784179687500000000 0 0 1 0 8 218 495 239 216 214 235 215 236 
218 9360 0.01586914062500000000 -0.03784179687500000000 0 0 1 0 8 497 496 240 217 215 236 495 239 
219 9361 0.00122070312500000000 -0.04028320312500000000 0 0 1 0 8 220 209 222 93 95 208 55 221 
220 9362 0.00366210937500000000 -0.04028320312500000000 0 0 1 0 8 223 212 225 219 208 221 209 222 
221 9363 0.00122070312500000000 -0.04272460937500000000 0 0 1 0 7 222 220 228 93 95 219 227 
222 9364 0.00366210937500000000 -0.04272460937500000000 0 0 1 0 8 225 223 231 221 219 227 220 228 
223 9365 0.00610351562500000000 -0.04028320312500000000 0 0 1 0 8 224 213 226 220 209 222 212 225 
224 9366 0.00854492187500000000 -0.04028320312500000000 0 0 1 0 8 235 216 237 223 212 225 213 226 
225 9367 0.00610351562500000000 -0.04272460937500000000 0 0 1 0 8 226 224 232 222 220 228 223 231 
226 9368 0.00854492187500000000 -0.04272460937500000000 0 0 1 0 8 237 235 243 225 223 231 224 232 
227 9369 0.00122070312500000000 -0.04516601562500000000 0 0 1 0 8 228 222 230 95 93 101 221 229 
228 9370 0.00366210937500000000 -0.04516601562500000000 0 0 1 0 8 231 225 233 227 221 229 222 230 
229 9371 0.00122070312500000000 -0.04760742187500000000 0 0 1 0 8 230 228 252 95 93 101 227 251 
230 9372 0.00366210937500000000 -0.04760742187500000000 0 0 1 0 8 233 231 255 229 227 251 228 252 
231 9373 0.00610351562500000000 -0.04516601562500000000 0 0 1 0 8 232 226 234 228 222 230 225 233 
232 9374 0.00854492187500000000 -0.04516601562500000000 0 0 1 0 8 243 237 245 231 225 233 226 234 
233 9375 0.00610351562500000000 -0.04760742187500000000 0 0 1 0 8 234 232 256 230 228 252 231 255 
234 9376 0.00854492187500000000 -0.04760742187500000000 0 0 1 0 8 245 243 267 233 231 255 232 256 
235 9377 0.01098632812500000000 -0.04028320312500000000 0 0 1 0 8 236 217 238 224 213 226 216 237 
236 9378 0.01342773437500000000 -0.04028320312500000000 0 0 1 0 8 239 218 241 235 216 237 217 238 
237 9379 0.01098632812500000000 -0.04272460937500000000 0 0 1 0 8 238 236 244 226 224 232 235 243 
238 9380 0.01342773437500000000 -0.04272460937500000000 0 0 1 0 8 241 239 247 237 235 243 236 244 
239 9381 0.01586914062500000000 -0.04028320312500000000 0 0 1 0 8 240 497 242 236 217 238 218 241 
240 9382 0.01831054687500000000 -0.04028320312500000000 0 0 1 0 8 499 498 283 239 218 241 497 242 
241 9383 0.01586914062500000000 -0.04272460937500000000 0 0 1 0 8 242 240 248 238 236 244 239 247 
242 9384 0.01831054687500000000 -0.04272460937500000000 0 0 1 0 8 283 499 287 241 239 247 240 248 
243 9385 0.01098632812500000000 -0.04516601562500000000 0 0 1 0 8 244 238 246 232 226 234 237 245 
244 9386 0.01342773437500000000 -0.04516601562500000000 0 0 1 0 8 247 241 249 243 237 245 238 246 
245 9387 0.01098632812500000000 -0.04760742187500000000 0 0 1 0 8 246 244 268 234 232 256 243 267 
246 9388 0.01342773437500000000 -0.04760742187500000000 0 0 1 0 8 249 247 271 245 243 267 244 268 
247 9389 0.01586914062500000000 -0.04516601562500000000 0 0 1 0 8 248 242 250 244 238 246 241 249 
248 9390 0.01831054687500000000 -0.04516601562500000000 0 0 1 0 8 287 283 289 247 241 249 242 250 
249 9391 0.01586914062500000000 -0.04760742187500000000 0 0 1 0 8 250 248 272 246 244 268 247 271 
250 9392 0.01831054687500000000 -0.04760742187500000000 0 0 1 0 8 289 287 299 249 247 271 248 272 
251 9393 0.00122070312500000000 -0.05004882812500000000 0 0 1 0 8 252 230 254 101 95 103 229 253 
252 9394 0.00366210937500000000 -0.05004882812500000000 0 0 1 0 8 255 233 257 251 229 253 230 254 
253 9395 0.00122070312500000000 -0.05249023437500000000 0 0 1 0 8 254 252 260 101 95 103 251 259 
254 9396 0.00366210937500000000 -0.05249023437500000000 0 0 1 0 8 257 255 263 253 251 259 252 260 
255 9397 0.00610351562500000000 -0.05004882812500000000 0 0 1 0 8 256 234 258 252 230 254 233 257 
256 9398 0.00854492187500000000 -0.05004882812500000000 0 0 1 0 8 267 245 269 255 233 257 234 258 
257 9399 0.00610351562500000000 -0.05249023437500000000 0 0 1 0 8 258 256 264 254 252 260 255 263 
258 9400 0.00854492187500000000 -0.05249023437500000000 0 0 1 0 8 269 267 275 257 255 263 256 264 
259 9401 0.00122070312500000000 -0.05493164062500000000 0 0 1 0 8 260 254 262 103 101 125 253 261 
260 9402 0.00366210937500000000 -0.05493164062500000000 0 0 1 0 8 263 257 265 259 253 261 254 262 
261 9403 0.00122070312500000000 -0.05737304687500000000 0 0 1 0 8 262 260 331 103 101 125 259 332 
262 9404 0.00366210937500000000 -0.05737304687500000000 0 0 1 0 8 265 263 332 261 259 331 260 125 
263 9405 0.00610351562500000000 -0.05493164062500000000 0 0 1 0 8 264 258 266 260 254 262 257 265 
264 9406 0.00854492187500000000 -0.05493164062500000000 0 0 1 0 8 275 269 277 263 257 265 258 266 
265 9407 0.00610351562500000000 -0.05737304687500000000 0 0 1 0 8 266 264 332 262 260 331 263 335 
266 9408 0.00854492187500000000 -0.05737304687500000000 0 0 1 0 8 277 275 335 265 263 332 264 331 
267 9409 0.01098632812500000000 -0.05004882812500000000 0 0 1 0 8 268 246 270 256 234 258 245 269 
268 9410 0.01342773437500000000 -0.05004882812500000000 0 0 1 0 8 271 249 273 267 245 269 246 270 
269 9411 0.01098632812500000000 -0.05249023437500000000 0 0 1 0 8 270 268 276 258 256 264 267 275 
270 9412 0.01342773437500000000 -0.05249023437500000000 0 0 1 0 8 273 271 279 269 267 275 268 276 
271 9413 0.01586914062500000000 -0.05004882812500000000 0 0 1 0 8 272 250 274 268 246 270 249 273 
272 9414 0.01831054687500000000 -0.05004882812500000000 0 0 1 0 8 299 289 301 271 249 273 250 274 
273 9415 0.01586914062500000000 -0.05249023437500000000 0 0 1 0 8 274 272 280 270 268 276 271 279 
274 9416 0.01831054687500000000 -0.05249023437500000000 0 0 1 0 8 301 299 307 273 271 279 272 280 
275 9417 0.01098632812500000000 -0.05493164062500000000 0 0 1 0 8 276 270 278 264 258 266 269 277 
276 9418 0.01342773437500000000 -0.05493164062500000000 0 0 1 0 8 279 273 281 275 269 277 270 278 
277 9419 0.01098632812500000000 -0.05737304687500000000 0 0 1 0 8 278 276 335 266 264 332 275 336 
278 9420 0.01342773437500000000 -0.05737304687500000000 0 0 1 0 8 281 279 336 277 275 335 276 332 
279 9421 0.01586914062500000000 -0.05493164062500000000 0 0 1 0 8 280 274 282 276 270 278 273 281 
280 9422 0.01831054687500000000 -0.05493164062500000000 0 0 1 0 8 307 301 309 279 273 281 274 282 
281 9423 0.01586914062500000000 -0.05737304687500000000 0 0 1 0 8 282 280 336 278 276 335 279 347 
282 9424 0.01831054687500000000 -0.05737304687500000000 0 0 1 0 8 309 307 347 281 279 336 280 335 
283 9425 0.02075195312500000000 -0.04272460937500000000 0 0 1 0 8 284 500 288 242 240 248 499 287 
284 9426 0.02319335937500000000 -0.04272460937500000000 0 0 1 0 8 285 501 291 283 499 287 500 288 
285 9427 0.02563476562500000000 -0.04272460937500000000 0 0 1 0 8 286 502 292 284 500 288 501 291 
286 9428 0.02807617187500000000 -0.04272460937500000000 0 0 1 0 8 504 503 295 285 501 291 502 292 
287 9429 0.02075195312500000000 -0.04516601562500000000 0 0 1 0 8 288 284 290 248 242 250 283 289 
288 9430 0.02319335937500000000 -0.04516601562500000000 0 0 1 0 8 291 285 293 287 283 289 284 290 
289 9431 0.02075195312500000000 -0.04760742187500000000 0 0 1 0 8 290 288 300 250 248 272 287 299 
290 9432 0.02319335937500000000 -0.04760742187500000000 0 0 1 0 8 293 291 303 289 287 299 288 300 
291 9433 0.02563476562500000000 -0.04516601562500000000 0 0 1 0 8 292 286 294 288 284 290 285 293 
292 9434 0.02807617187500000000 -0.04516601562500000000 0 0 1 0 8 295 504 296 291 285 293 286 294 
293 9435 0.02563476562500000000 -0.04760742187500000000 0 0 1 0 8 294 292 304 290 288 300 291 303 
294 9436 0.02807617187500000000 -0.04760742187500000000 0 0 1 0 8 296 295 315 293 291 303 292 304 
295 9437 0.03051757812500000000 -0.04516601562500000000 0 0 1 0 8 506 505 297 292 286 294 504 296 
296 9438 0.03051757812500000000 -0.04760742187500000000 0 0 1 0 8 297 506 316 294 292 304 295 315 
297 9439 0.03295898437500000000 -0.04760742187500000000 0 0 1 0 8 298 507 319 296 295 315 506 316 
298 9440 0.03540039062500000000 -0.04760742187500000000 0 0 1 0 8 509 508 320 297 506 316 507 319 
299 9441 0.02075195312500000000 -0.05004882812500000000 0 0 1 0 8 300 290 302 272 250 274 289 301 
300 9442 0.02319335937500000000 -0.05004882812500000000 0 0 1 0 8 303 293 305 299 289 301 290 302 
301 9443 0.02075195312500000000 -0.05249023437500000000 0 0 1 0 8 302 300 308 274 272 280 299 307 
302 9444 0.02319335937500000000 -0.05249023437500000000 0 0 1 0 8 305 303 311 301 299 307 300 308 
303 9445 0.02563476562500000000 -0.05004882812500000000 0 0 1 0 8 304 294 306 300 290 302 293 305 
304 9446 0.02807617187500000000 -0.05004882812500000000 0 0 1 0 8 315 296 317 303 293 305 294 306 
305 9447 0.02563476562500000000 -0.05249023437500000000 0 0 1 0 8 306 304 312 302 300 308 303 311 
306 9448 0.02807617187500000000 -0.05249023437500000000 0 0 1 0 8 317 315 323 305 303 311 304 312 
307 9449 0.02075195312500000000 -0.05493164062500000000 0 0 1 0 8 308 302 310 280 274 282 301 309 
308 9450 0.02319335937500000000 -0.05493164062500000000 0 0 1 0 8 311 305 313 307 301 309 302 310 
309 9451 0.02075195312500000000 -0.05737304687500000000 0 0 1 0 8 310 308 347 282 280 336 307 348 
310 9452 0.02319335937500000000 -0.05737304687500000000 0 0 1 0 8 313 311 348 309 307 347 308 336 
311 9453 0.02563476562500000000 -0.05493164062500000000 0 0 1 0 8 312 306 314 308 302 310 305 313 
312 9454 0.02807617187500000000 -0.05493164062500000000 0 0 1 0 8 323 317 325 311 305 313 306 314 
313 9455 0.02563476562500000000 -0.05737304687500000000 0 0 1 0 8 314 312 348 310 308 347 311 351 
314 9456 0.02807617187500000000 -0.05737304687500000000 0 0 1 0 8 325 323 351 313 311 348 312 347 
315 9457 0.03051757812500000000 -0.05004882812500000000 0 0 1 0 8 316 297 318 304 294 306 296 317 
316 9458 0.03295898437500000000 -0.05004882812500000000 0 0 1 0 8 319 298 321 315 296 317 297 318 
317 9459 0.03051757812500000000 -0.05249023437500000000 0 0 1 0 8 318 316 324 306 304 312 315 323 
318 9460 0.03295898437500000000 -0.05249023437500000000 0 0 1 0 8 321 319 327 317 315 323 316 324 
319 9461 0.03540039062500000000 -0.05004882812500000000 0 0 1 0 8 320 509 322 316 297 318 298 321 
320 9462 0.03784179687500000000 -0.05004882812500000000 0 0 1 0 8 511 510 363 319 298 321 509 322 
321 9463 0.03540039062500000000 -0.05249023437500000000 0 0 1 0 8 322 320 328 318 316 324 319 327 
322 9464 0.03784179687500000000 -0.05249023437500000000 0 0 1 0 8 363 511 364 321 319 327 320 328 
323 9465 0.03051757812500000000 -0.05493164062500000000 0 0 1 0 8 324 318 326 312 306 314 317 325 
324 9466 0.03295898437500000000 -0.05493164062500000000 0 0 1 0 8 327 321 329 323 317 325 318 326 
325 9467 0.03051757812500000000 -0.05737304687500000000 0 0 1 0 8 326 324 351 314 312 348 323 352 
326 9468 0.03295898437500000000 -0.05737304687500000000 0 0 1 0 8 329 327 352 325 323 351 324 348 
327 9469 0.03540039062500000000 -0.05493164062500000000 0 0 1 0 8 328 322 330 324 318 326 321 329 
328 9470 0.03784179687500000000 -0.05493164062500000000 0 0 1 0 8 364 363 366 327 321 329 322 330 
329 9471 0.03540039062500000000 -0.05737304687500000000 0 0 1 0 8 330 328 352 326 324 351 327 369 
330 9472 0.03784179687500000000 -0.05737304687500000000 0 0 1 0 8 366 364 369 329 327 352 328 351 
331 9473 0.00244140625000000000 -0.06103515625000000000 0 0 1 0 9 332 265 334 125 103 127 262 261 333 
332 9474 0.00732421875000000000 -0.06103515625000000000 0 0 1 0 9 335 277 337 331 262 333 266 265 334 
333 9475 0.00244140625000000000 -0.06591796875000000000 0 0 1 0 8 334 332 340 127 125 133 331 339 
334 9476 0.00732421875000000000 -0.06591796875000000000 0 0 1 0 8 337 335 343 333 331 339 332 340 
335 9477 0.01220703125000000000 -0.06103515625000000000 0 0 1 0 9 336 281 338 332 266 334 278 277 337 
336 9478 0.01708984375000000000 -0.06103515625000000000 0 0 1 0 9 347 309 349 335 278 337 282 281 338 
337 9479 0.01220703125000000000 -0.06591796875000000000 0 0 1 0 8 338 336 344 334 332 340 335 343 
338 9480 0.01708984375000000000 -0.06591796875000000000 0 0 1 0 8 349 347 355 337 335 343 336 344 
339 9481 0.00244140625000000000 -0.07080078125000000000 0 0 1 0 8 340 334 342 133 127 135 333 341 
340 9482 0.00732421875000000000 -0.07080078125000000000 0 0 1 0 8 343 337 345 339 333 341 334 342 
341 9483 0.00244140625000000000 -0.07568359375000000000 0 0 1 0 8 342 340 383 135 133 160 339 384 
342 9484 0.00732421875000000000 -0.07568359375000000000 0 0 1 0 8 345 343 384 341 339 383 340 160 
343 9485 0.01220703125000000000 -0.07080078125000000000 0 0 1 0 8 344 338 346 340 334 342 337 345 
344 9486 0.01708984375000000000 -0.07080078125000000000 0 0 1 0 8 355 349 357 343 337 345 338 346 
345 9487 0.01220703125000000000 -0.07568359375000000000 0 0 1 0 8 346 344 384 342 340 383 343 387 
346 9488 0.01708984375000000000 -0.07568359375000000000 0 0 1 0 8 357 355 387 345 343 384 344 383 
347 9489 0.02197265625000000000 -0.06103515625000000000 0 0 1 0 9 348 313 350 336 282 338 310 309 349 
348 9490 0.02685546875000000000 -0.06103515625000000000 0 0 1 0 9 351 325 353 347 310 349 314 313 350 
349 9491 0.02197265625000000000 -0.06591796875000000000 0 0 1 0 8 350 348 356 338 336 344 347 355 
350 9492 0.02685546875000000000 -0.06591796875000000000 0 0 1 0 8 353 351 359 349 347 355 348 356 
351 9493 0.03173828125000000000 -0.06103515625000000000 0 0 1 0 9 352 329 354 348 314 350 326 325 353 
352 9494 0.03662109375000000000 -0.06103515625000000000 0 0 1 0 9 369 366 371 351 326 353 330 329 354 
353 9495 0.03173828125000000000 -0.06591796875000000000 0 0 1 0 8 354 352 360 350 348 356 351 359 
354 9496 0.03662109375000000000 -0.06591796875000000000 0 0 1 0 8 371 369 374 353 351 359 352 360 
355 9497 0.02197265625000000000 -0.07080078125000000000 0 0 1 0 8 356 350 358 344 338 346 349 357 
356 9498 0.02685546875000000000 -0.07080078125000000000 0 0 1 0 8 359 353 361 355 349 357 350 358 
357 9499 0.02197265625000000000 -0.07568359375000000000 0 0 1 0 8 358 356 387 346 344 384 355 388 
358 9500 0.02685546875000000000 -0.07568359375000000000 0 0 1 0 8 361 359 388 357 355 387 356 384 
359 9501 0.03173828125000000000 -0.07080078125000000000 0 0 1 0 8 360 354 362 356 350 358 353 361 
360 9502 0.03662109375000000000 -0.07080078125000000000 0 0 1 0 8 374 371 376 359 353 361 354 362 
361 9503 0.03173828125000000000 -0.07568359375000000000 0 0 1 0 8 362 360 388 358 356 387 359 399 
362 9504 0.03662109375000000000 -0.07568359375000000000 0 0 1 0 8 376 374 399 361 359 388 360 387 
363 9505 0.04028320312500000000 -0.05249023437500000000 0 0 1 0 8 513 512 365 322 320 328 511 364 
364 9506 0.04028320312500000000 -0.05493164062500000000 0 0 1 0 8 365 513 367 328 322 330 363 366 
365 9507 0.04272460937500000000 -0.05493164062500000000 0 0 1 0 8 515 514 368 364 363 366 513 367 
366 9508 0.04028320312500000000 -0.05737304687500000000 0 0 1 0 8 367 365 369 330 328 352 364 370 
367 9509 0.04272460937500000000 -0.05737304687500000000 0 0 1 0 8 368 515 370 366 364 369 365 352 
368 9510 0.04516601562500000000 -0.05737304687500000000 0 0 1 0 8 517 516 370 367 365 369 515 519 
369 9511 0.04150390625000000000 -0.06103515625000000000 0 0 1 0 9 370 368 372 352 330 354 367 366 371 
370 9512 0.04638671875000000000 -0.06103515625000000000 0 0 1 0 9 519 518 373 369 367 371 517 368 372 
371 9513 0.04150390625000000000 -0.06591796875000000000 0 0 1 0 8 372 370 375 354 352 360 369 374 
372 9514 0.04638671875000000000 -0.06591796875000000000 0 0 1 0 8 373 519 378 371 369 374 370 375 
373 9515 0.05126953125000000000 -0.06591796875000000000 0 0 1 0 8 521 520 379 372 370 375 519 378 
374 9516 0.04150390625000000000 -0.07080078125000000000 0 0 1 0 8 375 372 377 360 354 362 371 376 
375 9517 0.04638671875000000000 -0.07080078125000000000 0 0 1 0 8 378 373 380 374 371 376 372 377 
376 9518 0.04150390625000000000 -0.07568359375000000000 0 0 1 0 8 377 375 399 362 360 388 374 400 
377 9519 0.04638671875000000000 -0.07568359375000000000 0 0 1 0 8 380 378 400 376 374 399 375 388 
378 9520 0.05126953125000000000 -0.07080078125000000000 0 0 1 0 8 379 521 381 375 372 377 373 380 
379 9521 0.05615234375000000000 -0.07080078125000000000 0 0 1 0 8 523 522 382 378 373 380 521 381 
380 9522 0.05126953125000000000 -0.07568359375000000000 0 0 1 0 8 381 379 400 377 375 399 378 403 
381 9523 0.05615234375000000000 -0.07568359375000000000 0 0 1 0 8 382 523 403 380 378 400 379 399 
382 9524 0.06103515625000000000 -0.07568359375000000000 0 0 1 0 8 525 524 403 381 379 400 523 527 
383 9525 0.00488281250000000000 -0.08300781250000000000 0 0 1 0 9 384 345 386 160 135 162 342 341 385 
384 9526 0.01464843750000000000 -0.08300781250000000000 0 0 1 0 9 387 357 389 383 342 385 346 345 386 
385 9527 0.00488281250000000000 -0.09277343750000000000 0 0 1 0 8 386 384 392 162 160 168 383 391 
386 9528 0.01464843750000000000 -0.09277343750000000000 0 0 1 0 8 389 387 395 385 383 391 384 392 
387 9529 0.02441406250000000000 -0.08300781250000000000 0 0 1 0 9 388 361 390 384 346 386 358 357 389 
388 9530 0.03417968750000000000 -0.08300781250000000000 0 0 1 0 9 399 376 401 387 358 389 362 361 390 
389 9531 0.02441406250000000000 -0.09277343750000000000 0 0 1 0 8 390 388 396 386 384 392 387 395 
390 9532 0.03417968750000000000 -0.09277343750000000000 0 0 1 0 8 401 399 405 389 387 395 388 396 
391 9533 0.00488281250000000000 -0.10253906250000000000 0 0 1 0 8 392 386 394 168 162 170 385 393 
392 9534 0.01464843750000000000 -0.10253906250000000000 0 0 1 0 8 395 389 397 391 385 393 386 394 
393 9535 0.00488281250000000000 -0.11230468750000000000 0 0 1 0 8 394 392 412 170 168 192 391 411 
394 9536 0.01464843750000000000 -0.11230468750000000000 0 0 1 0 8 397 395 415 393 391 411 392 412 
395 9537 0.02441406250000000000 -0.10253906250000000000 0 0 1 0 8 396 390 398 392 386 394 389 397 
396 9538 0.03417968750000000000 -0.10253906250000000000 0 0 1 0 8 405 401 407 395 389 397 390 398 
397 9539 0.02441406250000000000 -0.11230468750000000000 0 0 1 0 8 398 396 416 394 392 412 395 415 
398 9540 0.03417968750000000000 -0.11230468750000000000 0 0 1 0 8 407 405 427 397 395 415 396 416 
399 9541 0.04394531250000000000 -0.08300781250000000000 0 0 1 0 9 400 380 402 388 362 390 377 376 401 
400 9542 0.05371093750000000000 -0.08300781250000000000 0 0 1 0 9 403 382 404 399 377 401 381 380 402 
401 9543 0.04394531250000000000 -0.09277343750000000000 0 0 1 0 8 402 400 406 390 388 396 399 405 
402 9544 0.05371093750000000000 -0.09277343750000000000 0 0 1 0 8 404 403 409 401 399 405 400 406 
403 9545 0.06347656250000000000 -0.08300781250000000000 0 0 1 0 9 527 526 528 400 381 402 525 382 404 
404 9546 0.06347656250000000000 -0.09277343750000000000 0 0 1 0 8 528 527 529 402 400 406 403 409 
405 9547 0.04394531250000000000 -0.10253906250000000000 0 0 1 0 8 406 402 408 396 390 398 401 407 
406 9548 0.05371093750000000000 -0.10253906250000000000 0 0 1 0 8 409 404 410 405 401 407 402 408 
407 9549 0.04394531250000000000 -0.11230468750000000000 0 0 1 0 8 408 406 428 398 396 416 405 427 
408 9550 0.05371093750000000000 -0.11230468750000000000 0 0 1 0 8 410 409 431 407 405 427 406 428 
409 9551 0.06347656250000000000 -0.10253906250000000000 0 0 1 0 8 529 528 530 406 402 408 404 410 
410 9552 0.06347656250000000000 -0.11230468750000000000 0 0 1 0 8 530 529 432 408 406 428 409 431 
411 9553 0.00488281250000000000 -0.12207031250000000000 0 0 1 0 8 412 394 414 192 170 194 393 413 
412 9554 0.01464843750000000000 -0.12207031250000000000 0 0 1 0 8 415 397 417 411 393 413 394 414 
413 9555 0.00488281250000000000 -0.13183593750000000000 0 0 1 0 8 414 412 420 194 192 200 411 419 
414 9556 0.01464843750000000000 -0.13183593750000000000 0 0 1 0 8 417 415 423 413 411 419 412 420 
415 9557 0.02441406250000000000 -0.12207031250000000000 0 0 1 0 8 416 398 418 412 394 414 397 417 
416 9558 0.03417968750000000000 -0.12207031250000000000 0 0 1 0 8 427 407 429 415 397 417 398 418 
417 9559 0.02441406250000000000 -0.13183593750000000000 0 0 1 0 8 418 416 424 414 412 420 415 423 
418 9560 0.03417968750000000000 -0.13183593750000000000 0 0 1 0 8 429 427 435 417 415 423 416 424 
419 9561 0.00488281250000000000 -0.14160156250000000000 0 0 1 0 8 420 414 422 200 194 202 413 421 
420 9562 0.01464843750000000000 -0.14160156250000000000 0 0 1 0 8 423 417 425 419 413 421 414 422 
421 9563 0.00488281250000000000 -0.15136718750000000000 0 0 1 0 8 422 420 443 202 200 205 419 444 
422 9564 0.01464843750000000000 -0.15136718750000000000 0 0 1 0 8 425 423 444 421 419 443 420 205 
423 9565 0.02441406250000000000 -0.14160156250000000000 0 0 1 0 8 424 418 426 420 414 422 417 425 
424 9566 0.03417968750000000000 -0.14160156250000000000 0 0 1 0 8 435 429 437 423 417 425 418 426 
425 9567 0.02441406250000000000 -0.15136718750000000000 0 0 1 0 8 426 424 444 422 420 443 423 445 
426 9568 0.03417968750000000000 -0.15136718750000000000 0 0 1 0 8 437 435 445 425 423 444 424 443 
427 9569 0.04394531250000000000 -0.12207031250000000000 0 0 1 0 8 428 408 430 416 398 418 407 429 
428 9570 0.05371093750000000000 -0.12207031250000000000 0 0 1 0 8 431 410 433 427 407 429 408 430 
429 9571 0.04394531250000000000 -0.13183593750000000000 0 0 1 0 8 430 428 436 418 416 424 427 435 
430 9572 0.05371093750000000000 -0.13183593750000000000 0 0 1 0 8 433 431 439 429 427 435 428 436 
431 9573 0.06347656250000000000 -0.12207031250000000000 0 0 1 0 8 432 530 434 428 408 430 410 433 
432 9574 0.07324218750000000000 -0.12207031250000000000 0 0 1 0 8 532 531 533 431 410 433 530 434 
433 9575 0.06347656250000000000 -0.13183593750000000000 0 0 1 0 8 434 432 440 430 428 436 431 439 
434 9576 0.07324218750000000000 -0.13183593750000000000 0 0 1 0 8 533 532 534 433 431 439 432 440 
435 9577 0.04394531250000000000 -0.14160156250000000000 0 0 1 0 8 436 430 438 424 418 426 429 437 
436 9578 0.05371093750000000000 -0.14160156250000000000 0 0 1 0 8 439 433 441 435 429 437 430 438 
437 9579 0.04394531250000000000 -0.15136718750000000000 0 0 1 0 8 438 436 445 426 424 444 435 446 
438 9580 0.05371093750000000000 -0.15136718750000000000 0 0 1 0 8 441 439 446 437 435 445 436 444 
439 9581 0.06347656250000000000 -0.14160156250000000000 0 0 1 0 8 440 434 442 436 430 438 433 441 
440 9582 0.07324218750000000000 -0.14160156250000000000 0 0 1 0 8 534 533 535 439 433 441 434 442 
441 9583 0.06347656250000000000 -0.15136718750000000000 0 0 1 0 8 442 440 446 438 436 445 439 540 
442 9584 0.07324218750000000000 -0.15136718750000000000 0 0 1 0 8 535 534 540 441 439 446 440 445 
443 9585 0.00976562500000000000 -0.16601562500000000000 0 0 1 0 9 444 425 537 205 202 486 422 421 536 
444 9586 0.02929687500000000000 -0.16601562500000000000 0 0 1 0 9 445 437 538 443 422 536 426 425 537 
445 9587 0.04882812500000000000 -0.16601562500000000000 0 0 1 0 9 446 441 539 444 426 537 438 437 538 
446 9588 0.06835937500000000000 -0.16601562500000000000 0 0 1 0 9 540 535 541 445 438 538 442 441 539 
