507 442 65
1 4780 0.77088153000000003701 -0.02840733800000000073 443 2 0 1 7 443 2 197 198 456 185 186 
2 4781 0.76674285112692885935 -0.02885236804640934835 1 3 0 1 7 1 3 181 182 184 185 186 
3 4782 0.76260397000000001988 -0.02929512199999999983 2 4 0 1 9 191 2 4 178 181 182 183 185 187 
4 4783 0.75422580999999999651 -0.03018432899999999933 3 5 0 1 7 3 5 178 179 180 265 269 
5 4784 0.74575024999999994790 -0.03107426199999999833 4 6 0 1 9 179 269 222 265 224 266 271 4 6 
6 4785 0.73718052999999994501 -0.03196422000000000152 5 7 0 1 8 265 218 221 220 222 267 5 7 
7 4786 0.72851995000000002722 -0.03285349700000000234 6 8 0 1 8 221 206 217 208 218 223 6 8 
8 4787 0.71977181000000001188 -0.03374138100000000084 7 9 0 1 8 217 202 205 204 206 219 7 9 
9 4788 0.71093947999999995702 -0.03462715400000000027 8 10 0 1 8 8 10 177 201 202 205 206 207 
10 4789 0.70202633000000003172 -0.03551009200000000005 9 11 0 1 8 177 201 98 101 100 102 9 11 
11 4790 0.69753116983018814690 -0.03595118298758494951 10 12 0 1 8 101 86 97 88 98 103 10 12 
12 4791 0.69303577999999999015 -0.03638946199999999742 11 13 0 1 8 97 82 85 84 86 99 11 13 
13 4792 0.68397127999999995929 -0.03726452699999999868 12 14 0 1 8 85 38 81 40 82 87 12 14 
14 4793 0.67483629000000000531 -0.03813454100000000097 13 15 0 1 8 37 22 33 24 34 39 13 15 
15 4794 0.66563432000000000155 -0.03899874999999999869 14 444 0 1 7 21 16 17 18 23 14 444 
16 4795 0.66162109375000000000 -0.04150390625000000000 0 0 1 0 8 17 15 19 25 444 445 446 27 
17 4796 0.66528320312500000000 -0.04028320312500000000 0 0 1 0 6 18 15 20 16 446 19 
18 4797 0.66772460937500000000 -0.04028320312500000000 0 0 1 0 6 21 23 17 15 19 20 
19 4798 0.66528320312500000000 -0.04272460937500000000 0 0 1 0 7 20 18 26 16 446 17 25 
20 4799 0.66772460937500000000 -0.04272460937500000000 0 0 1 0 8 23 21 29 19 17 25 18 26 
21 4800 0.67016601562500000000 -0.04028320312500000000 0 0 1 0 7 22 24 18 15 20 14 23 
22 4801 0.67260742187500000000 -0.04028320312500000000 0 0 1 0 7 33 14 35 21 23 15 24 
23 4802 0.67016601562500000000 -0.04272460937500000000 0 0 1 0 8 24 22 30 20 18 26 21 29 
24 4803 0.67260742187500000000 -0.04272460937500000000 0 0 1 0 8 35 33 41 23 21 29 22 30 
25 4804 0.66528320312500000000 -0.04516601562500000000 0 0 1 0 7 26 20 28 446 16 19 27 
26 4805 0.66772460937500000000 -0.04516601562500000000 0 0 1 0 8 29 23 31 25 19 27 20 28 
27 4806 0.66528320312500000000 -0.04760742187500000000 0 0 1 0 8 28 26 50 446 16 25 49 447 
28 4807 0.66772460937500000000 -0.04760742187500000000 0 0 1 0 8 31 29 53 27 25 49 26 50 
29 4808 0.67016601562500000000 -0.04516601562500000000 0 0 1 0 8 30 24 32 26 20 28 23 31 
30 4809 0.67260742187500000000 -0.04516601562500000000 0 0 1 0 8 41 35 43 29 23 31 24 32 
31 4810 0.67016601562500000000 -0.04760742187500000000 0 0 1 0 8 32 30 54 28 26 50 29 53 
32 4811 0.67260742187500000000 -0.04760742187500000000 0 0 1 0 8 43 41 65 31 29 53 30 54 
33 4812 0.67504882812500000000 -0.04028320312500000000 0 0 1 0 6 34 14 36 22 24 35 
34 4813 0.67749023437500000000 -0.04028320312500000000 0 0 1 0 6 37 39 33 14 35 36 
35 4814 0.67504882812500000000 -0.04272460937500000000 0 0 1 0 8 36 34 42 24 22 30 33 41 
36 4815 0.67749023437500000000 -0.04272460937500000000 0 0 1 0 8 39 37 45 35 33 41 34 42 
37 4816 0.67993164062500000000 -0.04028320312500000000 0 0 1 0 7 38 40 34 14 36 13 39 
38 4817 0.68237304687500000000 -0.04028320312500000000 0 0 1 0 7 81 13 83 37 39 14 40 
39 4818 0.67993164062500000000 -0.04272460937500000000 0 0 1 0 8 40 38 46 36 34 42 37 45 
40 4819 0.68237304687500000000 -0.04272460937500000000 0 0 1 0 8 83 81 89 39 37 45 38 46 
41 4820 0.67504882812500000000 -0.04516601562500000000 0 0 1 0 8 42 36 44 30 24 32 35 43 
42 4821 0.67749023437500000000 -0.04516601562500000000 0 0 1 0 8 45 39 47 41 35 43 36 44 
43 4822 0.67504882812500000000 -0.04760742187500000000 0 0 1 0 8 44 42 66 32 30 54 41 65 
44 4823 0.67749023437500000000 -0.04760742187500000000 0 0 1 0 8 47 45 69 43 41 65 42 66 
45 4824 0.67993164062500000000 -0.04516601562500000000 0 0 1 0 8 46 40 48 42 36 44 39 47 
46 4825 0.68237304687500000000 -0.04516601562500000000 0 0 1 0 8 89 83 91 45 39 47 40 48 
47 4826 0.67993164062500000000 -0.04760742187500000000 0 0 1 0 8 48 46 70 44 42 66 45 69 
48 4827 0.68237304687500000000 -0.04760742187500000000 0 0 1 0 8 91 89 113 47 45 69 46 70 
49 4828 0.66528320312500000000 -0.05004882812500000000 0 0 1 0 8 50 28 52 447 446 448 27 51 
50 4829 0.66772460937500000000 -0.05004882812500000000 0 0 1 0 8 53 31 55 49 27 51 28 52 
51 4830 0.66528320312500000000 -0.05249023437500000000 0 0 1 0 8 52 50 58 448 447 449 49 57 
52 4831 0.66772460937500000000 -0.05249023437500000000 0 0 1 0 8 55 53 61 51 49 57 50 58 
53 4832 0.67016601562500000000 -0.05004882812500000000 0 0 1 0 8 54 32 56 50 28 52 31 55 
54 4833 0.67260742187500000000 -0.05004882812500000000 0 0 1 0 8 65 43 67 53 31 55 32 56 
55 4834 0.67016601562500000000 -0.05249023437500000000 0 0 1 0 8 56 54 62 52 50 58 53 61 
56 4835 0.67260742187500000000 -0.05249023437500000000 0 0 1 0 8 67 65 73 55 53 61 54 62 
57 4836 0.66528320312500000000 -0.05493164062500000000 0 0 1 0 8 58 52 60 449 448 450 51 59 
58 4837 0.66772460937500000000 -0.05493164062500000000 0 0 1 0 8 61 55 63 57 51 59 52 60 
59 4838 0.66528320312500000000 -0.05737304687500000000 0 0 1 0 8 60 58 145 450 449 451 57 146 
60 4839 0.66772460937500000000 -0.05737304687500000000 0 0 1 0 8 63 61 146 59 57 145 58 451 
61 4840 0.67016601562500000000 -0.05493164062500000000 0 0 1 0 8 62 56 64 58 52 60 55 63 
62 4841 0.67260742187500000000 -0.05493164062500000000 0 0 1 0 8 73 67 75 61 55 63 56 64 
63 4842 0.67016601562500000000 -0.05737304687500000000 0 0 1 0 8 64 62 146 60 58 145 61 149 
64 4843 0.67260742187500000000 -0.05737304687500000000 0 0 1 0 8 75 73 149 63 61 146 62 145 
65 4844 0.67504882812500000000 -0.05004882812500000000 0 0 1 0 8 66 44 68 54 32 56 43 67 
66 4845 0.67749023437500000000 -0.05004882812500000000 0 0 1 0 8 69 47 71 65 43 67 44 68 
67 4846 0.67504882812500000000 -0.05249023437500000000 0 0 1 0 8 68 66 74 56 54 62 65 73 
68 4847 0.67749023437500000000 -0.05249023437500000000 0 0 1 0 8 71 69 77 67 65 73 66 74 
69 4848 0.67993164062500000000 -0.05004882812500000000 0 0 1 0 8 70 48 72 66 44 68 47 71 
70 4849 0.68237304687500000000 -0.05004882812500000000 0 0 1 0 8 113 91 115 69 47 71 48 72 
71 4850 0.67993164062500000000 -0.05249023437500000000 0 0 1 0 8 72 70 78 68 66 74 69 77 
72 4851 0.68237304687500000000 -0.05249023437500000000 0 0 1 0 8 115 113 121 71 69 77 70 78 
73 4852 0.67504882812500000000 -0.05493164062500000000 0 0 1 0 8 74 68 76 62 56 64 67 75 
74 4853 0.67749023437500000000 -0.05493164062500000000 0 0 1 0 8 77 71 79 73 67 75 68 76 
75 4854 0.67504882812500000000 -0.05737304687500000000 0 0 1 0 8 76 74 149 64 62 146 73 150 
76 4855 0.67749023437500000000 -0.05737304687500000000 0 0 1 0 8 79 77 150 75 73 149 74 146 
77 4856 0.67993164062500000000 -0.05493164062500000000 0 0 1 0 8 78 72 80 74 68 76 71 79 
78 4857 0.68237304687500000000 -0.05493164062500000000 0 0 1 0 8 121 115 123 77 71 79 72 80 
79 4858 0.67993164062500000000 -0.05737304687500000000 0 0 1 0 8 80 78 150 76 74 149 77 161 
80 4859 0.68237304687500000000 -0.05737304687500000000 0 0 1 0 8 123 121 161 79 77 150 78 149 
81 4860 0.68481445312500000000 -0.04028320312500000000 0 0 1 0 7 82 13 84 38 40 12 83 
82 4861 0.68725585937500000000 -0.04028320312500000000 0 0 1 0 7 85 12 87 81 13 83 84 
83 4862 0.68481445312500000000 -0.04272460937500000000 0 0 1 0 8 84 82 90 40 38 46 81 89 
84 4863 0.68725585937500000000 -0.04272460937500000000 0 0 1 0 8 87 85 93 83 81 89 82 90 
85 4864 0.68969726562500000000 -0.04028320312500000000 0 0 1 0 8 86 12 88 82 13 84 11 87 
86 4865 0.69213867187500000000 -0.04028320312500000000 0 0 1 0 8 97 11 99 85 12 87 13 88 
87 4866 0.68969726562500000000 -0.04272460937500000000 0 0 1 0 8 88 86 94 84 82 90 85 93 
88 4867 0.69213867187500000000 -0.04272460937500000000 0 0 1 0 8 99 97 105 87 85 93 86 94 
89 4868 0.68481445312500000000 -0.04516601562500000000 0 0 1 0 8 90 84 92 46 40 48 83 91 
90 4869 0.68725585937500000000 -0.04516601562500000000 0 0 1 0 8 93 87 95 89 83 91 84 92 
91 4870 0.68481445312500000000 -0.04760742187500000000 0 0 1 0 8 92 90 114 48 46 70 89 113 
92 4871 0.68725585937500000000 -0.04760742187500000000 0 0 1 0 8 95 93 117 91 89 113 90 114 
93 4872 0.68969726562500000000 -0.04516601562500000000 0 0 1 0 8 94 88 96 90 84 92 87 95 
94 4873 0.69213867187500000000 -0.04516601562500000000 0 0 1 0 8 105 99 107 93 87 95 88 96 
95 4874 0.68969726562500000000 -0.04760742187500000000 0 0 1 0 8 96 94 118 92 90 114 93 117 
96 4875 0.69213867187500000000 -0.04760742187500000000 0 0 1 0 8 107 105 129 95 93 117 94 118 
97 4876 0.69458007812500000000 -0.04028320312500000000 0 0 1 0 8 98 11 100 86 12 88 10 99 
98 4877 0.69702148437500000000 -0.04028320312500000000 0 0 1 0 8 101 10 103 97 11 99 12 100 
99 4878 0.69458007812500000000 -0.04272460937500000000 0 0 1 0 8 100 98 106 88 86 94 97 105 
100 4879 0.69702148437500000000 -0.04272460937500000000 0 0 1 0 8 103 101 109 99 97 105 98 106 
101 4880 0.69946289062500000000 -0.04028320312500000000 0 0 1 0 8 102 10 104 98 11 100 177 103 
102 4881 0.70190429687500000000 -0.04028320312500000000 0 0 1 0 8 201 177 203 101 10 103 11 104 
103 4882 0.69946289062500000000 -0.04272460937500000000 0 0 1 0 8 104 102 110 100 98 106 101 109 
104 4883 0.70190429687500000000 -0.04272460937500000000 0 0 1 0 8 201 177 203 103 101 109 102 110 
105 4884 0.69458007812500000000 -0.04516601562500000000 0 0 1 0 8 106 100 108 94 88 96 99 107 
106 4885 0.69702148437500000000 -0.04516601562500000000 0 0 1 0 8 109 103 111 105 99 107 100 108 
107 4886 0.69458007812500000000 -0.04760742187500000000 0 0 1 0 8 108 106 130 96 94 118 105 129 
108 4887 0.69702148437500000000 -0.04760742187500000000 0 0 1 0 8 111 109 133 107 105 129 106 130 
109 4888 0.69946289062500000000 -0.04516601562500000000 0 0 1 0 8 110 104 112 106 100 108 103 111 
110 4889 0.70190429687500000000 -0.04516601562500000000 0 0 1 0 8 203 201 209 109 103 111 104 112 
111 4890 0.69946289062500000000 -0.04760742187500000000 0 0 1 0 8 112 110 134 108 106 130 109 133 
112 4891 0.70190429687500000000 -0.04760742187500000000 0 0 1 0 8 203 201 209 111 109 133 110 134 
113 4892 0.68481445312500000000 -0.05004882812500000000 0 0 1 0 8 114 92 116 70 48 72 91 115 
114 4893 0.68725585937500000000 -0.05004882812500000000 0 0 1 0 8 117 95 119 113 91 115 92 116 
115 4894 0.68481445312500000000 -0.05249023437500000000 0 0 1 0 8 116 114 122 72 70 78 113 121 
116 4895 0.68725585937500000000 -0.05249023437500000000 0 0 1 0 8 119 117 125 115 113 121 114 122 
117 4896 0.68969726562500000000 -0.05004882812500000000 0 0 1 0 8 118 96 120 114 92 116 95 119 
118 4897 0.69213867187500000000 -0.05004882812500000000 0 0 1 0 8 129 107 131 117 95 119 96 120 
119 4898 0.68969726562500000000 -0.05249023437500000000 0 0 1 0 8 120 118 126 116 114 122 117 125 
120 4899 0.69213867187500000000 -0.05249023437500000000 0 0 1 0 8 131 129 137 119 117 125 118 126 
121 4900 0.68481445312500000000 -0.05493164062500000000 0 0 1 0 8 122 116 124 78 72 80 115 123 
122 4901 0.68725585937500000000 -0.05493164062500000000 0 0 1 0 8 125 119 127 121 115 123 116 124 
123 4902 0.68481445312500000000 -0.05737304687500000000 0 0 1 0 8 124 122 161 80 78 150 121 162 
124 4903 0.68725585937500000000 -0.05737304687500000000 0 0 1 0 8 127 125 162 123 121 161 122 150 
125 4904 0.68969726562500000000 -0.05493164062500000000 0 0 1 0 8 126 120 128 122 116 124 119 127 
126 4905 0.69213867187500000000 -0.05493164062500000000 0 0 1 0 8 137 131 139 125 119 127 120 128 
127 4906 0.68969726562500000000 -0.05737304687500000000 0 0 1 0 8 128 126 162 124 122 161 125 165 
128 4907 0.69213867187500000000 -0.05737304687500000000 0 0 1 0 8 139 137 165 127 125 162 126 161 
129 4908 0.69458007812500000000 -0.05004882812500000000 0 0 1 0 8 130 108 132 118 96 120 107 131 
130 4909 0.69702148437500000000 -0.05004882812500000000 0 0 1 0 8 133 111 135 129 107 131 108 132 
131 4910 0.69458007812500000000 -0.05249023437500000000 0 0 1 0 8 132 130 138 120 118 126 129 137 
132 4911 0.69702148437500000000 -0.05249023437500000000 0 0 1 0 8 135 133 141 131 129 137 130 138 
133 4912 0.69946289062500000000 -0.05004882812500000000 0 0 1 0 8 134 112 136 130 108 132 111 135 
134 4913 0.70190429687500000000 -0.05004882812500000000 0 0 1 0 8 209 203 211 133 111 135 112 136 
135 4914 0.69946289062500000000 -0.05249023437500000000 0 0 1 0 8 136 134 142 132 130 138 133 141 
136 4915 0.70190429687500000000 -0.05249023437500000000 0 0 1 0 8 209 203 211 135 133 141 134 142 
137 4916 0.69458007812500000000 -0.05493164062500000000 0 0 1 0 8 138 132 140 126 120 128 131 139 
138 4917 0.69702148437500000000 -0.05493164062500000000 0 0 1 0 8 141 135 143 137 131 139 132 140 
139 4918 0.69458007812500000000 -0.05737304687500000000 0 0 1 0 8 140 138 165 128 126 162 137 166 
140 4919 0.69702148437500000000 -0.05737304687500000000 0 0 1 0 8 143 141 166 139 137 165 138 162 
141 4920 0.69946289062500000000 -0.05493164062500000000 0 0 1 0 8 142 136 144 138 132 140 135 143 
142 4921 0.70190429687500000000 -0.05493164062500000000 0 0 1 0 8 211 209 233 141 135 143 136 144 
143 4922 0.69946289062500000000 -0.05737304687500000000 0 0 1 0 8 144 142 166 140 138 165 141 233 
144 4923 0.70190429687500000000 -0.05737304687500000000 0 0 1 0 8 211 209 233 143 141 166 142 165 
145 4924 0.66650390625000000000 -0.06103515625000000000 0 0 1 0 9 146 63 148 451 450 452 60 59 147 
146 4925 0.67138671875000000000 -0.06103515625000000000 0 0 1 0 9 149 75 151 145 60 147 64 63 148 
147 4926 0.66650390625000000000 -0.06591796875000000000 0 0 1 0 8 148 146 154 452 451 453 145 153 
148 4927 0.67138671875000000000 -0.06591796875000000000 0 0 1 0 8 151 149 157 147 145 153 146 154 
149 4928 0.67626953125000000000 -0.06103515625000000000 0 0 1 0 9 150 79 152 146 64 148 76 75 151 
150 4929 0.68115234375000000000 -0.06103515625000000000 0 0 1 0 9 161 123 163 149 76 151 80 79 152 
151 4930 0.67626953125000000000 -0.06591796875000000000 0 0 1 0 8 152 150 158 148 146 154 149 157 
152 4931 0.68115234375000000000 -0.06591796875000000000 0 0 1 0 8 163 161 169 151 149 157 150 158 
153 4932 0.66650390625000000000 -0.07080078125000000000 0 0 1 0 8 154 148 156 453 452 454 147 155 
154 4933 0.67138671875000000000 -0.07080078125000000000 0 0 1 0 8 157 151 159 153 147 155 148 156 
155 4934 0.66650390625000000000 -0.07568359375000000000 0 0 1 0 8 156 154 323 454 453 466 153 324 
156 4935 0.67138671875000000000 -0.07568359375000000000 0 0 1 0 8 159 157 324 155 153 323 154 466 
157 4936 0.67626953125000000000 -0.07080078125000000000 0 0 1 0 8 158 152 160 154 148 156 151 159 
158 4937 0.68115234375000000000 -0.07080078125000000000 0 0 1 0 8 169 163 171 157 151 159 152 160 
159 4938 0.67626953125000000000 -0.07568359375000000000 0 0 1 0 8 160 158 324 156 154 323 157 327 
160 4939 0.68115234375000000000 -0.07568359375000000000 0 0 1 0 8 171 169 327 159 157 324 158 323 
161 4940 0.68603515625000000000 -0.06103515625000000000 0 0 1 0 9 162 127 164 150 80 152 124 123 163 
162 4941 0.69091796875000000000 -0.06103515625000000000 0 0 1 0 9 165 139 167 161 124 163 128 127 164 
163 4942 0.68603515625000000000 -0.06591796875000000000 0 0 1 0 8 164 162 170 152 150 158 161 169 
164 4943 0.69091796875000000000 -0.06591796875000000000 0 0 1 0 8 167 165 173 163 161 169 162 170 
165 4944 0.69580078125000000000 -0.06103515625000000000 0 0 1 0 9 166 143 168 162 128 164 140 139 167 
166 4945 0.70068359375000000000 -0.06103515625000000000 0 0 1 0 9 233 211 235 165 140 167 144 143 168 
167 4946 0.69580078125000000000 -0.06591796875000000000 0 0 1 0 8 168 166 174 164 162 170 165 173 
168 4947 0.70068359375000000000 -0.06591796875000000000 0 0 1 0 8 235 233 241 167 165 173 166 174 
169 4948 0.68603515625000000000 -0.07080078125000000000 0 0 1 0 8 170 164 172 158 152 160 163 171 
170 4949 0.69091796875000000000 -0.07080078125000000000 0 0 1 0 8 173 167 175 169 163 171 164 172 
171 4950 0.68603515625000000000 -0.07568359375000000000 0 0 1 0 8 172 170 327 160 158 324 169 328 
172 4951 0.69091796875000000000 -0.07568359375000000000 0 0 1 0 8 175 173 328 171 169 327 170 324 
173 4952 0.69580078125000000000 -0.07080078125000000000 0 0 1 0 8 174 168 176 170 164 172 167 175 
174 4953 0.70068359375000000000 -0.07080078125000000000 0 0 1 0 8 241 235 243 173 167 175 168 176 
175 4954 0.69580078125000000000 -0.07568359375000000000 0 0 1 0 8 176 174 328 172 170 327 173 341 
176 4955 0.70068359375000000000 -0.07568359375000000000 0 0 1 0 8 243 241 341 175 173 328 174 327 
177 4956 0.70556640625000000000 -0.03662109375000000000 0 0 1 0 6 9 202 10 102 201 104 
178 4957 0.75927734375000000000 -0.03173828125000000000 0 0 1 0 8 181 3 183 189 4 179 180 191 
179 4958 0.75439453125000000000 -0.03662109375000000000 0 0 1 0 7 180 178 270 5 4 269 266 
180 4959 0.75927734375000000000 -0.03662109375000000000 0 0 1 0 9 189 183 191 281 179 4 269 178 270 
181 4960 0.76293945312500000000 -0.03051757812500000000 0 0 1 0 6 182 3 184 178 180 183 
182 4961 0.76538085937500000000 -0.03051757812500000000 0 0 1 0 7 185 2 187 181 3 183 184 
183 4962 0.76293945312500000000 -0.03295898437500000000 0 0 1 0 7 184 182 190 178 180 181 189 
184 4963 0.76538085937500000000 -0.03295898437500000000 0 0 1 0 8 187 185 193 183 181 189 182 190 
185 4964 0.76782226562500000000 -0.03051757812500000000 0 0 1 0 8 186 1 188 182 3 184 2 187 
186 4965 0.77026367187500000000 -0.03051757812500000000 0 0 1 0 7 197 198 185 2 187 1 188 
187 4966 0.76782226562500000000 -0.03295898437500000000 0 0 1 0 8 188 186 194 184 182 190 185 193 
188 4967 0.77026367187500000000 -0.03295898437500000000 0 0 1 0 8 198 197 199 187 185 193 186 194 
189 4968 0.76293945312500000000 -0.03540039062500000000 0 0 1 0 8 190 184 192 180 178 270 183 191 
190 4969 0.76538085937500000000 -0.03540039062500000000 0 0 1 0 8 193 187 195 189 183 191 184 192 
191 4970 0.76293945312500000000 -0.03784179687500000000 0 0 1 0 8 192 190 281 180 178 270 189 282 
192 4971 0.76538085937500000000 -0.03784179687500000000 0 0 1 0 8 195 193 282 191 189 281 190 270 
193 4972 0.76782226562500000000 -0.03540039062500000000 0 0 1 0 8 194 188 196 190 184 192 187 195 
194 4973 0.77026367187500000000 -0.03540039062500000000 0 0 1 0 8 199 198 200 193 187 195 188 196 
195 4974 0.76782226562500000000 -0.03784179687500000000 0 0 1 0 8 196 194 282 192 190 281 193 285 
196 4975 0.77026367187500000000 -0.03784179687500000000 0 0 1 0 8 200 199 285 195 193 282 194 281 
197 4976 0.77270507812500000000 -0.03051757812500000000 0 0 1 0 7 455 456 186 1 188 443 198 
198 4977 0.77270507812500000000 -0.03295898437500000000 0 0 1 0 8 456 455 457 188 186 194 197 199 
199 4978 0.77270507812500000000 -0.03540039062500000000 0 0 1 0 8 457 456 458 194 188 196 198 200 
200 4979 0.77270507812500000000 -0.03784179687500000000 0 0 1 0 8 458 457 285 196 194 282 199 460 
201 4980 0.70556640625000000000 -0.04150390625000000000 0 0 1 0 10 202 9 204 102 10 104 110 177 203 112 
202 4981 0.71044921875000000000 -0.04150390625000000000 0 0 1 0 8 205 8 207 201 177 203 9 204 
203 4982 0.70556640625000000000 -0.04638671875000000000 0 0 1 0 10 204 202 210 110 104 112 134 201 209 136 
204 4983 0.71044921875000000000 -0.04638671875000000000 0 0 1 0 8 207 205 213 203 201 209 202 210 
205 4984 0.71533203125000000000 -0.04150390625000000000 0 0 1 0 8 206 8 208 202 9 204 7 207 
206 4985 0.72021484375000000000 -0.04150390625000000000 0 0 1 0 7 217 7 219 205 8 207 208 
207 4986 0.71533203125000000000 -0.04638671875000000000 0 0 1 0 8 208 206 214 204 202 210 205 213 
208 4987 0.72021484375000000000 -0.04638671875000000000 0 0 1 0 8 219 217 225 207 205 213 206 214 
209 4988 0.70556640625000000000 -0.05126953125000000000 0 0 1 0 10 210 204 212 134 112 136 142 203 211 144 
210 4989 0.71044921875000000000 -0.05126953125000000000 0 0 1 0 8 213 207 215 209 203 211 204 212 
211 4990 0.70556640625000000000 -0.05615234375000000000 0 0 1 0 9 212 210 234 142 136 144 166 209 233 
212 4991 0.71044921875000000000 -0.05615234375000000000 0 0 1 0 8 215 213 237 211 209 233 210 234 
213 4992 0.71533203125000000000 -0.05126953125000000000 0 0 1 0 8 214 208 216 210 204 212 207 215 
214 4993 0.72021484375000000000 -0.05126953125000000000 0 0 1 0 8 225 219 227 213 207 215 208 216 
215 4994 0.71533203125000000000 -0.05615234375000000000 0 0 1 0 8 216 214 238 212 210 234 213 237 
216 4995 0.72021484375000000000 -0.05615234375000000000 0 0 1 0 8 227 225 249 215 213 237 214 238 
217 4996 0.72509765625000000000 -0.04150390625000000000 0 0 1 0 8 218 7 220 206 8 208 6 219 
218 4997 0.72998046875000000000 -0.04150390625000000000 0 0 1 0 8 221 6 223 217 7 219 8 220 
219 4998 0.72509765625000000000 -0.04638671875000000000 0 0 1 0 8 220 218 226 208 206 214 217 225 
220 4999 0.72998046875000000000 -0.04638671875000000000 0 0 1 0 8 223 221 229 219 217 225 218 226 
221 5000 0.73486328125000000000 -0.04150390625000000000 0 0 1 0 8 222 6 224 218 7 220 5 223 
222 5001 0.73974609375000000000 -0.04150390625000000000 0 0 1 0 8 265 5 267 221 6 223 7 224 
223 5002 0.73486328125000000000 -0.04638671875000000000 0 0 1 0 8 224 222 230 220 218 226 221 229 
224 5003 0.73974609375000000000 -0.04638671875000000000 0 0 1 0 8 267 265 273 223 221 229 222 230 
225 5004 0.72509765625000000000 -0.05126953125000000000 0 0 1 0 8 226 220 228 214 208 216 219 227 
226 5005 0.72998046875000000000 -0.05126953125000000000 0 0 1 0 8 229 223 231 225 219 227 220 228 
227 5006 0.72509765625000000000 -0.05615234375000000000 0 0 1 0 8 228 226 250 216 214 238 225 249 
228 5007 0.72998046875000000000 -0.05615234375000000000 0 0 1 0 8 231 229 253 227 225 249 226 250 
229 5008 0.73486328125000000000 -0.05126953125000000000 0 0 1 0 8 230 224 232 226 220 228 223 231 
230 5009 0.73974609375000000000 -0.05126953125000000000 0 0 1 0 8 273 267 275 229 223 231 224 232 
231 5010 0.73486328125000000000 -0.05615234375000000000 0 0 1 0 8 232 230 254 228 226 250 229 253 
232 5011 0.73974609375000000000 -0.05615234375000000000 0 0 1 0 8 275 273 293 231 229 253 230 254 
233 5012 0.70556640625000000000 -0.06103515625000000000 0 0 1 0 8 234 212 236 166 144 168 211 235 
234 5013 0.71044921875000000000 -0.06103515625000000000 0 0 1 0 8 237 215 239 233 211 235 212 236 
235 5014 0.70556640625000000000 -0.06591796875000000000 0 0 1 0 8 236 234 242 168 166 174 233 241 
236 5015 0.71044921875000000000 -0.06591796875000000000 0 0 1 0 8 239 237 245 235 233 241 234 242 
237 5016 0.71533203125000000000 -0.06103515625000000000 0 0 1 0 8 238 216 240 234 212 236 215 239 
238 5017 0.72021484375000000000 -0.06103515625000000000 0 0 1 0 8 249 227 251 237 215 239 216 240 
239 5018 0.71533203125000000000 -0.06591796875000000000 0 0 1 0 8 240 238 246 236 234 242 237 245 
240 5019 0.72021484375000000000 -0.06591796875000000000 0 0 1 0 8 251 249 257 239 237 245 238 246 
241 5020 0.70556640625000000000 -0.07080078125000000000 0 0 1 0 8 242 236 244 174 168 176 235 243 
242 5021 0.71044921875000000000 -0.07080078125000000000 0 0 1 0 8 245 239 247 241 235 243 236 244 
243 5022 0.70556640625000000000 -0.07568359375000000000 0 0 1 0 8 244 242 341 176 174 328 241 342 
244 5023 0.71044921875000000000 -0.07568359375000000000 0 0 1 0 8 247 245 342 243 241 341 242 328 
245 5024 0.71533203125000000000 -0.07080078125000000000 0 0 1 0 8 246 240 248 242 236 244 239 247 
246 5025 0.72021484375000000000 -0.07080078125000000000 0 0 1 0 8 257 251 259 245 239 247 240 248 
247 5026 0.71533203125000000000 -0.07568359375000000000 0 0 1 0 8 248 246 342 244 242 341 245 345 
248 5027 0.72021484375000000000 -0.07568359375000000000 0 0 1 0 8 259 257 345 247 245 342 246 341 
249 5028 0.72509765625000000000 -0.06103515625000000000 0 0 1 0 8 250 228 252 238 216 240 227 251 
250 5029 0.72998046875000000000 -0.06103515625000000000 0 0 1 0 8 253 231 255 249 227 251 228 252 
251 5030 0.72509765625000000000 -0.06591796875000000000 0 0 1 0 8 252 250 258 240 238 246 249 257 
252 5031 0.72998046875000000000 -0.06591796875000000000 0 0 1 0 8 255 253 261 251 249 257 250 258 
253 5032 0.73486328125000000000 -0.06103515625000000000 0 0 1 0 8 254 232 256 250 228 252 231 255 
254 5033 0.73974609375000000000 -0.06103515625000000000 0 0 1 0 8 293 275 295 253 231 255 232 256 
255 5034 0.73486328125000000000 -0.06591796875000000000 0 0 1 0 8 256 254 262 252 250 258 253 261 
256 5035 0.73974609375000000000 -0.06591796875000000000 0 0 1 0 8 295 293 301 255 253 261 254 262 
257 5036 0.72509765625000000000 -0.07080078125000000000 0 0 1 0 8 258 252 260 246 240 248 251 259 
258 5037 0.72998046875000000000 -0.07080078125000000000 0 0 1 0 8 261 255 263 257 251 259 252 260 
259 5038 0.72509765625000000000 -0.07568359375000000000 0 0 1 0 8 260 258 345 248 246 342 257 346 
260 5039 0.72998046875000000000 -0.07568359375000000000 0 0 1 0 8 263 261 346 259 257 345 258 342 
261 5040 0.73486328125000000000 -0.07080078125000000000 0 0 1 0 8 262 256 264 258 252 260 255 263 
262 5041 0.73974609375000000000 -0.07080078125000000000 0 0 1 0 8 301 295 303 261 255 263 256 264 
263 5042 0.73486328125000000000 -0.07568359375000000000 0 0 1 0 8 264 262 346 260 258 345 261 357 
264 5043 0.73974609375000000000 -0.07568359375000000000 0 0 1 0 8 303 301 357 263 261 346 262 345 
265 5044 0.74462890625000000000 -0.04150390625000000000 0 0 1 0 7 266 5 268 222 6 224 267 
266 5045 0.74951171875000000000 -0.04150390625000000000 0 0 1 0 8 269 179 271 265 5 267 6 268 
267 5046 0.74462890625000000000 -0.04638671875000000000 0 0 1 0 8 268 266 274 224 222 230 265 273 
268 5047 0.74951171875000000000 -0.04638671875000000000 0 0 1 0 8 271 269 277 267 265 273 266 274 
269 5048 0.75439453125000000000 -0.04150390625000000000 0 0 1 0 8 270 180 272 266 5 268 179 271 
270 5049 0.75927734375000000000 -0.04150390625000000000 0 0 1 0 8 281 191 283 269 179 271 180 272 
271 5050 0.75439453125000000000 -0.04638671875000000000 0 0 1 0 8 272 270 278 268 266 274 269 277 
272 5051 0.75927734375000000000 -0.04638671875000000000 0 0 1 0 8 283 281 287 271 269 277 270 278 
273 5052 0.74462890625000000000 -0.05126953125000000000 0 0 1 0 8 274 268 276 230 224 232 267 275 
274 5053 0.74951171875000000000 -0.05126953125000000000 0 0 1 0 8 277 271 279 273 267 275 268 276 
275 5054 0.74462890625000000000 -0.05615234375000000000 0 0 1 0 8 276 274 294 232 230 254 273 293 
276 5055 0.74951171875000000000 -0.05615234375000000000 0 0 1 0 8 279 277 297 275 273 293 274 294 
277 5056 0.75439453125000000000 -0.05126953125000000000 0 0 1 0 8 278 272 280 274 268 276 271 279 
278 5057 0.75927734375000000000 -0.05126953125000000000 0 0 1 0 8 287 283 289 277 271 279 272 280 
279 5058 0.75439453125000000000 -0.05615234375000000000 0 0 1 0 8 280 278 298 276 274 294 277 297 
280 5059 0.75927734375000000000 -0.05615234375000000000 0 0 1 0 8 289 287 309 279 277 297 278 298 
281 5060 0.76416015625000000000 -0.04150390625000000000 0 0 1 0 9 282 195 284 270 180 272 192 191 283 
282 5061 0.76904296875000000000 -0.04150390625000000000 0 0 1 0 9 285 200 286 281 192 283 196 195 284 
283 5062 0.76416015625000000000 -0.04638671875000000000 0 0 1 0 8 284 282 288 272 270 278 281 287 
284 5063 0.76904296875000000000 -0.04638671875000000000 0 0 1 0 8 286 285 291 283 281 287 282 288 
285 5064 0.77392578125000000000 -0.04150390625000000000 0 0 1 0 9 460 459 461 282 196 284 458 200 286 
286 5065 0.77392578125000000000 -0.04638671875000000000 0 0 1 0 8 461 460 462 284 282 288 285 291 
287 5066 0.76416015625000000000 -0.05126953125000000000 0 0 1 0 8 288 284 290 278 272 280 283 289 
288 5067 0.76904296875000000000 -0.05126953125000000000 0 0 1 0 8 291 286 292 287 283 289 284 290 
289 5068 0.76416015625000000000 -0.05615234375000000000 0 0 1 0 8 290 288 310 280 278 298 287 309 
290 5069 0.76904296875000000000 -0.05615234375000000000 0 0 1 0 8 292 291 313 289 287 309 288 310 
291 5070 0.77392578125000000000 -0.05126953125000000000 0 0 1 0 8 462 461 463 288 284 290 286 292 
292 5071 0.77392578125000000000 -0.05615234375000000000 0 0 1 0 8 463 462 464 290 288 310 291 313 
293 5072 0.74462890625000000000 -0.06103515625000000000 0 0 1 0 8 294 276 296 254 232 256 275 295 
294 5073 0.74951171875000000000 -0.06103515625000000000 0 0 1 0 8 297 279 299 293 275 295 276 296 
295 5074 0.74462890625000000000 -0.06591796875000000000 0 0 1 0 8 296 294 302 256 254 262 293 301 
296 5075 0.74951171875000000000 -0.06591796875000000000 0 0 1 0 8 299 297 305 295 293 301 294 302 
297 5076 0.75439453125000000000 -0.06103515625000000000 0 0 1 0 8 298 280 300 294 276 296 279 299 
298 5077 0.75927734375000000000 -0.06103515625000000000 0 0 1 0 8 309 289 311 297 279 299 280 300 
299 5078 0.75439453125000000000 -0.06591796875000000000 0 0 1 0 8 300 298 306 296 294 302 297 305 
300 5079 0.75927734375000000000 -0.06591796875000000000 0 0 1 0 8 311 309 315 299 297 305 298 306 
301 5080 0.74462890625000000000 -0.07080078125000000000 0 0 1 0 8 302 296 304 262 256 264 295 303 
302 5081 0.74951171875000000000 -0.07080078125000000000 0 0 1 0 8 305 299 307 301 295 303 296 304 
303 5082 0.74462890625000000000 -0.07568359375000000000 0 0 1 0 8 304 302 357 264 262 346 301 358 
304 5083 0.74951171875000000000 -0.07568359375000000000 0 0 1 0 8 307 305 358 303 301 357 302 346 
305 5084 0.75439453125000000000 -0.07080078125000000000 0 0 1 0 8 306 300 308 302 296 304 299 307 
306 5085 0.75927734375000000000 -0.07080078125000000000 0 0 1 0 8 315 311 317 305 299 307 300 308 
307 5086 0.75439453125000000000 -0.07568359375000000000 0 0 1 0 8 308 306 358 304 302 357 305 361 
308 5087 0.75927734375000000000 -0.07568359375000000000 0 0 1 0 8 317 315 361 307 305 358 306 357 
309 5088 0.76416015625000000000 -0.06103515625000000000 0 0 1 0 8 310 290 312 298 280 300 289 311 
310 5089 0.76904296875000000000 -0.06103515625000000000 0 0 1 0 8 313 292 314 309 289 311 290 312 
311 5090 0.76416015625000000000 -0.06591796875000000000 0 0 1 0 8 312 310 316 300 298 306 309 315 
312 5091 0.76904296875000000000 -0.06591796875000000000 0 0 1 0 8 314 313 319 311 309 315 310 316 
313 5092 0.77392578125000000000 -0.06103515625000000000 0 0 1 0 8 464 463 465 310 290 312 292 314 
314 5093 0.77392578125000000000 -0.06591796875000000000 0 0 1 0 8 465 464 320 312 310 316 313 319 
315 5094 0.76416015625000000000 -0.07080078125000000000 0 0 1 0 8 316 312 318 306 300 308 311 317 
316 5095 0.76904296875000000000 -0.07080078125000000000 0 0 1 0 8 319 314 321 315 311 317 312 318 
317 5096 0.76416015625000000000 -0.07568359375000000000 0 0 1 0 8 318 316 361 308 306 358 315 362 
318 5097 0.76904296875000000000 -0.07568359375000000000 0 0 1 0 8 321 319 362 317 315 361 316 358 
319 5098 0.77392578125000000000 -0.07080078125000000000 0 0 1 0 8 320 465 322 316 312 318 314 321 
320 5099 0.77880859375000000000 -0.07080078125000000000 0 0 1 0 8 480 479 404 319 314 321 465 322 
321 5100 0.77392578125000000000 -0.07568359375000000000 0 0 1 0 8 322 320 362 318 316 361 319 405 
322 5101 0.77880859375000000000 -0.07568359375000000000 0 0 1 0 8 404 480 405 321 319 362 320 361 
323 5102 0.66894531250000000000 -0.08300781250000000000 0 0 1 0 9 324 159 326 466 454 467 156 155 325 
324 5103 0.67871093750000000000 -0.08300781250000000000 0 0 1 0 9 327 171 329 323 156 325 160 159 326 
325 5104 0.66894531250000000000 -0.09277343750000000000 0 0 1 0 8 326 324 332 467 466 468 323 331 
326 5105 0.67871093750000000000 -0.09277343750000000000 0 0 1 0 8 329 327 334 325 323 331 324 332 
327 5106 0.68847656250000000000 -0.08300781250000000000 0 0 1 0 9 328 175 330 324 160 326 172 171 329 
328 5107 0.69824218750000000000 -0.08300781250000000000 0 0 1 0 9 341 243 343 327 172 329 176 175 330 
329 5108 0.68847656250000000000 -0.09277343750000000000 0 0 1 0 8 330 328 335 326 324 332 327 334 
330 5109 0.69824218750000000000 -0.09277343750000000000 0 0 1 0 8 343 341 349 329 327 334 328 335 
331 5110 0.66894531250000000000 -0.10253906250000000000 0 0 1 0 8 332 326 333 468 467 469 325 470 
332 5111 0.67871093750000000000 -0.10253906250000000000 0 0 1 0 8 334 329 336 331 325 470 326 333 
333 5112 0.67871093750000000000 -0.11230468750000000000 0 0 1 0 8 336 334 338 470 331 471 332 472 
334 5113 0.68847656250000000000 -0.10253906250000000000 0 0 1 0 8 335 330 337 332 326 333 329 336 
335 5114 0.69824218750000000000 -0.10253906250000000000 0 0 1 0 8 349 343 351 334 329 336 330 337 
336 5115 0.68847656250000000000 -0.11230468750000000000 0 0 1 0 8 337 335 339 333 332 472 334 338 
337 5116 0.69824218750000000000 -0.11230468750000000000 0 0 1 0 8 351 349 373 336 334 338 335 339 
338 5117 0.68847656250000000000 -0.12207031250000000000 0 0 1 0 8 339 337 340 472 333 473 336 474 
339 5118 0.69824218750000000000 -0.12207031250000000000 0 0 1 0 8 373 351 375 338 336 474 337 340 
340 5119 0.69824218750000000000 -0.13183593750000000000 0 0 1 0 8 375 373 381 474 338 475 339 476 
341 5120 0.70800781250000000000 -0.08300781250000000000 0 0 1 0 9 342 247 344 328 176 330 244 243 343 
342 5121 0.71777343750000000000 -0.08300781250000000000 0 0 1 0 9 345 259 347 341 244 343 248 247 344 
343 5122 0.70800781250000000000 -0.09277343750000000000 0 0 1 0 8 344 342 350 330 328 335 341 349 
344 5123 0.71777343750000000000 -0.09277343750000000000 0 0 1 0 8 347 345 353 343 341 349 342 350 
345 5124 0.72753906250000000000 -0.08300781250000000000 0 0 1 0 9 346 263 348 342 248 344 260 259 347 
346 5125 0.73730468750000000000 -0.08300781250000000000 0 0 1 0 9 357 303 359 345 260 347 264 263 348 
347 5126 0.72753906250000000000 -0.09277343750000000000 0 0 1 0 8 348 346 354 344 342 350 345 353 
348 5127 0.73730468750000000000 -0.09277343750000000000 0 0 1 0 8 359 357 365 347 345 353 346 354 
349 5128 0.70800781250000000000 -0.10253906250000000000 0 0 1 0 8 350 344 352 335 330 337 343 351 
350 5129 0.71777343750000000000 -0.10253906250000000000 0 0 1 0 8 353 347 355 349 343 351 344 352 
351 5130 0.70800781250000000000 -0.11230468750000000000 0 0 1 0 8 352 350 374 337 335 339 349 373 
352 5131 0.71777343750000000000 -0.11230468750000000000 0 0 1 0 8 355 353 377 351 349 373 350 374 
353 5132 0.72753906250000000000 -0.10253906250000000000 0 0 1 0 8 354 348 356 350 344 352 347 355 
354 5133 0.73730468750000000000 -0.10253906250000000000 0 0 1 0 8 365 359 367 353 347 355 348 356 
355 5134 0.72753906250000000000 -0.11230468750000000000 0 0 1 0 8 356 354 378 352 350 374 353 377 
356 5135 0.73730468750000000000 -0.11230468750000000000 0 0 1 0 8 367 365 388 355 353 377 354 378 
357 5136 0.74707031250000000000 -0.08300781250000000000 0 0 1 0 9 358 307 360 346 264 348 304 303 359 
358 5137 0.75683593750000000000 -0.08300781250000000000 0 0 1 0 9 361 317 363 357 304 359 308 307 360 
359 5138 0.74707031250000000000 -0.09277343750000000000 0 0 1 0 8 360 358 366 348 346 354 357 365 
360 5139 0.75683593750000000000 -0.09277343750000000000 0 0 1 0 8 363 361 369 359 357 365 358 366 
361 5140 0.76660156250000000000 -0.08300781250000000000 0 0 1 0 9 362 321 364 358 308 360 318 317 363 
362 5141 0.77636718750000000000 -0.08300781250000000000 0 0 1 0 9 405 404 406 361 318 363 322 321 364 
363 5142 0.76660156250000000000 -0.09277343750000000000 0 0 1 0 8 364 362 370 360 358 366 361 369 
364 5143 0.77636718750000000000 -0.09277343750000000000 0 0 1 0 8 406 405 408 363 361 369 362 370 
365 5144 0.74707031250000000000 -0.10253906250000000000 0 0 1 0 8 366 360 368 354 348 356 359 367 
366 5145 0.75683593750000000000 -0.10253906250000000000 0 0 1 0 8 369 363 371 365 359 367 360 368 
367 5146 0.74707031250000000000 -0.11230468750000000000 0 0 1 0 8 368 366 389 356 354 378 365 388 
368 5147 0.75683593750000000000 -0.11230468750000000000 0 0 1 0 8 371 369 392 367 365 388 366 389 
369 5148 0.76660156250000000000 -0.10253906250000000000 0 0 1 0 8 370 364 372 366 360 368 363 371 
370 5149 0.77636718750000000000 -0.10253906250000000000 0 0 1 0 8 408 406 410 369 363 371 364 372 
371 5150 0.76660156250000000000 -0.11230468750000000000 0 0 1 0 8 372 370 393 368 366 389 369 392 
372 5151 0.77636718750000000000 -0.11230468750000000000 0 0 1 0 8 410 408 415 371 369 392 370 393 
373 5152 0.70800781250000000000 -0.12207031250000000000 0 0 1 0 8 374 352 376 339 337 340 351 375 
374 5153 0.71777343750000000000 -0.12207031250000000000 0 0 1 0 8 377 355 379 373 351 375 352 376 
375 5154 0.70800781250000000000 -0.13183593750000000000 0 0 1 0 8 376 374 382 340 339 476 373 381 
376 5155 0.71777343750000000000 -0.13183593750000000000 0 0 1 0 8 379 377 384 375 373 381 374 382 
377 5156 0.72753906250000000000 -0.12207031250000000000 0 0 1 0 8 378 356 380 374 352 376 355 379 
378 5157 0.73730468750000000000 -0.12207031250000000000 0 0 1 0 8 388 367 390 377 355 379 356 380 
379 5158 0.72753906250000000000 -0.13183593750000000000 0 0 1 0 8 380 378 385 376 374 382 377 384 
380 5159 0.73730468750000000000 -0.13183593750000000000 0 0 1 0 8 390 388 396 379 377 384 378 385 
381 5160 0.70800781250000000000 -0.14160156250000000000 0 0 1 0 8 382 376 383 476 340 477 375 478 
382 5161 0.71777343750000000000 -0.14160156250000000000 0 0 1 0 8 384 379 386 381 375 478 376 383 
383 5162 0.71777343750000000000 -0.15136718750000000000 0 0 1 0 8 386 384 438 478 381 498 382 497 
384 5163 0.72753906250000000000 -0.14160156250000000000 0 0 1 0 8 385 380 387 382 376 383 379 386 
385 5164 0.73730468750000000000 -0.14160156250000000000 0 0 1 0 8 396 390 398 384 379 386 380 387 
386 5165 0.72753906250000000000 -0.15136718750000000000 0 0 1 0 8 387 385 438 383 382 498 384 439 
387 5166 0.73730468750000000000 -0.15136718750000000000 0 0 1 0 8 398 396 439 386 384 438 385 498 
388 5167 0.74707031250000000000 -0.12207031250000000000 0 0 1 0 8 389 368 391 378 356 380 367 390 
389 5168 0.75683593750000000000 -0.12207031250000000000 0 0 1 0 8 392 371 394 388 367 390 368 391 
390 5169 0.74707031250000000000 -0.13183593750000000000 0 0 1 0 8 391 389 397 380 378 385 388 396 
391 5170 0.75683593750000000000 -0.13183593750000000000 0 0 1 0 8 394 392 400 390 388 396 389 397 
392 5171 0.76660156250000000000 -0.12207031250000000000 0 0 1 0 8 393 372 395 389 368 391 371 394 
393 5172 0.77636718750000000000 -0.12207031250000000000 0 0 1 0 8 415 410 417 392 371 394 372 395 
394 5173 0.76660156250000000000 -0.13183593750000000000 0 0 1 0 8 395 393 401 391 389 397 392 400 
395 5174 0.77636718750000000000 -0.13183593750000000000 0 0 1 0 8 417 415 423 394 392 400 393 401 
396 5175 0.74707031250000000000 -0.14160156250000000000 0 0 1 0 8 397 391 399 385 380 387 390 398 
397 5176 0.75683593750000000000 -0.14160156250000000000 0 0 1 0 8 400 394 402 396 390 398 391 399 
398 5177 0.74707031250000000000 -0.15136718750000000000 0 0 1 0 8 399 397 439 387 385 438 396 440 
399 5178 0.75683593750000000000 -0.15136718750000000000 0 0 1 0 8 402 400 440 398 396 439 397 438 
400 5179 0.76660156250000000000 -0.14160156250000000000 0 0 1 0 8 401 395 403 397 391 399 394 402 
401 5180 0.77636718750000000000 -0.14160156250000000000 0 0 1 0 8 423 417 425 400 394 402 395 403 
402 5181 0.76660156250000000000 -0.15136718750000000000 0 0 1 0 8 403 401 440 399 397 439 400 441 
403 5182 0.77636718750000000000 -0.15136718750000000000 0 0 1 0 8 425 423 441 402 400 440 401 439 
404 5183 0.78369140625000000000 -0.07568359375000000000 0 0 1 0 8 482 481 405 322 320 362 480 484 
405 5184 0.78613281250000000000 -0.08300781250000000000 0 0 1 0 9 484 483 407 362 322 364 482 404 406 
406 5185 0.78613281250000000000 -0.09277343750000000000 0 0 1 0 8 407 484 409 364 362 370 405 408 
407 5186 0.79589843750000000000 -0.09277343750000000000 0 0 1 0 8 486 485 412 406 405 408 484 409 
408 5187 0.78613281250000000000 -0.10253906250000000000 0 0 1 0 8 409 407 411 370 364 372 406 410 
409 5188 0.79589843750000000000 -0.10253906250000000000 0 0 1 0 8 412 486 413 408 406 410 407 411 
410 5189 0.78613281250000000000 -0.11230468750000000000 0 0 1 0 8 411 409 416 372 370 393 408 415 
411 5190 0.79589843750000000000 -0.11230468750000000000 0 0 1 0 8 413 412 419 410 408 415 409 416 
412 5191 0.80566406250000000000 -0.10253906250000000000 0 0 1 0 8 488 487 414 409 407 411 486 413 
413 5192 0.80566406250000000000 -0.11230468750000000000 0 0 1 0 8 414 488 420 411 409 416 412 419 
414 5193 0.81542968750000000000 -0.11230468750000000000 0 0 1 0 8 490 489 431 413 412 419 488 420 
415 5194 0.78613281250000000000 -0.12207031250000000000 0 0 1 0 8 416 411 418 393 372 395 410 417 
416 5195 0.79589843750000000000 -0.12207031250000000000 0 0 1 0 8 419 413 421 415 410 417 411 418 
417 5196 0.78613281250000000000 -0.13183593750000000000 0 0 1 0 8 418 416 424 395 393 401 415 423 
418 5197 0.79589843750000000000 -0.13183593750000000000 0 0 1 0 8 421 419 427 417 415 423 416 424 
419 5198 0.80566406250000000000 -0.12207031250000000000 0 0 1 0 8 420 414 422 416 411 418 413 421 
420 5199 0.81542968750000000000 -0.12207031250000000000 0 0 1 0 8 431 490 432 419 413 421 414 422 
421 5200 0.80566406250000000000 -0.13183593750000000000 0 0 1 0 8 422 420 428 418 416 424 419 427 
422 5201 0.81542968750000000000 -0.13183593750000000000 0 0 1 0 8 432 431 434 421 419 427 420 428 
423 5202 0.78613281250000000000 -0.14160156250000000000 0 0 1 0 8 424 418 426 401 395 403 417 425 
424 5203 0.79589843750000000000 -0.14160156250000000000 0 0 1 0 8 427 421 429 423 417 425 418 426 
425 5204 0.78613281250000000000 -0.15136718750000000000 0 0 1 0 8 426 424 441 403 401 440 423 442 
426 5205 0.79589843750000000000 -0.15136718750000000000 0 0 1 0 8 429 427 442 425 423 441 424 440 
427 5206 0.80566406250000000000 -0.14160156250000000000 0 0 1 0 8 428 422 430 424 418 426 421 429 
428 5207 0.81542968750000000000 -0.14160156250000000000 0 0 1 0 8 434 432 436 427 421 429 422 430 
429 5208 0.80566406250000000000 -0.15136718750000000000 0 0 1 0 8 430 428 442 426 424 441 427 505 
430 5209 0.81542968750000000000 -0.15136718750000000000 0 0 1 0 8 436 434 505 429 427 442 428 441 
431 5210 0.82519531250000000000 -0.12207031250000000000 0 0 1 0 8 492 491 433 420 414 422 490 432 
432 5211 0.82519531250000000000 -0.13183593750000000000 0 0 1 0 8 433 492 435 422 420 428 431 434 
433 5212 0.83496093750000000000 -0.13183593750000000000 0 0 1 0 8 494 493 495 432 431 434 492 435 
434 5213 0.82519531250000000000 -0.14160156250000000000 0 0 1 0 8 435 433 437 428 422 430 432 436 
435 5214 0.83496093750000000000 -0.14160156250000000000 0 0 1 0 8 495 494 496 434 432 436 433 437 
436 5215 0.82519531250000000000 -0.15136718750000000000 0 0 1 0 8 437 435 505 430 428 442 434 506 
437 5216 0.83496093750000000000 -0.15136718750000000000 0 0 1 0 8 496 495 506 436 434 505 435 442 
438 5217 0.73242187500000000000 -0.16601562500000000000 0 0 1 0 9 439 398 501 498 383 499 387 386 500 
439 5218 0.75195312500000000000 -0.16601562500000000000 0 0 1 0 9 440 402 502 438 387 500 399 398 501 
440 5219 0.77148437500000000000 -0.16601562500000000000 0 0 1 0 9 441 425 503 439 399 501 403 402 502 
441 5220 0.79101562500000000000 -0.16601562500000000000 0 0 1 0 9 442 429 504 440 403 502 426 425 503 
442 5221 0.81054687500000000000 -0.16601562500000000000 0 0 1 0 9 505 436 507 441 426 503 430 429 504 
