421 3074 0.65636888999999998262 0.03985639199999999743 
422 3904 0.78712216000000001515 0.02663880399999999857 
423 3372 0.66894531250000000000 0.12207031250000000000 
424 4087 0.67871093750000000000 0.12207031250000000000 
425 4090 0.68847656250000000000 0.12207031250000000000 
426 4091 0.69824218750000000000 0.12207031250000000000 
427 3378 0.65917968750000000000 0.11230468750000000000 
428 3380 0.65917968750000000000 0.10253906250000000000 
429 3386 0.65917968750000000000 0.09277343750000000000 
430 3388 0.65917968750000000000 0.08300781250000000000 
431 3389 0.66894531250000000000 0.11230468750000000000 
432 4102 0.70800781250000000000 0.12207031250000000000 
433 4103 0.71777343750000000000 0.12207031250000000000 
434 4106 0.72753906250000000000 0.12207031250000000000 
435 4124 0.72753906250000000000 0.11230468750000000000 
436 4125 0.73730468750000000000 0.11230468750000000000 
437 4126 0.74707031250000000000 0.11230468750000000000 
438 4127 0.75683593750000000000 0.11230468750000000000 
439 4128 0.76660156250000000000 0.11230468750000000000 
440 4130 0.76660156250000000000 0.10253906250000000000 
441 4131 0.77636718750000000000 0.10253906250000000000 
442 4132 0.77636718750000000000 0.09277343750000000000 
443 3411 0.66162109375000000000 0.07568359375000000000 
444 3412 0.65673828125000000000 0.07080078125000000000 
445 3413 0.66162109375000000000 0.07080078125000000000 
446 3418 0.65673828125000000000 0.06591796875000000000 
447 3419 0.65673828125000000000 0.06103515625000000000 
448 3473 0.65795898437500000000 0.05737304687500000000 
449 3475 0.65795898437500000000 0.05493164062500000000 
450 3477 0.65795898437500000000 0.05249023437500000000 
451 3479 0.65795898437500000000 0.05004882812500000000 
452 3483 0.65673828125000000000 0.04638671875000000000 
453 4172 0.78613281250000000000 0.09277343750000000000 
454 4174 0.78613281250000000000 0.08300781250000000000 
455 4175 0.79589843750000000000 0.08300781250000000000 
456 4186 0.78857421875000000000 0.07568359375000000000 
457 4187 0.79345703125000000000 0.07568359375000000000 
458 4189 0.79345703125000000000 0.07080078125000000000 
459 4191 0.79345703125000000000 0.06591796875000000000 
460 4193 0.79345703125000000000 0.06103515625000000000 
461 4207 0.79345703125000000000 0.05615234375000000000 
462 4209 0.79345703125000000000 0.05126953125000000000 
463 4211 0.79345703125000000000 0.04638671875000000000 
464 4212 0.79833984375000000000 0.04638671875000000000 
465 4213 0.79833984375000000000 0.04150390625000000000 
466 4227 0.78979492187500000000 0.03295898437500000000 
467 4228 0.78735351562500000000 0.03051757812500000000 
468 4229 0.78979492187500000000 0.03051757812500000000 
469 4230 0.79467773437500000000 0.03784179687500000000 
470 4231 0.79223632812500000000 0.03540039062500000000 
471 4232 0.79467773437500000000 0.03540039062500000000 
472 4233 0.79711914062500000000 0.03784179687500000000 
473 4235 0.79711914062500000000 0.03540039062500000000 
474 4237 0.79223632812500000000 0.03295898437500000000 
