433 7334 1.38671875000000000000 0.05859375000000000000 
434 7335 1.34765625000000000000 0.01953125000000000000 
435 7336 1.38671875000000000000 0.01953125000000000000 
436 16428 1.42578125000000000000 0.05859375000000000000 
437 16429 1.46484375000000000000 0.05859375000000000000 
438 16430 1.46484375000000000000 0.01953125000000000000 
439 16433 1.50390625000000000000 0.01953125000000000000 
440 16434 1.54296875000000000000 0.01953125000000000000 
441 16445 1.60156250000000000000 0.03906250000000000000 
442 16446 1.67968750000000000000 0.03906250000000000000 
443 16449 1.75781250000000000000 0.03906250000000000000 
444 16450 1.83593750000000000000 0.03906250000000000000 
445 16461 1.95312500000000000000 0.07812500000000000000 
446 16462 2.10937500000000000000 0.07812500000000000000 
447 16908 -0.85937500000000000000 -0.23437500000000000000 
448 16909 -0.70312500000000000000 -0.23437500000000000000 
449 15237 -0.85937500000000000000 -0.39062500000000000000 
450 15238 -0.85937500000000000000 -0.54687500000000000000 
451 13009 -0.58593750000000000000 -0.27343750000000000000 
452 13125 -0.58593750000000000000 -0.35156250000000000000 
453 13126 -0.50781250000000000000 -0.35156250000000000000 
454 13127 -0.50781250000000000000 -0.42968750000000000000 
455 13130 -0.42968750000000000000 -0.42968750000000000000 
456 13132 -0.42968750000000000000 -0.50781250000000000000 
457 13133 -0.35156250000000000000 -0.50781250000000000000 
458 13134 -0.35156250000000000000 -0.58593750000000000000 
459 13177 -0.29296875000000000000 -0.60546875000000000000 
460 15243 -0.85937500000000000000 -0.70312500000000000000 
461 15244 -0.85937500000000000000 -0.85937500000000000000 
462 15249 -0.85937500000000000000 -1.01562500000000000000 
463 15250 -0.85937500000000000000 -1.17187500000000000000 
464 13199 -0.27343750000000000000 -0.66406250000000000000 
465 13200 -0.19531250000000000000 -0.66406250000000000000 
466 13201 -0.11718750000000000000 -0.66406250000000000000 
467 13202 -0.03906250000000000000 -0.66406250000000000000 
468 15271 -0.85937500000000000000 -1.32812500000000000000 
469 15272 -0.70312500000000000000 -1.32812500000000000000 
470 15274 -0.70312500000000000000 -1.48437500000000000000 
471 15283 -0.54687500000000000000 -1.48437500000000000000 
472 15284 -0.54687500000000000000 -1.64062500000000000000 
473 15285 -0.39062500000000000000 -1.64062500000000000000 
474 15288 -0.23437500000000000000 -1.64062500000000000000 
475 15289 -0.07812500000000000000 -1.64062500000000000000 
476 7398 1.24023437500000000000 -0.14648437500000000000 
477 15067 1.11328125000000000000 -0.17578125000000000000 
478 7399 1.15234375000000000000 -0.17578125000000000000 
479 15068 1.11328125000000000000 -0.21484375000000000000 
480 7400 1.19140625000000000000 -0.17578125000000000000 
481 7401 1.23046875000000000000 -0.17578125000000000000 
482 15069 1.11328125000000000000 -0.25390625000000000000 
483 15070 1.11328125000000000000 -0.29296875000000000000 
484 15130 0.83984375000000000000 -0.60546875000000000000 
485 15132 0.91796875000000000000 -0.56640625000000000000 
486 15133 0.87890625000000000000 -0.60546875000000000000 
487 15134 0.91796875000000000000 -0.60546875000000000000 
488 15140 1.07421875000000000000 -0.33203125000000000000 
489 15142 1.07421875000000000000 -0.37109375000000000000 
490 15146 0.99609375000000000000 -0.44921875000000000000 
491 15147 1.03515625000000000000 -0.41015625000000000000 
492 15148 1.07421875000000000000 -0.41015625000000000000 
493 15149 1.03515625000000000000 -0.44921875000000000000 
494 15150 1.11328125000000000000 -0.33203125000000000000 
495 15152 0.99609375000000000000 -0.48828125000000000000 
496 15153 0.95703125000000000000 -0.52734375000000000000 
497 15154 0.99609375000000000000 -0.52734375000000000000 
498 15155 0.95703125000000000000 -0.56640625000000000000 
499 13439 0.03906250000000000000 -0.66406250000000000000 
500 13440 0.11718750000000000000 -0.66406250000000000000 
501 13441 0.19531250000000000000 -0.66406250000000000000 
502 13442 0.27343750000000000000 -0.66406250000000000000 
503 13443 0.35156250000000000000 -0.66406250000000000000 
504 13444 0.42968750000000000000 -0.66406250000000000000 
505 15156 0.50781250000000000000 -0.66406250000000000000 
506 15157 0.58593750000000000000 -0.66406250000000000000 
507 15158 0.66406250000000000000 -0.66406250000000000000 
508 15159 0.74218750000000000000 -0.66406250000000000000 
509 15160 0.82031250000000000000 -0.66406250000000000000 
510 7403 1.30859375000000000000 -0.01953125000000000000 
511 7404 1.26953125000000000000 -0.05859375000000000000 
512 7405 1.30859375000000000000 -0.05859375000000000000 
513 7406 1.34765625000000000000 -0.01953125000000000000 
514 7407 1.26953125000000000000 -0.09765625000000000000 
515 7408 1.26953125000000000000 -0.13671875000000000000 
516 16474 2.10937500000000000000 -0.07812500000000000000 
517 16475 2.26562500000000000000 -0.07812500000000000000 
518 15731 2.26562500000000000000 -0.23437500000000000000 
519 15733 2.10937500000000000000 -0.54687500000000000000 
520 15734 2.26562500000000000000 -0.39062500000000000000 
521 15736 2.26562500000000000000 -0.54687500000000000000 
522 15738 1.83593750000000000000 -0.97656250000000000000 
523 15739 1.75781250000000000000 -1.05468750000000000000 
524 15740 1.83593750000000000000 -1.05468750000000000000 
525 15741 1.67968750000000000000 -1.13281250000000000000 
526 15742 1.60156250000000000000 -1.21093750000000000000 
527 15743 1.67968750000000000000 -1.21093750000000000000 
528 15744 1.75781250000000000000 -1.13281250000000000000 
529 15748 2.10937500000000000000 -0.70312500000000000000 
530 15749 1.95312500000000000000 -0.85937500000000000000 
531 15750 2.10937500000000000000 -0.85937500000000000000 
532 15755 1.95312500000000000000 -1.01562500000000000000 
533 15454 0.07812500000000000000 -1.64062500000000000000 
534 15455 0.23437500000000000000 -1.64062500000000000000 
535 15458 0.39062500000000000000 -1.64062500000000000000 
536 15459 0.54687500000000000000 -1.64062500000000000000 
537 15462 0.70312500000000000000 -1.64062500000000000000 
538 15463 0.85937500000000000000 -1.64062500000000000000 
539 15466 1.01562500000000000000 -1.64062500000000000000 
540 15763 1.17187500000000000000 -1.64062500000000000000 
541 15765 1.48437500000000000000 -1.32812500000000000000 
542 15766 1.32812500000000000000 -1.48437500000000000000 
543 15767 1.48437500000000000000 -1.48437500000000000000 
544 15768 1.64062500000000000000 -1.32812500000000000000 
545 15772 1.32812500000000000000 -1.64062500000000000000 
