505 444 61
1 8699 0.10973890999999999507 -0.04811138499999999957 445 2 0 1 7 431 432 445 501 2 420 422 
2 8700 0.10369599000000000177 -0.04716824099999999964 1 3 0 1 7 431 416 419 418 420 1 3 
3 8701 0.09780491400000000668 -0.04619065599999999661 2 4 0 1 8 419 404 415 406 416 421 2 4 
4 8702 0.09493513178432425037 -0.04569233184184890578 3 5 0 1 8 415 400 403 402 404 417 3 5 
5 8703 0.09206792399999999543 -0.04517923900000000298 4 6 0 1 9 403 382 388 399 390 400 405 4 6 
6 8704 0.08648722000000000354 -0.04413462299999999783 5 7 0 1 7 399 5 7 380 381 382 388 
7 8705 0.08106494200000000094 -0.04305746600000000257 6 8 0 1 7 380 365 368 367 369 6 8 
8 8706 0.07843241339729296879 -0.04251080789610019173 7 9 0 1 8 368 303 364 305 365 370 7 9 
9 8707 0.07580316700000000463 -0.04194844899999999877 8 10 0 1 9 364 281 299 302 301 303 366 8 10 
10 8708 0.07070390999999999482 -0.04080827199999999960 9 11 0 1 7 279 280 283 285 9 11 270 
11 8709 0.06823458356121633872 -0.04023117092620143859 10 12 0 1 7 279 280 10 12 269 270 276 
12 8710 0.06576912599999999720 -0.03963765300000000186 11 13 0 1 8 280 11 266 268 269 270 13 275 
13 8711 0.06100070400000000281 -0.03843732100000000346 12 14 0 1 7 228 265 230 266 269 12 14 
14 8712 0.05640047299999999958 -0.03720801900000000190 13 15 0 1 8 265 224 227 226 228 267 13 15 
15 8713 0.05197019299999999786 -0.03595049699999999793 14 16 0 1 9 227 190 212 223 214 224 229 14 16 
16 8714 0.04771156299999999850 -0.03466551200000000249 15 17 0 1 7 212 224 188 189 190 15 17 
17 8715 0.04362621500000000291 -0.03335382299999999772 16 18 0 1 7 188 173 176 175 177 16 18 
18 8716 0.03971571200000000024 -0.03201618800000000098 17 19 0 1 9 176 139 161 172 163 173 178 17 19 
19 8717 0.03598155399999999893 -0.03065336299999999944 18 20 0 1 8 139 127 129 135 138 137 18 20 
20 8718 0.03242517200000000210 -0.02926609800000000081 19 21 0 1 8 123 125 126 127 129 19 137 21 
21 8719 0.02904792700000000116 -0.02785513300000000067 20 22 0 1 6 56 57 123 125 20 22 
22 8720 0.02744467855919299412 -0.02714897715011916485 21 23 0 1 8 57 45 47 53 56 55 21 23 
23 8721 0.02585111299999999848 -0.02642119700000000043 22 446 0 1 7 39 41 44 43 45 22 446 
24 8722 0.01831054687500000000 -0.03051757812500000000 0 0 1 0 11 58 33 60 66 453 447 25 450 449 26 68 
25 8723 0.01586914062500000000 -0.03295898437500000000 0 0 1 0 8 26 24 28 452 451 454 453 27 
26 8724 0.01831054687500000000 -0.03295898437500000000 0 0 1 0 10 66 60 68 90 25 453 27 24 28 92 
27 8725 0.01586914062500000000 -0.03540039062500000000 0 0 1 0 8 28 26 29 454 452 455 25 456 
28 8726 0.01831054687500000000 -0.03540039062500000000 0 0 1 0 10 90 68 92 98 27 25 456 26 29 100 
29 8727 0.01831054687500000000 -0.03784179687500000000 0 0 1 0 9 98 92 100 191 456 27 461 28 462 
30 8728 0.02258300781250000000 -0.02624511718750000000 0 0 1 0 7 31 36 459 457 32 446 35 
31 8729 0.02380371093750000000 -0.02624511718750000000 0 0 1 0 7 39 40 30 446 35 36 42 
32 8730 0.02136230468750000000 -0.02746582031250000000 0 0 1 0 8 35 30 37 460 458 33 459 34 
33 8731 0.02014160156250000000 -0.02868652343750000000 0 0 1 0 8 34 32 59 450 448 24 460 58 
34 8732 0.02136230468750000000 -0.02868652343750000000 0 0 1 0 8 37 35 62 33 460 58 32 59 
35 8733 0.02258300781250000000 -0.02746582031250000000 0 0 1 0 8 36 31 38 32 459 34 30 37 
36 8734 0.02380371093750000000 -0.02746582031250000000 0 0 1 0 10 40 39 42 48 35 30 37 31 38 50 
37 8735 0.02258300781250000000 -0.02868652343750000000 0 0 1 0 8 38 36 63 34 32 59 35 62 
38 8736 0.02380371093750000000 -0.02868652343750000000 0 0 1 0 9 48 42 50 74 37 35 62 36 63 
39 8737 0.02502441406250000000 -0.02624511718750000000 0 0 1 0 9 446 44 46 36 30 31 23 40 41 
40 8738 0.02471923828125000000 -0.02716064453125000000 0 0 1 0 8 41 39 43 36 31 38 23 42 
41 8739 0.02532958984375000000 -0.02716064453125000000 0 0 1 0 8 44 23 46 40 39 42 31 43 
42 8740 0.02471923828125000000 -0.02777099609375000000 0 0 1 0 8 43 41 49 36 31 38 40 48 
43 8741 0.02532958984375000000 -0.02777099609375000000 0 0 1 0 8 46 44 52 42 40 48 41 49 
44 8742 0.02593994140625000000 -0.02716064453125000000 0 0 1 0 7 45 23 47 41 39 43 46 
45 8743 0.02655029296875000000 -0.02716064453125000000 0 0 1 0 7 22 56 44 23 46 39 47 
46 8744 0.02593994140625000000 -0.02777099609375000000 0 0 1 0 8 47 45 53 43 41 49 44 52 
47 8745 0.02655029296875000000 -0.02777099609375000000 0 0 1 0 7 22 56 46 44 52 45 53 
48 8746 0.02471923828125000000 -0.02838134765625000000 0 0 1 0 8 49 43 51 38 36 63 42 50 
49 8747 0.02532958984375000000 -0.02838134765625000000 0 0 1 0 8 52 46 54 48 42 50 43 51 
50 8748 0.02471923828125000000 -0.02899169921875000000 0 0 1 0 8 51 49 74 38 36 63 48 75 
51 8749 0.02532958984375000000 -0.02899169921875000000 0 0 1 0 8 54 52 75 50 48 74 49 63 
52 8750 0.02593994140625000000 -0.02838134765625000000 0 0 1 0 8 53 47 55 49 43 51 46 54 
53 8751 0.02655029296875000000 -0.02838134765625000000 0 0 1 0 8 56 22 78 52 46 54 47 55 
54 8752 0.02593994140625000000 -0.02899169921875000000 0 0 1 0 8 55 53 75 51 49 74 52 78 
55 8753 0.02655029296875000000 -0.02899169921875000000 0 0 1 0 8 56 22 78 54 52 75 53 74 
56 8754 0.02746582031250000000 -0.02868652343750000000 0 0 1 0 9 57 21 79 53 47 55 75 22 78 
57 8755 0.02868652343750000000 -0.02868652343750000000 0 0 1 0 6 56 22 78 21 79 122 
58 8756 0.02014160156250000000 -0.02990722656250000000 0 0 1 0 8 59 34 61 24 26 33 450 60 
59 8757 0.02136230468750000000 -0.02990722656250000000 0 0 1 0 8 62 37 64 58 33 60 34 61 
60 8758 0.02014160156250000000 -0.03112792968750000000 0 0 1 0 7 61 59 67 24 26 58 66 
61 8759 0.02136230468750000000 -0.03112792968750000000 0 0 1 0 8 64 62 70 60 58 66 59 67 
62 8760 0.02258300781250000000 -0.02990722656250000000 0 0 1 0 8 63 38 65 59 34 61 37 64 
63 8761 0.02380371093750000000 -0.02990722656250000000 0 0 1 0 8 74 50 76 62 37 64 38 65 
64 8762 0.02258300781250000000 -0.03112792968750000000 0 0 1 0 8 65 63 71 61 59 67 62 70 
65 8763 0.02380371093750000000 -0.03112792968750000000 0 0 1 0 8 76 74 82 64 62 70 63 71 
66 8764 0.02014160156250000000 -0.03234863281250000000 0 0 1 0 8 67 61 69 26 24 28 60 68 
67 8765 0.02136230468750000000 -0.03234863281250000000 0 0 1 0 8 70 64 72 66 60 68 61 69 
68 8766 0.02014160156250000000 -0.03356933593750000000 0 0 1 0 8 69 67 91 26 24 28 66 90 
69 8767 0.02136230468750000000 -0.03356933593750000000 0 0 1 0 8 72 70 94 68 66 90 67 91 
70 8768 0.02258300781250000000 -0.03234863281250000000 0 0 1 0 8 71 65 73 67 61 69 64 72 
71 8769 0.02380371093750000000 -0.03234863281250000000 0 0 1 0 8 82 76 84 70 64 72 65 73 
72 8770 0.02258300781250000000 -0.03356933593750000000 0 0 1 0 8 73 71 95 69 67 91 70 94 
73 8771 0.02380371093750000000 -0.03356933593750000000 0 0 1 0 8 84 82 106 72 70 94 71 95 
74 8772 0.02502441406250000000 -0.02990722656250000000 0 0 1 0 9 75 54 77 63 38 65 51 50 76 
75 8773 0.02624511718750000000 -0.02990722656250000000 0 0 1 0 9 78 56 80 74 51 76 55 54 77 
76 8774 0.02502441406250000000 -0.03112792968750000000 0 0 1 0 8 77 75 83 65 63 71 74 82 
77 8775 0.02624511718750000000 -0.03112792968750000000 0 0 1 0 8 80 78 86 76 74 82 75 83 
78 8776 0.02746582031250000000 -0.02990722656250000000 0 0 1 0 8 79 57 81 75 55 77 56 80 
79 8777 0.02868652343750000000 -0.02990722656250000000 0 0 1 0 7 122 124 78 56 80 57 81 
80 8778 0.02746582031250000000 -0.03112792968750000000 0 0 1 0 8 81 79 87 77 75 83 78 86 
81 8779 0.02868652343750000000 -0.03112792968750000000 0 0 1 0 8 124 122 130 80 78 86 79 87 
82 8780 0.02502441406250000000 -0.03234863281250000000 0 0 1 0 8 83 77 85 71 65 73 76 84 
83 8781 0.02624511718750000000 -0.03234863281250000000 0 0 1 0 8 86 80 88 82 76 84 77 85 
84 8782 0.02502441406250000000 -0.03356933593750000000 0 0 1 0 8 85 83 107 73 71 95 82 106 
85 8783 0.02624511718750000000 -0.03356933593750000000 0 0 1 0 8 88 86 110 84 82 106 83 107 
86 8784 0.02746582031250000000 -0.03234863281250000000 0 0 1 0 8 87 81 89 83 77 85 80 88 
87 8785 0.02868652343750000000 -0.03234863281250000000 0 0 1 0 8 130 124 132 86 80 88 81 89 
88 8786 0.02746582031250000000 -0.03356933593750000000 0 0 1 0 8 89 87 111 85 83 107 86 110 
89 8787 0.02868652343750000000 -0.03356933593750000000 0 0 1 0 8 132 130 140 88 86 110 87 111 
90 8788 0.02014160156250000000 -0.03479003906250000000 0 0 1 0 8 91 69 93 28 26 29 68 92 
91 8789 0.02136230468750000000 -0.03479003906250000000 0 0 1 0 8 94 72 96 90 68 92 69 93 
92 8790 0.02014160156250000000 -0.03601074218750000000 0 0 1 0 8 93 91 99 28 26 29 90 98 
93 8791 0.02136230468750000000 -0.03601074218750000000 0 0 1 0 8 96 94 102 92 90 98 91 99 
94 8792 0.02258300781250000000 -0.03479003906250000000 0 0 1 0 8 95 73 97 91 69 93 72 96 
95 8793 0.02380371093750000000 -0.03479003906250000000 0 0 1 0 8 106 84 108 94 72 96 73 97 
96 8794 0.02258300781250000000 -0.03601074218750000000 0 0 1 0 8 97 95 103 93 91 99 94 102 
97 8795 0.02380371093750000000 -0.03601074218750000000 0 0 1 0 8 108 106 114 96 94 102 95 103 
98 8796 0.02014160156250000000 -0.03723144531250000000 0 0 1 0 8 99 93 101 29 28 462 92 100 
99 8797 0.02136230468750000000 -0.03723144531250000000 0 0 1 0 8 102 96 104 98 92 100 93 101 
100 8798 0.02014160156250000000 -0.03845214843750000000 0 0 1 0 8 101 99 191 29 28 462 98 192 
101 8799 0.02136230468750000000 -0.03845214843750000000 0 0 1 0 8 104 102 192 100 98 191 99 462 
102 8800 0.02258300781250000000 -0.03723144531250000000 0 0 1 0 8 103 97 105 99 93 101 96 104 
103 8801 0.02380371093750000000 -0.03723144531250000000 0 0 1 0 8 114 108 116 102 96 104 97 105 
104 8802 0.02258300781250000000 -0.03845214843750000000 0 0 1 0 8 105 103 192 101 99 191 102 193 
105 8803 0.02380371093750000000 -0.03845214843750000000 0 0 1 0 8 116 114 193 104 102 192 103 191 
106 8804 0.02502441406250000000 -0.03479003906250000000 0 0 1 0 8 107 85 109 95 73 97 84 108 
107 8805 0.02624511718750000000 -0.03479003906250000000 0 0 1 0 8 110 88 112 106 84 108 85 109 
108 8806 0.02502441406250000000 -0.03601074218750000000 0 0 1 0 8 109 107 115 97 95 103 106 114 
109 8807 0.02624511718750000000 -0.03601074218750000000 0 0 1 0 8 112 110 118 108 106 114 107 115 
110 8808 0.02746582031250000000 -0.03479003906250000000 0 0 1 0 8 111 89 113 107 85 109 88 112 
111 8809 0.02868652343750000000 -0.03479003906250000000 0 0 1 0 8 140 132 142 110 88 112 89 113 
112 8810 0.02746582031250000000 -0.03601074218750000000 0 0 1 0 8 113 111 119 109 107 115 110 118 
113 8811 0.02868652343750000000 -0.03601074218750000000 0 0 1 0 8 142 140 148 112 110 118 111 119 
114 8812 0.02502441406250000000 -0.03723144531250000000 0 0 1 0 8 115 109 117 103 97 105 108 116 
115 8813 0.02624511718750000000 -0.03723144531250000000 0 0 1 0 8 118 112 120 114 108 116 109 117 
116 8814 0.02502441406250000000 -0.03845214843750000000 0 0 1 0 8 117 115 193 105 103 192 114 194 
117 8815 0.02624511718750000000 -0.03845214843750000000 0 0 1 0 8 120 118 194 116 114 193 115 192 
118 8816 0.02746582031250000000 -0.03723144531250000000 0 0 1 0 8 119 113 121 115 109 117 112 120 
119 8817 0.02868652343750000000 -0.03723144531250000000 0 0 1 0 8 148 142 150 118 112 120 113 121 
120 8818 0.02746582031250000000 -0.03845214843750000000 0 0 1 0 8 121 119 194 117 115 193 118 195 
121 8819 0.02868652343750000000 -0.03845214843750000000 0 0 1 0 8 150 148 195 120 118 194 119 193 
122 8820 0.02990722656250000000 -0.02990722656250000000 0 0 1 0 7 123 125 79 57 81 20 124 
123 8821 0.03112792968750000000 -0.02990722656250000000 0 0 1 0 7 126 122 128 125 124 20 21 
124 8822 0.02990722656250000000 -0.03112792968750000000 0 0 1 0 8 125 123 131 81 79 87 122 130 
125 8823 0.03112792968750000000 -0.03112792968750000000 0 0 1 0 8 128 126 134 124 122 130 123 131 
126 8824 0.03234863281250000000 -0.02990722656250000000 0 0 1 0 6 127 20 129 123 125 128 
127 8825 0.03356933593750000000 -0.02990722656250000000 0 0 1 0 6 19 138 126 20 128 129 
128 8826 0.03234863281250000000 -0.03112792968750000000 0 0 1 0 8 129 127 135 125 123 131 126 134 
129 8827 0.03356933593750000000 -0.03112792968750000000 0 0 1 0 7 19 138 128 126 134 127 135 
130 8828 0.02990722656250000000 -0.03234863281250000000 0 0 1 0 8 131 125 133 87 81 89 124 132 
131 8829 0.03112792968750000000 -0.03234863281250000000 0 0 1 0 8 134 128 136 130 124 132 125 133 
132 8830 0.02990722656250000000 -0.03356933593750000000 0 0 1 0 8 133 131 141 89 87 111 130 140 
133 8831 0.03112792968750000000 -0.03356933593750000000 0 0 1 0 8 136 134 144 132 130 140 131 141 
134 8832 0.03234863281250000000 -0.03234863281250000000 0 0 1 0 8 135 129 137 131 125 133 128 136 
135 8833 0.03356933593750000000 -0.03234863281250000000 0 0 1 0 7 138 19 134 128 136 129 137 
136 8834 0.03234863281250000000 -0.03356933593750000000 0 0 1 0 8 137 135 145 133 131 141 134 144 
137 8835 0.03356933593750000000 -0.03356933593750000000 0 0 1 0 8 138 19 136 134 144 135 145 156 
138 8836 0.03540039062500000000 -0.03295898437500000000 0 0 1 0 11 139 160 135 129 137 145 19 156 147 157 162 
139 8837 0.03784179687500000000 -0.03295898437500000000 0 0 1 0 9 18 172 138 19 157 160 159 161 174 
140 8838 0.02990722656250000000 -0.03479003906250000000 0 0 1 0 8 141 133 143 111 89 113 132 142 
141 8839 0.03112792968750000000 -0.03479003906250000000 0 0 1 0 8 144 136 146 140 132 142 133 143 
142 8840 0.02990722656250000000 -0.03601074218750000000 0 0 1 0 8 143 141 149 113 111 119 140 148 
143 8841 0.03112792968750000000 -0.03601074218750000000 0 0 1 0 8 146 144 152 142 140 148 141 149 
144 8842 0.03234863281250000000 -0.03479003906250000000 0 0 1 0 8 145 137 147 141 133 143 136 146 
145 8843 0.03356933593750000000 -0.03479003906250000000 0 0 1 0 8 156 138 158 144 136 146 137 147 
146 8844 0.03234863281250000000 -0.03601074218750000000 0 0 1 0 8 147 145 153 143 141 149 144 152 
147 8845 0.03356933593750000000 -0.03601074218750000000 0 0 1 0 8 158 156 164 146 144 152 145 153 
148 8846 0.02990722656250000000 -0.03723144531250000000 0 0 1 0 8 149 143 151 119 113 121 142 150 
149 8847 0.03112792968750000000 -0.03723144531250000000 0 0 1 0 8 152 146 154 148 142 150 143 151 
150 8848 0.02990722656250000000 -0.03845214843750000000 0 0 1 0 8 151 149 195 121 119 194 148 196 
151 8849 0.03112792968750000000 -0.03845214843750000000 0 0 1 0 8 154 152 196 150 148 195 149 194 
152 8850 0.03234863281250000000 -0.03723144531250000000 0 0 1 0 8 153 147 155 149 143 151 146 154 
153 8851 0.03356933593750000000 -0.03723144531250000000 0 0 1 0 8 164 158 166 152 146 154 147 155 
154 8852 0.03234863281250000000 -0.03845214843750000000 0 0 1 0 8 155 153 196 151 149 195 152 199 
155 8853 0.03356933593750000000 -0.03845214843750000000 0 0 1 0 8 166 164 199 154 152 196 153 195 
156 8854 0.03479003906250000000 -0.03479003906250000000 0 0 1 0 8 157 138 159 145 137 147 139 158 
157 8855 0.03601074218750000000 -0.03479003906250000000 0 0 1 0 7 160 139 162 156 138 158 159 
158 8856 0.03479003906250000000 -0.03601074218750000000 0 0 1 0 8 159 157 165 147 145 153 156 164 
159 8857 0.03601074218750000000 -0.03601074218750000000 0 0 1 0 8 162 160 168 158 156 164 157 165 
160 8858 0.03723144531250000000 -0.03479003906250000000 0 0 1 0 8 161 139 163 157 138 159 18 162 
161 8859 0.03845214843750000000 -0.03479003906250000000 0 0 1 0 8 172 18 174 160 139 162 138 163 
162 8860 0.03723144531250000000 -0.03601074218750000000 0 0 1 0 8 163 161 169 159 157 165 160 168 
163 8861 0.03845214843750000000 -0.03601074218750000000 0 0 1 0 8 174 172 180 162 160 168 161 169 
164 8862 0.03479003906250000000 -0.03723144531250000000 0 0 1 0 8 165 159 167 153 147 155 158 166 
165 8863 0.03601074218750000000 -0.03723144531250000000 0 0 1 0 8 168 162 170 164 158 166 159 167 
166 8864 0.03479003906250000000 -0.03845214843750000000 0 0 1 0 8 167 165 199 155 153 196 164 200 
167 8865 0.03601074218750000000 -0.03845214843750000000 0 0 1 0 8 170 168 200 166 164 199 165 196 
168 8866 0.03723144531250000000 -0.03723144531250000000 0 0 1 0 8 169 163 171 165 159 167 162 170 
169 8867 0.03845214843750000000 -0.03723144531250000000 0 0 1 0 8 180 174 182 168 162 170 163 171 
170 8868 0.03723144531250000000 -0.03845214843750000000 0 0 1 0 8 171 169 200 167 165 199 168 207 
171 8869 0.03845214843750000000 -0.03845214843750000000 0 0 1 0 8 182 180 207 170 168 200 169 199 
172 8870 0.03967285156250000000 -0.03479003906250000000 0 0 1 0 8 173 18 175 161 139 163 17 174 
173 8871 0.04089355468750000000 -0.03479003906250000000 0 0 1 0 8 176 17 178 172 18 174 139 175 
174 8872 0.03967285156250000000 -0.03601074218750000000 0 0 1 0 8 175 173 181 163 161 169 172 180 
175 8873 0.04089355468750000000 -0.03601074218750000000 0 0 1 0 8 178 176 184 174 172 180 173 181 
176 8874 0.04211425781250000000 -0.03479003906250000000 0 0 1 0 7 177 17 179 173 18 175 178 
177 8875 0.04333496093750000000 -0.03479003906250000000 0 0 1 0 7 188 189 176 17 178 18 179 
178 8876 0.04211425781250000000 -0.03601074218750000000 0 0 1 0 8 179 177 185 175 173 181 176 184 
179 8877 0.04333496093750000000 -0.03601074218750000000 0 0 1 0 7 188 189 178 176 184 177 185 
180 8878 0.03967285156250000000 -0.03723144531250000000 0 0 1 0 8 181 175 183 169 163 171 174 182 
181 8879 0.04089355468750000000 -0.03723144531250000000 0 0 1 0 8 184 178 186 180 174 182 175 183 
182 8880 0.03967285156250000000 -0.03845214843750000000 0 0 1 0 8 183 181 207 171 169 200 180 208 
183 8881 0.04089355468750000000 -0.03845214843750000000 0 0 1 0 8 186 184 208 182 180 207 181 200 
184 8882 0.04211425781250000000 -0.03723144531250000000 0 0 1 0 8 185 179 187 181 175 183 178 186 
185 8883 0.04333496093750000000 -0.03723144531250000000 0 0 1 0 8 189 188 211 184 178 186 179 187 
186 8884 0.04211425781250000000 -0.03845214843750000000 0 0 1 0 8 187 185 208 183 181 207 184 211 
187 8885 0.04333496093750000000 -0.03845214843750000000 0 0 1 0 8 189 188 211 186 184 208 185 207 
188 8886 0.04516601562500000000 -0.03540039062500000000 0 0 1 0 8 16 190 177 17 179 185 189 187 
189 8887 0.04516601562500000000 -0.03784179687500000000 0 0 1 0 9 190 16 212 185 179 187 208 188 211 
190 8888 0.04760742187500000000 -0.03784179687500000000 0 0 1 0 7 15 189 188 211 16 212 223 
191 8889 0.02075195312500000000 -0.04028320312500000000 0 0 1 0 9 192 104 465 462 29 463 101 100 464 
192 8890 0.02319335937500000000 -0.04028320312500000000 0 0 1 0 9 193 116 466 191 101 464 105 104 465 
193 8891 0.02563476562500000000 -0.04028320312500000000 0 0 1 0 9 194 120 467 192 105 465 117 116 466 
194 8892 0.02807617187500000000 -0.04028320312500000000 0 0 1 0 9 195 150 197 193 117 466 121 120 467 
195 8893 0.03051757812500000000 -0.04028320312500000000 0 0 1 0 9 196 154 198 194 121 467 151 150 197 
196 8894 0.03295898437500000000 -0.04028320312500000000 0 0 1 0 9 199 166 201 195 151 197 155 154 198 
197 8895 0.03051757812500000000 -0.04272460937500000000 0 0 1 0 8 198 196 203 467 194 468 195 469 
198 8896 0.03295898437500000000 -0.04272460937500000000 0 0 1 0 8 201 199 204 197 195 469 196 203 
199 8897 0.03540039062500000000 -0.04028320312500000000 0 0 1 0 9 200 170 202 196 155 198 167 166 201 
200 8898 0.03784179687500000000 -0.04028320312500000000 0 0 1 0 9 207 182 209 199 167 201 171 170 202 
201 8899 0.03540039062500000000 -0.04272460937500000000 0 0 1 0 8 202 200 205 198 196 203 199 204 
202 8900 0.03784179687500000000 -0.04272460937500000000 0 0 1 0 8 209 207 215 201 199 204 200 205 
203 8901 0.03295898437500000000 -0.04516601562500000000 0 0 1 0 8 204 201 472 469 197 470 198 471 
204 8902 0.03540039062500000000 -0.04516601562500000000 0 0 1 0 8 205 202 206 203 198 471 201 472 
205 8903 0.03784179687500000000 -0.04516601562500000000 0 0 1 0 8 215 209 217 204 201 472 202 206 
206 8904 0.03784179687500000000 -0.04760742187500000000 0 0 1 0 8 217 215 239 472 204 473 205 474 
207 8905 0.04028320312500000000 -0.04028320312500000000 0 0 1 0 9 208 186 210 200 171 202 183 182 209 
208 8906 0.04272460937500000000 -0.04028320312500000000 0 0 1 0 9 211 189 213 207 183 209 187 186 210 
209 8907 0.04028320312500000000 -0.04272460937500000000 0 0 1 0 8 210 208 216 202 200 205 207 215 
210 8908 0.04272460937500000000 -0.04272460937500000000 0 0 1 0 8 213 211 219 209 207 215 208 216 
211 8909 0.04516601562500000000 -0.04028320312500000000 0 0 1 0 8 212 190 214 208 187 210 189 213 
212 8910 0.04760742187500000000 -0.04028320312500000000 0 0 1 0 8 223 15 225 211 189 213 190 214 
213 8911 0.04516601562500000000 -0.04272460937500000000 0 0 1 0 8 214 212 220 210 208 216 211 219 
214 8912 0.04760742187500000000 -0.04272460937500000000 0 0 1 0 8 225 223 231 213 211 219 212 220 
215 8913 0.04028320312500000000 -0.04516601562500000000 0 0 1 0 8 216 210 218 205 202 206 209 217 
216 8914 0.04272460937500000000 -0.04516601562500000000 0 0 1 0 8 219 213 221 215 209 217 210 218 
217 8915 0.04028320312500000000 -0.04760742187500000000 0 0 1 0 8 218 216 240 206 205 474 215 239 
218 8916 0.04272460937500000000 -0.04760742187500000000 0 0 1 0 8 221 219 242 217 215 239 216 240 
219 8917 0.04516601562500000000 -0.04516601562500000000 0 0 1 0 8 220 214 222 216 210 218 213 221 
220 8918 0.04760742187500000000 -0.04516601562500000000 0 0 1 0 8 231 225 233 219 213 221 214 222 
221 8919 0.04516601562500000000 -0.04760742187500000000 0 0 1 0 8 222 220 243 218 216 240 219 242 
222 8920 0.04760742187500000000 -0.04760742187500000000 0 0 1 0 8 233 231 249 221 219 242 220 243 
223 8921 0.05004882812500000000 -0.04028320312500000000 0 0 1 0 8 224 15 226 212 190 214 14 225 
224 8922 0.05249023437500000000 -0.04028320312500000000 0 0 1 0 7 227 14 229 223 15 225 226 
225 8923 0.05004882812500000000 -0.04272460937500000000 0 0 1 0 8 226 224 232 214 212 220 223 231 
226 8924 0.05249023437500000000 -0.04272460937500000000 0 0 1 0 8 229 227 235 225 223 231 224 232 
227 8925 0.05493164062500000000 -0.04028320312500000000 0 0 1 0 8 228 14 230 224 15 226 13 229 
228 8926 0.05737304687500000000 -0.04028320312500000000 0 0 1 0 8 265 13 267 227 14 229 15 230 
229 8927 0.05493164062500000000 -0.04272460937500000000 0 0 1 0 8 230 228 236 226 224 232 227 235 
230 8928 0.05737304687500000000 -0.04272460937500000000 0 0 1 0 8 267 265 271 229 227 235 228 236 
231 8929 0.05004882812500000000 -0.04516601562500000000 0 0 1 0 8 232 226 234 220 214 222 225 233 
232 8930 0.05249023437500000000 -0.04516601562500000000 0 0 1 0 8 235 229 237 231 225 233 226 234 
233 8931 0.05004882812500000000 -0.04760742187500000000 0 0 1 0 8 234 232 250 222 220 243 231 249 
234 8932 0.05249023437500000000 -0.04760742187500000000 0 0 1 0 8 237 235 253 233 231 249 232 250 
235 8933 0.05493164062500000000 -0.04516601562500000000 0 0 1 0 8 236 230 238 232 226 234 229 237 
236 8934 0.05737304687500000000 -0.04516601562500000000 0 0 1 0 8 271 267 273 235 229 237 230 238 
237 8935 0.05493164062500000000 -0.04760742187500000000 0 0 1 0 8 238 236 254 234 232 250 235 253 
238 8936 0.05737304687500000000 -0.04760742187500000000 0 0 1 0 8 273 271 314 237 235 253 236 254 
239 8937 0.04028320312500000000 -0.05004882812500000000 0 0 1 0 8 240 218 241 474 206 475 217 476 
240 8938 0.04272460937500000000 -0.05004882812500000000 0 0 1 0 8 242 221 244 239 217 476 218 241 
241 8939 0.04272460937500000000 -0.05249023437500000000 0 0 1 0 8 244 242 246 476 239 477 240 478 
242 8940 0.04516601562500000000 -0.05004882812500000000 0 0 1 0 8 243 222 245 240 218 241 221 244 
243 8941 0.04760742187500000000 -0.05004882812500000000 0 0 1 0 8 249 233 251 242 221 244 222 245 
244 8942 0.04516601562500000000 -0.05249023437500000000 0 0 1 0 8 245 243 247 241 240 478 242 246 
245 8943 0.04760742187500000000 -0.05249023437500000000 0 0 1 0 8 251 249 257 244 242 246 243 247 
246 8944 0.04516601562500000000 -0.05493164062500000000 0 0 1 0 8 247 245 248 478 241 479 244 480 
247 8945 0.04760742187500000000 -0.05493164062500000000 0 0 1 0 8 257 251 259 246 244 480 245 248 
248 8946 0.04760742187500000000 -0.05737304687500000000 0 0 1 0 8 259 257 346 480 246 482 247 481 
249 8947 0.05004882812500000000 -0.05004882812500000000 0 0 1 0 8 250 234 252 243 222 245 233 251 
250 8948 0.05249023437500000000 -0.05004882812500000000 0 0 1 0 8 253 237 255 249 233 251 234 252 
251 8949 0.05004882812500000000 -0.05249023437500000000 0 0 1 0 8 252 250 258 245 243 247 249 257 
252 8950 0.05249023437500000000 -0.05249023437500000000 0 0 1 0 8 255 253 261 251 249 257 250 258 
253 8951 0.05493164062500000000 -0.05004882812500000000 0 0 1 0 8 254 238 256 250 234 252 237 255 
254 8952 0.05737304687500000000 -0.05004882812500000000 0 0 1 0 8 314 273 316 253 237 255 238 256 
255 8953 0.05493164062500000000 -0.05249023437500000000 0 0 1 0 8 256 254 262 252 250 258 253 261 
256 8954 0.05737304687500000000 -0.05249023437500000000 0 0 1 0 8 316 314 322 255 253 261 254 262 
257 8955 0.05004882812500000000 -0.05493164062500000000 0 0 1 0 8 258 252 260 247 245 248 251 259 
258 8956 0.05249023437500000000 -0.05493164062500000000 0 0 1 0 8 261 255 263 257 251 259 252 260 
259 8957 0.05004882812500000000 -0.05737304687500000000 0 0 1 0 8 260 258 346 248 247 482 257 347 
260 8958 0.05249023437500000000 -0.05737304687500000000 0 0 1 0 8 263 261 347 259 257 346 258 482 
261 8959 0.05493164062500000000 -0.05493164062500000000 0 0 1 0 8 262 256 264 258 252 260 255 263 
262 8960 0.05737304687500000000 -0.05493164062500000000 0 0 1 0 8 322 316 324 261 255 263 256 264 
263 8961 0.05493164062500000000 -0.05737304687500000000 0 0 1 0 8 264 262 347 260 258 346 261 349 
264 8962 0.05737304687500000000 -0.05737304687500000000 0 0 1 0 8 324 322 349 263 261 347 262 346 
265 8963 0.05981445312500000000 -0.04028320312500000000 0 0 1 0 7 266 13 268 228 14 230 267 
266 8964 0.06225585937500000000 -0.04028320312500000000 0 0 1 0 7 12 269 265 13 267 14 268 
267 8965 0.05981445312500000000 -0.04272460937500000000 0 0 1 0 8 268 266 272 230 228 236 265 271 
268 8966 0.06225585937500000000 -0.04272460937500000000 0 0 1 0 8 269 12 275 267 265 271 266 272 
269 8967 0.06469726562500000000 -0.04272460937500000000 0 0 1 0 8 270 11 276 268 266 272 12 275 
270 8968 0.06713867187500000000 -0.04272460937500000000 0 0 1 0 9 279 10 282 269 12 275 11 276 284 
271 8969 0.05981445312500000000 -0.04516601562500000000 0 0 1 0 8 272 268 274 236 230 238 267 273 
272 8970 0.06225585937500000000 -0.04516601562500000000 0 0 1 0 8 275 269 277 271 267 273 268 274 
273 8971 0.05981445312500000000 -0.04760742187500000000 0 0 1 0 8 274 272 315 238 236 254 271 314 
274 8972 0.06225585937500000000 -0.04760742187500000000 0 0 1 0 8 277 275 318 273 271 314 272 315 
275 8973 0.06469726562500000000 -0.04516601562500000000 0 0 1 0 8 276 270 278 272 268 274 269 277 
276 8974 0.06713867187500000000 -0.04516601562500000000 0 0 1 0 10 282 279 284 290 275 269 277 270 278 292 
277 8975 0.06469726562500000000 -0.04760742187500000000 0 0 1 0 8 278 276 319 274 272 315 275 318 
278 8976 0.06713867187500000000 -0.04760742187500000000 0 0 1 0 9 290 284 292 330 277 275 318 276 319 
279 8977 0.06958007812500000000 -0.04272460937500000000 0 0 1 0 9 280 286 270 11 276 10 282 283 288 
280 8978 0.07202148437500000000 -0.04272460937500000000 0 0 1 0 9 281 298 279 10 283 286 285 287 300 
281 8979 0.07446289062500000000 -0.04272460937500000000 0 0 1 0 9 299 280 289 302 298 304 10 287 9 
282 8980 0.06896972656250000000 -0.04455566406250000000 0 0 1 0 8 283 279 285 276 270 278 280 284 
283 8981 0.07019042968750000000 -0.04455566406250000000 0 0 1 0 8 286 280 288 282 279 284 270 285 
284 8982 0.06896972656250000000 -0.04577636718750000000 0 0 1 0 8 285 283 291 276 270 278 282 290 
285 8983 0.07019042968750000000 -0.04577636718750000000 0 0 1 0 8 288 286 294 284 282 290 283 291 
286 8984 0.07141113281250000000 -0.04455566406250000000 0 0 1 0 8 287 280 289 283 279 285 281 288 
287 8985 0.07263183593750000000 -0.04455566406250000000 0 0 1 0 8 298 281 300 286 280 288 279 289 
288 8986 0.07141113281250000000 -0.04577636718750000000 0 0 1 0 8 289 287 295 285 283 291 286 294 
289 8987 0.07263183593750000000 -0.04577636718750000000 0 0 1 0 8 300 298 306 288 286 294 287 295 
290 8988 0.06896972656250000000 -0.04699707031250000000 0 0 1 0 8 291 285 293 278 276 319 284 292 
291 8989 0.07019042968750000000 -0.04699707031250000000 0 0 1 0 8 294 288 296 290 284 292 285 293 
292 8990 0.06896972656250000000 -0.04821777343750000000 0 0 1 0 8 293 291 330 278 276 319 290 331 
293 8991 0.07019042968750000000 -0.04821777343750000000 0 0 1 0 8 296 294 331 292 290 330 291 319 
294 8992 0.07141113281250000000 -0.04699707031250000000 0 0 1 0 8 295 289 297 291 285 293 288 296 
295 8993 0.07263183593750000000 -0.04699707031250000000 0 0 1 0 8 306 300 308 294 288 296 289 297 
296 8994 0.07141113281250000000 -0.04821777343750000000 0 0 1 0 8 297 295 331 293 291 330 294 334 
297 8995 0.07263183593750000000 -0.04821777343750000000 0 0 1 0 8 308 306 334 296 294 331 295 330 
298 8996 0.07385253906250000000 -0.04455566406250000000 0 0 1 0 8 299 281 301 287 280 289 9 300 
299 8997 0.07507324218750000000 -0.04455566406250000000 0 0 1 0 8 302 9 304 298 281 300 280 301 
300 8998 0.07385253906250000000 -0.04577636718750000000 0 0 1 0 8 301 299 307 289 287 295 298 306 
301 8999 0.07507324218750000000 -0.04577636718750000000 0 0 1 0 8 304 302 310 300 298 306 299 307 
302 9000 0.07629394531250000000 -0.04455566406250000000 0 0 1 0 8 303 9 305 299 281 301 8 304 
303 9001 0.07751464843750000000 -0.04455566406250000000 0 0 1 0 8 364 8 366 302 9 304 281 305 
304 9002 0.07629394531250000000 -0.04577636718750000000 0 0 1 0 8 305 303 311 301 299 307 302 310 
305 9003 0.07751464843750000000 -0.04577636718750000000 0 0 1 0 8 366 364 372 304 302 310 303 311 
306 9004 0.07385253906250000000 -0.04699707031250000000 0 0 1 0 8 307 301 309 295 289 297 300 308 
307 9005 0.07507324218750000000 -0.04699707031250000000 0 0 1 0 8 310 304 312 306 300 308 301 309 
308 9006 0.07385253906250000000 -0.04821777343750000000 0 0 1 0 8 309 307 334 297 295 331 306 335 
309 9007 0.07507324218750000000 -0.04821777343750000000 0 0 1 0 8 312 310 335 308 306 334 307 331 
310 9008 0.07629394531250000000 -0.04699707031250000000 0 0 1 0 8 311 305 313 307 301 309 304 312 
311 9009 0.07751464843750000000 -0.04699707031250000000 0 0 1 0 8 372 366 374 310 304 312 305 313 
312 9010 0.07629394531250000000 -0.04821777343750000000 0 0 1 0 8 313 311 335 309 307 334 310 383 
313 9011 0.07751464843750000000 -0.04821777343750000000 0 0 1 0 8 374 372 383 312 310 335 311 334 
314 9012 0.05981445312500000000 -0.05004882812500000000 0 0 1 0 8 315 274 317 254 238 256 273 316 
315 9013 0.06225585937500000000 -0.05004882812500000000 0 0 1 0 8 318 277 320 314 273 316 274 317 
316 9014 0.05981445312500000000 -0.05249023437500000000 0 0 1 0 8 317 315 323 256 254 262 314 322 
317 9015 0.06225585937500000000 -0.05249023437500000000 0 0 1 0 8 320 318 326 316 314 322 315 323 
318 9016 0.06469726562500000000 -0.05004882812500000000 0 0 1 0 8 319 278 321 315 274 317 277 320 
319 9017 0.06713867187500000000 -0.05004882812500000000 0 0 1 0 8 330 292 332 318 277 320 278 321 
320 9018 0.06469726562500000000 -0.05249023437500000000 0 0 1 0 8 321 319 327 317 315 323 318 326 
321 9019 0.06713867187500000000 -0.05249023437500000000 0 0 1 0 8 332 330 338 320 318 326 319 327 
322 9020 0.05981445312500000000 -0.05493164062500000000 0 0 1 0 8 323 317 325 262 256 264 316 324 
323 9021 0.06225585937500000000 -0.05493164062500000000 0 0 1 0 8 326 320 328 322 316 324 317 325 
324 9022 0.05981445312500000000 -0.05737304687500000000 0 0 1 0 8 325 323 349 264 262 347 322 350 
325 9023 0.06225585937500000000 -0.05737304687500000000 0 0 1 0 8 328 326 350 324 322 349 323 347 
326 9024 0.06469726562500000000 -0.05493164062500000000 0 0 1 0 8 327 321 329 323 317 325 320 328 
327 9025 0.06713867187500000000 -0.05493164062500000000 0 0 1 0 8 338 332 340 326 320 328 321 329 
328 9026 0.06469726562500000000 -0.05737304687500000000 0 0 1 0 8 329 327 350 325 323 349 326 353 
329 9027 0.06713867187500000000 -0.05737304687500000000 0 0 1 0 8 340 338 353 328 326 350 327 349 
330 9028 0.06958007812500000000 -0.05004882812500000000 0 0 1 0 9 331 296 333 319 278 321 293 292 332 
331 9029 0.07202148437500000000 -0.05004882812500000000 0 0 1 0 9 334 308 336 330 293 332 297 296 333 
332 9030 0.06958007812500000000 -0.05249023437500000000 0 0 1 0 8 333 331 339 321 319 327 330 338 
333 9031 0.07202148437500000000 -0.05249023437500000000 0 0 1 0 8 336 334 342 332 330 338 331 339 
334 9032 0.07446289062500000000 -0.05004882812500000000 0 0 1 0 9 335 312 337 331 297 333 309 308 336 
335 9033 0.07690429687500000000 -0.05004882812500000000 0 0 1 0 9 383 374 385 334 309 336 313 312 337 
336 9034 0.07446289062500000000 -0.05249023437500000000 0 0 1 0 8 337 335 343 333 331 339 334 342 
337 9035 0.07690429687500000000 -0.05249023437500000000 0 0 1 0 8 385 383 391 336 334 342 335 343 
338 9036 0.06958007812500000000 -0.05493164062500000000 0 0 1 0 8 339 333 341 327 321 329 332 340 
339 9037 0.07202148437500000000 -0.05493164062500000000 0 0 1 0 8 342 336 344 338 332 340 333 341 
340 9038 0.06958007812500000000 -0.05737304687500000000 0 0 1 0 8 341 339 353 329 327 350 338 354 
341 9039 0.07202148437500000000 -0.05737304687500000000 0 0 1 0 8 344 342 354 340 338 353 339 350 
342 9040 0.07446289062500000000 -0.05493164062500000000 0 0 1 0 8 343 337 345 339 333 341 336 344 
343 9041 0.07690429687500000000 -0.05493164062500000000 0 0 1 0 8 391 385 393 342 336 344 337 345 
344 9042 0.07446289062500000000 -0.05737304687500000000 0 0 1 0 8 345 343 354 341 339 353 342 433 
345 9043 0.07690429687500000000 -0.05737304687500000000 0 0 1 0 8 393 391 433 344 342 354 343 353 
346 9044 0.05126953125000000000 -0.06103515625000000000 0 0 1 0 9 347 263 348 482 248 483 260 259 484 
347 9045 0.05615234375000000000 -0.06103515625000000000 0 0 1 0 9 349 324 351 346 260 484 264 263 348 
348 9046 0.05615234375000000000 -0.06591796875000000000 0 0 1 0 8 351 349 357 484 346 485 347 486 
349 9047 0.06103515625000000000 -0.06103515625000000000 0 0 1 0 9 350 328 352 347 264 348 325 324 351 
350 9048 0.06591796875000000000 -0.06103515625000000000 0 0 1 0 9 353 340 355 349 325 351 329 328 352 
351 9049 0.06103515625000000000 -0.06591796875000000000 0 0 1 0 8 352 350 358 348 347 486 349 357 
352 9050 0.06591796875000000000 -0.06591796875000000000 0 0 1 0 8 355 353 360 351 349 357 350 358 
353 9051 0.07080078125000000000 -0.06103515625000000000 0 0 1 0 9 354 344 356 350 329 352 341 340 355 
354 9052 0.07568359375000000000 -0.06103515625000000000 0 0 1 0 9 433 393 435 353 341 355 345 344 356 
355 9053 0.07080078125000000000 -0.06591796875000000000 0 0 1 0 8 356 354 361 352 350 358 353 360 
356 9054 0.07568359375000000000 -0.06591796875000000000 0 0 1 0 8 435 433 441 355 353 360 354 361 
357 9055 0.06103515625000000000 -0.07080078125000000000 0 0 1 0 8 358 352 359 486 348 487 351 488 
358 9056 0.06591796875000000000 -0.07080078125000000000 0 0 1 0 8 360 355 362 357 351 488 352 359 
359 9057 0.06591796875000000000 -0.07568359375000000000 0 0 1 0 8 362 360 504 488 357 503 358 502 
360 9058 0.07080078125000000000 -0.07080078125000000000 0 0 1 0 8 361 356 363 358 352 359 355 362 
361 9059 0.07568359375000000000 -0.07080078125000000000 0 0 1 0 8 441 435 491 360 355 362 356 363 
362 9060 0.07080078125000000000 -0.07568359375000000000 0 0 1 0 7 363 361 504 359 358 503 360 
363 9061 0.07568359375000000000 -0.07568359375000000000 0 0 1 0 8 491 441 505 362 360 504 361 503 
364 9062 0.07873535156250000000 -0.04455566406250000000 0 0 1 0 8 365 8 367 303 9 305 7 366 
365 9063 0.07995605468750000000 -0.04455566406250000000 0 0 1 0 8 368 7 370 364 8 366 9 367 
366 9064 0.07873535156250000000 -0.04577636718750000000 0 0 1 0 8 367 365 373 305 303 311 364 372 
367 9065 0.07995605468750000000 -0.04577636718750000000 0 0 1 0 8 370 368 376 366 364 372 365 373 
368 9066 0.08117675781250000000 -0.04455566406250000000 0 0 1 0 7 369 7 371 365 8 367 370 
369 9067 0.08239746093750000000 -0.04455566406250000000 0 0 1 0 8 370 371 368 380 7 6 8 381 
370 9068 0.08117675781250000000 -0.04577636718750000000 0 0 1 0 8 371 369 377 367 365 373 368 376 
371 9069 0.08239746093750000000 -0.04577636718750000000 0 0 1 0 7 380 381 370 368 376 369 377 
372 9070 0.07873535156250000000 -0.04699707031250000000 0 0 1 0 8 373 367 375 311 305 313 366 374 
373 9071 0.07995605468750000000 -0.04699707031250000000 0 0 1 0 8 376 370 378 372 366 374 367 375 
374 9072 0.07873535156250000000 -0.04821777343750000000 0 0 1 0 8 375 373 383 313 311 335 372 384 
375 9073 0.07995605468750000000 -0.04821777343750000000 0 0 1 0 8 378 376 384 374 372 383 373 335 
376 9074 0.08117675781250000000 -0.04699707031250000000 0 0 1 0 8 377 371 379 373 367 375 370 378 
377 9075 0.08239746093750000000 -0.04699707031250000000 0 0 1 0 8 381 380 387 376 370 378 371 379 
378 9076 0.08117675781250000000 -0.04821777343750000000 0 0 1 0 8 379 377 384 375 373 383 376 387 
379 9077 0.08239746093750000000 -0.04821777343750000000 0 0 1 0 8 381 380 387 378 376 384 377 383 
380 9078 0.08422851562500000000 -0.04516601562500000000 0 0 1 0 8 6 382 369 7 371 377 381 379 
381 9079 0.08422851562500000000 -0.04760742187500000000 0 0 1 0 9 382 6 388 377 371 379 384 380 387 
382 9080 0.08666992187500000000 -0.04760742187500000000 0 0 1 0 7 5 381 380 387 6 388 399 
383 9081 0.07934570312500000000 -0.05004882812500000000 0 0 1 0 9 384 378 386 335 313 337 375 374 385 
384 9082 0.08178710937500000000 -0.05004882812500000000 0 0 1 0 9 387 381 389 383 375 385 379 378 386 
385 9083 0.07934570312500000000 -0.05249023437500000000 0 0 1 0 8 386 384 392 337 335 343 383 391 
386 9084 0.08178710937500000000 -0.05249023437500000000 0 0 1 0 8 389 387 395 385 383 391 384 392 
387 9085 0.08422851562500000000 -0.05004882812500000000 0 0 1 0 8 388 382 390 384 379 386 381 389 
388 9086 0.08666992187500000000 -0.05004882812500000000 0 0 1 0 8 399 5 401 387 381 389 382 390 
389 9087 0.08422851562500000000 -0.05249023437500000000 0 0 1 0 8 390 388 396 386 384 392 387 395 
390 9088 0.08666992187500000000 -0.05249023437500000000 0 0 1 0 8 401 399 407 389 387 395 388 396 
391 9089 0.07934570312500000000 -0.05493164062500000000 0 0 1 0 8 392 386 394 343 337 345 385 393 
392 9090 0.08178710937500000000 -0.05493164062500000000 0 0 1 0 8 395 389 397 391 385 393 386 394 
393 9091 0.07934570312500000000 -0.05737304687500000000 0 0 1 0 8 394 392 433 345 343 354 391 434 
394 9092 0.08178710937500000000 -0.05737304687500000000 0 0 1 0 8 397 395 434 393 391 433 392 354 
395 9093 0.08422851562500000000 -0.05493164062500000000 0 0 1 0 8 396 390 398 392 386 394 389 397 
396 9094 0.08666992187500000000 -0.05493164062500000000 0 0 1 0 8 407 401 409 395 389 397 390 398 
397 9095 0.08422851562500000000 -0.05737304687500000000 0 0 1 0 8 398 396 434 394 392 433 395 437 
398 9096 0.08666992187500000000 -0.05737304687500000000 0 0 1 0 8 409 407 437 397 395 434 396 433 
399 9097 0.08911132812500000000 -0.05004882812500000000 0 0 1 0 8 400 5 402 388 382 390 4 401 
400 9098 0.09155273437500000000 -0.05004882812500000000 0 0 1 0 7 403 4 405 399 5 401 402 
401 9099 0.08911132812500000000 -0.05249023437500000000 0 0 1 0 8 402 400 408 390 388 396 399 407 
402 9100 0.09155273437500000000 -0.05249023437500000000 0 0 1 0 8 405 403 411 401 399 407 400 408 
403 9101 0.09399414062500000000 -0.05004882812500000000 0 0 1 0 8 404 4 406 400 5 402 3 405 
404 9102 0.09643554687500000000 -0.05004882812500000000 0 0 1 0 8 415 3 417 403 4 405 5 406 
405 9103 0.09399414062500000000 -0.05249023437500000000 0 0 1 0 8 406 404 412 402 400 408 403 411 
406 9104 0.09643554687500000000 -0.05249023437500000000 0 0 1 0 8 417 415 423 405 403 411 404 412 
407 9105 0.08911132812500000000 -0.05493164062500000000 0 0 1 0 8 408 402 410 396 390 398 401 409 
408 9106 0.09155273437500000000 -0.05493164062500000000 0 0 1 0 8 411 405 413 407 401 409 402 410 
409 9107 0.08911132812500000000 -0.05737304687500000000 0 0 1 0 8 410 408 437 398 396 434 407 438 
410 9108 0.09155273437500000000 -0.05737304687500000000 0 0 1 0 8 413 411 438 409 407 437 408 434 
411 9109 0.09399414062500000000 -0.05493164062500000000 0 0 1 0 8 412 406 414 408 402 410 405 413 
412 9110 0.09643554687500000000 -0.05493164062500000000 0 0 1 0 8 423 417 425 411 405 413 406 414 
413 9111 0.09399414062500000000 -0.05737304687500000000 0 0 1 0 8 414 412 438 410 408 437 411 442 
414 9112 0.09643554687500000000 -0.05737304687500000000 0 0 1 0 8 425 423 442 413 411 438 412 437 
415 9113 0.09887695312500000000 -0.05004882812500000000 0 0 1 0 8 416 3 418 404 4 406 2 417 
416 9114 0.10131835937500000000 -0.05004882812500000000 0 0 1 0 8 419 2 421 415 3 417 4 418 
417 9115 0.09887695312500000000 -0.05249023437500000000 0 0 1 0 8 418 416 424 406 404 412 415 423 
418 9116 0.10131835937500000000 -0.05249023437500000000 0 0 1 0 8 421 419 427 417 415 423 416 424 
419 9117 0.10375976562500000000 -0.05004882812500000000 0 0 1 0 8 420 2 422 416 3 418 1 421 
420 9118 0.10620117187500000000 -0.05004882812500000000 0 0 1 0 8 431 1 432 419 2 421 3 422 
421 9119 0.10375976562500000000 -0.05249023437500000000 0 0 1 0 8 422 420 428 418 416 424 419 427 
422 9120 0.10620117187500000000 -0.05249023437500000000 0 0 1 0 8 431 1 432 421 419 427 420 428 
423 9121 0.09887695312500000000 -0.05493164062500000000 0 0 1 0 8 424 418 426 412 406 414 417 425 
424 9122 0.10131835937500000000 -0.05493164062500000000 0 0 1 0 8 427 421 429 423 417 425 418 426 
425 9123 0.09887695312500000000 -0.05737304687500000000 0 0 1 0 8 426 424 442 414 412 438 423 443 
426 9124 0.10131835937500000000 -0.05737304687500000000 0 0 1 0 8 429 427 443 425 423 442 424 438 
427 9125 0.10375976562500000000 -0.05493164062500000000 0 0 1 0 8 428 422 430 424 418 426 421 429 
428 9126 0.10620117187500000000 -0.05493164062500000000 0 0 1 0 8 432 431 496 427 421 429 422 430 
429 9127 0.10375976562500000000 -0.05737304687500000000 0 0 1 0 8 430 428 443 426 424 442 427 496 
430 9128 0.10620117187500000000 -0.05737304687500000000 0 0 1 0 8 432 431 496 429 427 443 428 442 
431 9129 0.10986328125000000000 -0.05126953125000000000 0 0 1 0 9 445 489 420 2 422 428 1 432 430 
432 9130 0.10986328125000000000 -0.05615234375000000000 0 0 1 0 9 489 445 497 428 422 430 443 431 496 
433 9131 0.08056640625000000000 -0.06103515625000000000 0 0 1 0 9 434 397 436 354 345 356 394 393 435 
434 9132 0.08544921875000000000 -0.06103515625000000000 0 0 1 0 9 437 409 439 433 394 435 398 397 436 
435 9133 0.08056640625000000000 -0.06591796875000000000 0 0 1 0 8 436 434 490 356 354 361 433 441 
436 9134 0.08544921875000000000 -0.06591796875000000000 0 0 1 0 8 439 437 493 435 433 441 434 490 
437 9135 0.09033203125000000000 -0.06103515625000000000 0 0 1 0 9 438 413 440 434 398 436 410 409 439 
438 9136 0.09521484375000000000 -0.06103515625000000000 0 0 1 0 9 442 425 444 437 410 439 414 413 440 
439 9137 0.09033203125000000000 -0.06591796875000000000 0 0 1 0 8 440 438 494 436 434 490 437 493 
440 9138 0.09521484375000000000 -0.06591796875000000000 0 0 1 0 8 444 442 499 439 437 493 438 494 
441 9139 0.08056640625000000000 -0.07080078125000000000 0 0 1 0 8 490 436 492 361 356 363 435 491 
442 9140 0.10009765625000000000 -0.06103515625000000000 0 0 1 0 9 443 429 495 438 414 440 426 425 444 
443 9141 0.10498046875000000000 -0.06103515625000000000 0 0 1 0 9 496 432 498 442 426 444 430 429 495 
444 9142 0.10009765625000000000 -0.06591796875000000000 0 0 1 0 8 495 443 500 440 438 494 442 499 
