466 420 46
1 14310 0.65636888999999998262 -0.03985639199999999743 421 2 0 1 7 445 343 339 341 342 421 2 
2 14311 0.64704355000000002285 -0.04070669799999999949 1 3 0 1 6 339 341 306 340 1 3 
3 14312 0.64235288264123835411 -0.04112945326235927651 2 4 0 1 7 328 305 306 339 340 2 4 
4 14313 0.63766186999999996399 -0.04154888899999999857 3 5 0 1 7 304 305 306 339 3 5 324 
5 14314 0.62822745999999995981 -0.04238217999999999847 4 6 0 1 7 188 303 304 311 313 4 6 
6 14315 0.61874392000000000280 -0.04320577400000000234 5 7 0 1 7 186 187 188 5 7 209 211 
7 14316 0.60921488000000001417 -0.04401886900000000213 6 8 0 1 10 186 193 153 175 189 177 190 195 6 8 
8 14317 0.59964401000000000508 -0.04482065300000000196 7 9 0 1 9 153 174 159 170 161 171 176 7 9 
9 14318 0.59483966246601016614 -0.04521740555591880623 8 10 0 1 8 170 155 158 157 159 172 8 10 
10 14319 0.59003494999999994697 -0.04561030600000000323 9 11 0 1 8 158 110 154 112 155 160 9 11 
11 14320 0.58521336418349012565 -0.04600064005666994194 10 12 0 1 8 154 106 109 108 110 156 10 12 
12 14321 0.58039141000000005199 -0.04638700300000000304 11 13 0 1 8 109 94 105 96 106 111 11 13 
13 14322 0.57071705999999999825 -0.04714990699999999785 12 14 0 1 8 93 78 89 80 90 95 12 14 
14 14323 0.56101562000000004815 -0.04789817999999999854 13 15 0 1 8 77 62 73 64 74 79 13 15 
15 14324 0.55615339846783873323 -0.04826675264534909665 14 16 0 1 8 73 58 61 60 62 75 14 16 
16 14325 0.55129079999999996975 -0.04863097200000000148 15 17 0 1 7 15 17 57 58 61 62 63 
17 14326 0.54885483319086580956 -0.04881176625891350818 16 18 0 1 8 16 18 58 57 60 61 59 65 
18 14327 0.54641875951936025313 -0.04899144699381781376 17 19 0 1 8 57 59 65 23 24 67 17 19 
19 14328 0.54154634000000001492 -0.04934743300000000304 18 20 0 1 8 23 24 18 57 20 42 45 46 
20 14329 0.53178594999999995174 -0.05004670399999999741 19 21 0 1 9 23 45 30 41 32 42 47 19 21 
21 14330 0.52201339000000002155 -0.05072792400000000063 20 22 0 1 8 41 26 29 28 30 43 20 22 
22 14331 0.51223240000000003214 -0.05139023100000000149 21 422 0 1 8 29 423 25 424 26 31 21 422 
23 14332 0.53955078125000000000 -0.05615234375000000000 0 0 1 0 7 24 18 46 20 19 45 42 
24 14333 0.54443359375000000000 -0.05615234375000000000 0 0 1 0 9 65 59 67 121 23 19 45 18 46 
25 14334 0.51025390625000000000 -0.06103515625000000000 0 0 1 0 8 26 22 28 423 422 424 21 27 
26 14335 0.51513671875000000000 -0.06103515625000000000 0 0 1 0 8 29 21 31 25 22 27 422 28 
27 14336 0.51025390625000000000 -0.06591796875000000000 0 0 1 0 8 28 26 34 424 423 425 25 33 
28 14337 0.51513671875000000000 -0.06591796875000000000 0 0 1 0 8 31 29 37 27 25 33 26 34 
29 14338 0.52001953125000000000 -0.06103515625000000000 0 0 1 0 8 30 21 32 26 22 28 20 31 
30 14339 0.52490234375000000000 -0.06103515625000000000 0 0 1 0 8 41 20 43 29 21 31 22 32 
31 14340 0.52001953125000000000 -0.06591796875000000000 0 0 1 0 8 32 30 38 28 26 34 29 37 
32 14341 0.52490234375000000000 -0.06591796875000000000 0 0 1 0 8 43 41 49 31 29 37 30 38 
33 14342 0.51025390625000000000 -0.07080078125000000000 0 0 1 0 8 34 28 36 425 424 426 27 35 
34 14343 0.51513671875000000000 -0.07080078125000000000 0 0 1 0 8 37 31 39 33 27 35 28 36 
35 14344 0.51025390625000000000 -0.07568359375000000000 0 0 1 0 8 36 34 253 426 425 427 33 254 
36 14345 0.51513671875000000000 -0.07568359375000000000 0 0 1 0 8 39 37 254 35 33 253 34 427 
37 14346 0.52001953125000000000 -0.07080078125000000000 0 0 1 0 8 38 32 40 34 28 36 31 39 
38 14347 0.52490234375000000000 -0.07080078125000000000 0 0 1 0 8 49 43 51 37 31 39 32 40 
39 14348 0.52001953125000000000 -0.07568359375000000000 0 0 1 0 8 40 38 254 36 34 253 37 256 
40 14349 0.52490234375000000000 -0.07568359375000000000 0 0 1 0 8 51 49 256 39 37 254 38 253 
41 14350 0.52978515625000000000 -0.06103515625000000000 0 0 1 0 7 42 20 44 30 21 32 43 
42 14351 0.53466796875000000000 -0.06103515625000000000 0 0 1 0 8 45 23 47 41 20 43 21 44 
43 14352 0.52978515625000000000 -0.06591796875000000000 0 0 1 0 8 44 42 50 32 30 38 41 49 
44 14353 0.53466796875000000000 -0.06591796875000000000 0 0 1 0 8 47 45 53 43 41 49 42 50 
45 14354 0.53955078125000000000 -0.06103515625000000000 0 0 1 0 8 46 24 48 42 20 44 23 47 
46 14355 0.54443359375000000000 -0.06103515625000000000 0 0 1 0 8 121 67 123 45 23 47 24 48 
47 14356 0.53955078125000000000 -0.06591796875000000000 0 0 1 0 8 48 46 54 44 42 50 45 53 
48 14357 0.54443359375000000000 -0.06591796875000000000 0 0 1 0 8 123 121 129 47 45 53 46 54 
49 14358 0.52978515625000000000 -0.07080078125000000000 0 0 1 0 8 50 44 52 38 32 40 43 51 
50 14359 0.53466796875000000000 -0.07080078125000000000 0 0 1 0 8 53 47 55 49 43 51 44 52 
51 14360 0.52978515625000000000 -0.07568359375000000000 0 0 1 0 8 52 50 256 40 38 254 49 257 
52 14361 0.53466796875000000000 -0.07568359375000000000 0 0 1 0 8 55 53 257 51 49 256 50 254 
53 14362 0.53955078125000000000 -0.07080078125000000000 0 0 1 0 8 54 48 56 50 44 52 47 55 
54 14363 0.54443359375000000000 -0.07080078125000000000 0 0 1 0 8 129 123 131 53 47 55 48 56 
55 14364 0.53955078125000000000 -0.07568359375000000000 0 0 1 0 8 56 54 257 52 50 256 53 263 
56 14365 0.54443359375000000000 -0.07568359375000000000 0 0 1 0 8 131 129 263 55 53 257 54 256 
57 14366 0.54809570312500000000 -0.05004882812500000000 0 0 1 0 7 58 16 60 18 24 17 59 
58 14367 0.55053710937500000000 -0.05004882812500000000 0 0 1 0 8 61 15 63 57 17 59 16 60 
59 14368 0.54809570312500000000 -0.05249023437500000000 0 0 1 0 7 60 58 66 18 24 57 65 
60 14369 0.55053710937500000000 -0.05249023437500000000 0 0 1 0 8 63 61 69 59 57 65 58 66 
61 14370 0.55297851562500000000 -0.05004882812500000000 0 0 1 0 9 15 17 64 16 14 58 62 63 60 
62 14371 0.55541992187500000000 -0.05004882812500000000 0 0 1 0 7 73 14 75 61 15 63 64 
63 14372 0.55297851562500000000 -0.05249023437500000000 0 0 1 0 8 64 62 70 60 58 66 61 69 
64 14373 0.55541992187500000000 -0.05249023437500000000 0 0 1 0 8 75 73 81 63 61 69 62 70 
65 14374 0.54809570312500000000 -0.05493164062500000000 0 0 1 0 8 66 60 68 24 18 46 59 67 
66 14375 0.55053710937500000000 -0.05493164062500000000 0 0 1 0 8 69 63 71 65 59 67 60 68 
67 14376 0.54809570312500000000 -0.05737304687500000000 0 0 1 0 8 68 66 121 24 18 46 65 122 
68 14377 0.55053710937500000000 -0.05737304687500000000 0 0 1 0 8 71 69 122 67 65 121 66 46 
69 14378 0.55297851562500000000 -0.05493164062500000000 0 0 1 0 8 70 64 72 66 60 68 63 71 
70 14379 0.55541992187500000000 -0.05493164062500000000 0 0 1 0 8 81 75 83 69 63 71 64 72 
71 14380 0.55297851562500000000 -0.05737304687500000000 0 0 1 0 8 72 70 122 68 66 121 69 125 
72 14381 0.55541992187500000000 -0.05737304687500000000 0 0 1 0 8 83 81 125 71 69 122 70 121 
73 14382 0.55786132812500000000 -0.05004882812500000000 0 0 1 0 7 74 14 76 62 15 64 75 
74 14383 0.56030273437500000000 -0.05004882812500000000 0 0 1 0 7 77 79 73 14 75 15 76 
75 14384 0.55786132812500000000 -0.05249023437500000000 0 0 1 0 8 76 74 82 64 62 70 73 81 
76 14385 0.56030273437500000000 -0.05249023437500000000 0 0 1 0 8 79 77 85 75 73 81 74 82 
77 14386 0.56274414062500000000 -0.05004882812500000000 0 0 1 0 7 78 80 74 14 76 13 79 
78 14387 0.56518554687500000000 -0.05004882812500000000 0 0 1 0 7 89 13 91 77 79 14 80 
79 14388 0.56274414062500000000 -0.05249023437500000000 0 0 1 0 8 80 78 86 76 74 82 77 85 
80 14389 0.56518554687500000000 -0.05249023437500000000 0 0 1 0 8 91 89 97 79 77 85 78 86 
81 14390 0.55786132812500000000 -0.05493164062500000000 0 0 1 0 8 82 76 84 70 64 72 75 83 
82 14391 0.56030273437500000000 -0.05493164062500000000 0 0 1 0 8 85 79 87 81 75 83 76 84 
83 14392 0.55786132812500000000 -0.05737304687500000000 0 0 1 0 8 84 82 125 72 70 122 81 126 
84 14393 0.56030273437500000000 -0.05737304687500000000 0 0 1 0 8 87 85 126 83 81 125 82 122 
85 14394 0.56274414062500000000 -0.05493164062500000000 0 0 1 0 8 86 80 88 82 76 84 79 87 
86 14395 0.56518554687500000000 -0.05493164062500000000 0 0 1 0 8 97 91 99 85 79 87 80 88 
87 14396 0.56274414062500000000 -0.05737304687500000000 0 0 1 0 8 88 86 126 84 82 125 85 137 
88 14397 0.56518554687500000000 -0.05737304687500000000 0 0 1 0 8 99 97 137 87 85 126 86 125 
89 14398 0.56762695312500000000 -0.05004882812500000000 0 0 1 0 6 90 13 92 78 80 91 
90 14399 0.57006835937500000000 -0.05004882812500000000 0 0 1 0 6 93 95 89 13 91 92 
91 14400 0.56762695312500000000 -0.05249023437500000000 0 0 1 0 8 92 90 98 80 78 86 89 97 
92 14401 0.57006835937500000000 -0.05249023437500000000 0 0 1 0 8 95 93 101 91 89 97 90 98 
93 14402 0.57250976562500000000 -0.05004882812500000000 0 0 1 0 7 94 96 90 13 92 12 95 
94 14403 0.57495117187500000000 -0.05004882812500000000 0 0 1 0 7 105 12 107 93 95 13 96 
95 14404 0.57250976562500000000 -0.05249023437500000000 0 0 1 0 8 96 94 102 92 90 98 93 101 
96 14405 0.57495117187500000000 -0.05249023437500000000 0 0 1 0 8 107 105 113 95 93 101 94 102 
97 14406 0.56762695312500000000 -0.05493164062500000000 0 0 1 0 8 98 92 100 86 80 88 91 99 
98 14407 0.57006835937500000000 -0.05493164062500000000 0 0 1 0 8 101 95 103 97 91 99 92 100 
99 14408 0.56762695312500000000 -0.05737304687500000000 0 0 1 0 8 100 98 137 88 86 126 97 138 
100 14409 0.57006835937500000000 -0.05737304687500000000 0 0 1 0 8 103 101 138 99 97 137 98 126 
101 14410 0.57250976562500000000 -0.05493164062500000000 0 0 1 0 8 102 96 104 98 92 100 95 103 
102 14411 0.57495117187500000000 -0.05493164062500000000 0 0 1 0 8 113 107 115 101 95 103 96 104 
103 14412 0.57250976562500000000 -0.05737304687500000000 0 0 1 0 8 104 102 138 100 98 137 101 141 
104 14413 0.57495117187500000000 -0.05737304687500000000 0 0 1 0 8 115 113 141 103 101 138 102 137 
105 14414 0.57739257812500000000 -0.05004882812500000000 0 0 1 0 8 13 11 107 94 108 96 106 12 
106 14415 0.57983398437500000000 -0.05004882812500000000 0 0 1 0 7 109 11 111 105 12 107 108 
107 14416 0.57739257812500000000 -0.05249023437500000000 0 0 1 0 8 108 106 114 96 94 102 105 113 
108 14417 0.57983398437500000000 -0.05249023437500000000 0 0 1 0 8 111 109 117 107 105 113 106 114 
109 14418 0.58227539062500000000 -0.05004882812500000000 0 0 1 0 8 110 11 112 106 12 108 10 111 
110 14419 0.58471679687500000000 -0.05004882812500000000 0 0 1 0 8 154 10 156 109 11 111 12 112 
111 14420 0.58227539062500000000 -0.05249023437500000000 0 0 1 0 8 112 110 118 108 106 114 109 117 
112 14421 0.58471679687500000000 -0.05249023437500000000 0 0 1 0 8 156 154 162 111 109 117 110 118 
113 14422 0.57739257812500000000 -0.05493164062500000000 0 0 1 0 8 114 108 116 102 96 104 107 115 
114 14423 0.57983398437500000000 -0.05493164062500000000 0 0 1 0 8 117 111 119 113 107 115 108 116 
115 14424 0.57739257812500000000 -0.05737304687500000000 0 0 1 0 8 116 114 141 104 102 138 113 142 
116 14425 0.57983398437500000000 -0.05737304687500000000 0 0 1 0 8 119 117 142 115 113 141 114 138 
117 14426 0.58227539062500000000 -0.05493164062500000000 0 0 1 0 8 118 112 120 114 108 116 111 119 
118 14427 0.58471679687500000000 -0.05493164062500000000 0 0 1 0 8 162 156 164 117 111 119 112 120 
119 14428 0.58227539062500000000 -0.05737304687500000000 0 0 1 0 8 120 118 142 116 114 141 117 221 
120 14429 0.58471679687500000000 -0.05737304687500000000 0 0 1 0 8 164 162 221 119 117 142 118 141 
121 14430 0.54931640625000000000 -0.06103515625000000000 0 0 1 0 9 122 71 124 46 24 48 68 67 123 
122 14431 0.55419921875000000000 -0.06103515625000000000 0 0 1 0 9 125 83 127 121 68 123 72 71 124 
123 14432 0.54931640625000000000 -0.06591796875000000000 0 0 1 0 8 124 122 130 48 46 54 121 129 
124 14433 0.55419921875000000000 -0.06591796875000000000 0 0 1 0 8 127 125 133 123 121 129 122 130 
125 14434 0.55908203125000000000 -0.06103515625000000000 0 0 1 0 9 126 87 128 122 72 124 84 83 127 
126 14435 0.56396484375000000000 -0.06103515625000000000 0 0 1 0 9 137 99 139 125 84 127 88 87 128 
127 14436 0.55908203125000000000 -0.06591796875000000000 0 0 1 0 8 128 126 134 124 122 130 125 133 
128 14437 0.56396484375000000000 -0.06591796875000000000 0 0 1 0 8 139 137 145 127 125 133 126 134 
129 14438 0.54931640625000000000 -0.07080078125000000000 0 0 1 0 8 130 124 132 54 48 56 123 131 
130 14439 0.55419921875000000000 -0.07080078125000000000 0 0 1 0 8 133 127 135 129 123 131 124 132 
131 14440 0.54931640625000000000 -0.07568359375000000000 0 0 1 0 8 132 130 263 56 54 257 129 264 
132 14441 0.55419921875000000000 -0.07568359375000000000 0 0 1 0 8 135 133 264 131 129 263 130 257 
133 14442 0.55908203125000000000 -0.07080078125000000000 0 0 1 0 8 134 128 136 130 124 132 127 135 
134 14443 0.56396484375000000000 -0.07080078125000000000 0 0 1 0 8 145 139 147 133 127 135 128 136 
135 14444 0.55908203125000000000 -0.07568359375000000000 0 0 1 0 8 136 134 264 132 130 263 133 267 
136 14445 0.56396484375000000000 -0.07568359375000000000 0 0 1 0 8 147 145 267 135 133 264 134 263 
137 14446 0.56884765625000000000 -0.06103515625000000000 0 0 1 0 9 138 103 140 126 88 128 100 99 139 
138 14447 0.57373046875000000000 -0.06103515625000000000 0 0 1 0 9 141 115 143 137 100 139 104 103 140 
139 14448 0.56884765625000000000 -0.06591796875000000000 0 0 1 0 8 140 138 146 128 126 134 137 145 
140 14449 0.57373046875000000000 -0.06591796875000000000 0 0 1 0 8 143 141 149 139 137 145 138 146 
141 14450 0.57861328125000000000 -0.06103515625000000000 0 0 1 0 9 142 119 144 138 104 140 116 115 143 
142 14451 0.58349609375000000000 -0.06103515625000000000 0 0 1 0 9 221 164 223 141 116 143 120 119 144 
143 14452 0.57861328125000000000 -0.06591796875000000000 0 0 1 0 8 144 142 150 140 138 146 141 149 
144 14453 0.58349609375000000000 -0.06591796875000000000 0 0 1 0 8 223 221 229 143 141 149 142 150 
145 14454 0.56884765625000000000 -0.07080078125000000000 0 0 1 0 8 146 140 148 134 128 136 139 147 
146 14455 0.57373046875000000000 -0.07080078125000000000 0 0 1 0 8 149 143 151 145 139 147 140 148 
147 14456 0.56884765625000000000 -0.07568359375000000000 0 0 1 0 8 148 146 267 136 134 264 145 268 
148 14457 0.57373046875000000000 -0.07568359375000000000 0 0 1 0 8 151 149 268 147 145 267 146 264 
149 14458 0.57861328125000000000 -0.07080078125000000000 0 0 1 0 8 150 144 152 146 140 148 143 151 
150 14459 0.58349609375000000000 -0.07080078125000000000 0 0 1 0 8 229 223 231 149 143 151 144 152 
151 14460 0.57861328125000000000 -0.07568359375000000000 0 0 1 0 8 152 150 268 148 146 267 149 279 
152 14461 0.58349609375000000000 -0.07568359375000000000 0 0 1 0 8 231 229 279 151 149 268 150 267 
153 14462 0.60302734375000000000 -0.04638671875000000000 0 0 1 0 8 7 189 8 171 174 173 175 191 
154 14463 0.58715820312500000000 -0.05004882812500000000 0 0 1 0 8 155 10 157 110 11 112 9 156 
155 14464 0.58959960937500000000 -0.05004882812500000000 0 0 1 0 8 158 9 160 154 10 156 11 157 
156 14465 0.58715820312500000000 -0.05249023437500000000 0 0 1 0 8 157 155 163 112 110 118 154 162 
157 14466 0.58959960937500000000 -0.05249023437500000000 0 0 1 0 8 160 158 166 156 154 162 155 163 
158 14467 0.59204101562500000000 -0.05004882812500000000 0 0 1 0 8 159 9 161 155 10 157 8 160 
159 14468 0.59448242187500000000 -0.05004882812500000000 0 0 1 0 8 170 8 172 158 9 160 10 161 
160 14469 0.59204101562500000000 -0.05249023437500000000 0 0 1 0 8 161 159 167 157 155 163 158 166 
161 14470 0.59448242187500000000 -0.05249023437500000000 0 0 1 0 8 172 170 178 160 158 166 159 167 
162 14471 0.58715820312500000000 -0.05493164062500000000 0 0 1 0 8 163 157 165 118 112 120 156 164 
163 14472 0.58959960937500000000 -0.05493164062500000000 0 0 1 0 8 166 160 168 162 156 164 157 165 
164 14473 0.58715820312500000000 -0.05737304687500000000 0 0 1 0 8 165 163 221 120 118 142 162 222 
165 14474 0.58959960937500000000 -0.05737304687500000000 0 0 1 0 8 168 166 222 164 162 221 163 142 
166 14475 0.59204101562500000000 -0.05493164062500000000 0 0 1 0 8 167 161 169 163 157 165 160 168 
167 14476 0.59448242187500000000 -0.05493164062500000000 0 0 1 0 8 178 172 180 166 160 168 161 169 
168 14477 0.59204101562500000000 -0.05737304687500000000 0 0 1 0 8 169 167 222 165 163 221 166 225 
169 14478 0.59448242187500000000 -0.05737304687500000000 0 0 1 0 8 180 178 225 168 166 222 167 221 
170 14479 0.59692382812500000000 -0.05004882812500000000 0 0 1 0 8 171 8 173 159 9 161 153 172 
171 14480 0.59936523437500000000 -0.05004882812500000000 0 0 1 0 8 174 153 176 170 8 172 9 173 
172 14481 0.59692382812500000000 -0.05249023437500000000 0 0 1 0 8 173 171 179 161 159 167 170 178 
173 14482 0.59936523437500000000 -0.05249023437500000000 0 0 1 0 8 176 174 182 172 170 178 171 179 
174 14483 0.60180664062500000000 -0.05004882812500000000 0 0 1 0 8 175 153 177 171 8 173 7 176 
175 14484 0.60424804687500000000 -0.05004882812500000000 0 0 1 0 8 189 7 191 174 153 176 8 177 
176 14485 0.60180664062500000000 -0.05249023437500000000 0 0 1 0 8 177 175 183 173 171 179 174 182 
177 14486 0.60424804687500000000 -0.05249023437500000000 0 0 1 0 8 191 189 197 176 174 182 175 183 
178 14487 0.59692382812500000000 -0.05493164062500000000 0 0 1 0 8 179 173 181 167 161 169 172 180 
179 14488 0.59936523437500000000 -0.05493164062500000000 0 0 1 0 8 182 176 184 178 172 180 173 181 
180 14489 0.59692382812500000000 -0.05737304687500000000 0 0 1 0 8 181 179 225 169 167 222 178 226 
181 14490 0.59936523437500000000 -0.05737304687500000000 0 0 1 0 8 184 182 226 180 178 225 179 222 
182 14491 0.60180664062500000000 -0.05493164062500000000 0 0 1 0 8 183 177 185 179 173 181 176 184 
183 14492 0.60424804687500000000 -0.05493164062500000000 0 0 1 0 8 197 191 199 182 176 184 177 185 
184 14493 0.60180664062500000000 -0.05737304687500000000 0 0 1 0 8 185 183 226 181 179 225 182 237 
185 14494 0.60424804687500000000 -0.05737304687500000000 0 0 1 0 8 199 197 237 184 182 226 183 225 
186 14495 0.61279296875000000000 -0.04638671875000000000 0 0 1 0 9 187 6 205 7 190 193 192 194 207 
187 14496 0.61767578125000000000 -0.04638671875000000000 0 0 1 0 9 188 209 186 194 6 205 196 206 211 
188 14497 0.62255859375000000000 -0.04638671875000000000 0 0 1 0 10 303 5 307 187 6 206 209 208 210 309 
189 14498 0.60668945312500000000 -0.05004882812500000000 0 0 1 0 8 190 7 192 175 153 177 186 191 
190 14499 0.60913085937500000000 -0.05004882812500000000 0 0 1 0 8 193 186 195 189 7 191 153 192 
191 14500 0.60668945312500000000 -0.05249023437500000000 0 0 1 0 8 192 190 198 177 175 183 189 197 
192 14501 0.60913085937500000000 -0.05249023437500000000 0 0 1 0 8 195 193 201 191 189 197 190 198 
193 14502 0.61157226562500000000 -0.05004882812500000000 0 0 1 0 8 194 186 196 190 7 192 187 195 
194 14503 0.61401367187500000000 -0.05004882812500000000 0 0 1 0 8 205 187 207 193 186 195 7 196 
195 14504 0.61157226562500000000 -0.05249023437500000000 0 0 1 0 8 196 194 202 192 190 198 193 201 
196 14505 0.61401367187500000000 -0.05249023437500000000 0 0 1 0 8 207 205 213 195 193 201 194 202 
197 14506 0.60668945312500000000 -0.05493164062500000000 0 0 1 0 8 198 192 200 183 177 185 191 199 
198 14507 0.60913085937500000000 -0.05493164062500000000 0 0 1 0 8 201 195 203 197 191 199 192 200 
199 14508 0.60668945312500000000 -0.05737304687500000000 0 0 1 0 8 200 198 237 185 183 226 197 238 
200 14509 0.60913085937500000000 -0.05737304687500000000 0 0 1 0 8 203 201 238 199 197 237 198 226 
201 14510 0.61157226562500000000 -0.05493164062500000000 0 0 1 0 8 202 196 204 198 192 200 195 203 
202 14511 0.61401367187500000000 -0.05493164062500000000 0 0 1 0 8 213 207 215 201 195 203 196 204 
203 14512 0.61157226562500000000 -0.05737304687500000000 0 0 1 0 8 204 202 238 200 198 237 201 241 
204 14513 0.61401367187500000000 -0.05737304687500000000 0 0 1 0 8 215 213 241 203 201 238 202 237 
205 14514 0.61645507812500000000 -0.05004882812500000000 0 0 1 0 8 206 187 208 194 186 196 188 207 
206 14515 0.61889648437500000000 -0.05004882812500000000 0 0 1 0 8 209 188 211 205 187 207 186 208 
207 14516 0.61645507812500000000 -0.05249023437500000000 0 0 1 0 8 208 206 214 196 194 202 205 213 
208 14517 0.61889648437500000000 -0.05249023437500000000 0 0 1 0 8 211 209 217 207 205 213 206 214 
209 14518 0.62133789062500000000 -0.05004882812500000000 0 0 1 0 8 210 188 212 206 187 208 303 211 
210 14519 0.62377929687500000000 -0.05004882812500000000 0 0 1 0 8 307 303 309 209 188 211 187 212 
211 14520 0.62133789062500000000 -0.05249023437500000000 0 0 1 0 8 212 210 218 208 206 214 209 217 
212 14521 0.62377929687500000000 -0.05249023437500000000 0 0 1 0 8 309 307 315 211 209 217 210 218 
213 14522 0.61645507812500000000 -0.05493164062500000000 0 0 1 0 8 214 208 216 202 196 204 207 215 
214 14523 0.61889648437500000000 -0.05493164062500000000 0 0 1 0 8 217 211 219 213 207 215 208 216 
215 14524 0.61645507812500000000 -0.05737304687500000000 0 0 1 0 8 216 214 241 204 202 238 213 242 
216 14525 0.61889648437500000000 -0.05737304687500000000 0 0 1 0 8 219 217 242 215 213 241 214 238 
217 14526 0.62133789062500000000 -0.05493164062500000000 0 0 1 0 8 218 212 220 214 208 216 211 219 
218 14527 0.62377929687500000000 -0.05493164062500000000 0 0 1 0 8 315 309 317 217 211 219 212 220 
219 14528 0.62133789062500000000 -0.05737304687500000000 0 0 1 0 8 220 218 242 216 214 241 217 376 
220 14529 0.62377929687500000000 -0.05737304687500000000 0 0 1 0 8 317 315 376 219 217 242 218 241 
221 14530 0.58837890625000000000 -0.06103515625000000000 0 0 1 0 9 222 168 224 142 120 144 165 164 223 
222 14531 0.59326171875000000000 -0.06103515625000000000 0 0 1 0 9 225 180 227 221 165 223 169 168 224 
223 14532 0.58837890625000000000 -0.06591796875000000000 0 0 1 0 8 224 222 230 144 142 150 221 229 
224 14533 0.59326171875000000000 -0.06591796875000000000 0 0 1 0 8 227 225 233 223 221 229 222 230 
225 14534 0.59814453125000000000 -0.06103515625000000000 0 0 1 0 9 226 184 228 222 169 224 181 180 227 
226 14535 0.60302734375000000000 -0.06103515625000000000 0 0 1 0 9 237 199 239 225 181 227 185 184 228 
227 14536 0.59814453125000000000 -0.06591796875000000000 0 0 1 0 8 228 226 234 224 222 230 225 233 
228 14537 0.60302734375000000000 -0.06591796875000000000 0 0 1 0 8 239 237 245 227 225 233 226 234 
229 14538 0.58837890625000000000 -0.07080078125000000000 0 0 1 0 8 230 224 232 150 144 152 223 231 
230 14539 0.59326171875000000000 -0.07080078125000000000 0 0 1 0 8 233 227 235 229 223 231 224 232 
231 14540 0.58837890625000000000 -0.07568359375000000000 0 0 1 0 8 232 230 279 152 150 268 229 280 
232 14541 0.59326171875000000000 -0.07568359375000000000 0 0 1 0 8 235 233 280 231 229 279 230 268 
233 14542 0.59814453125000000000 -0.07080078125000000000 0 0 1 0 8 234 228 236 230 224 232 227 235 
234 14543 0.60302734375000000000 -0.07080078125000000000 0 0 1 0 8 245 239 247 233 227 235 228 236 
235 14544 0.59814453125000000000 -0.07568359375000000000 0 0 1 0 8 236 234 280 232 230 279 233 283 
236 14545 0.60302734375000000000 -0.07568359375000000000 0 0 1 0 8 247 245 283 235 233 280 234 279 
237 14546 0.60791015625000000000 -0.06103515625000000000 0 0 1 0 9 238 203 240 226 185 228 200 199 239 
238 14547 0.61279296875000000000 -0.06103515625000000000 0 0 1 0 9 241 215 243 237 200 239 204 203 240 
239 14548 0.60791015625000000000 -0.06591796875000000000 0 0 1 0 8 240 238 246 228 226 234 237 245 
240 14549 0.61279296875000000000 -0.06591796875000000000 0 0 1 0 8 243 241 249 239 237 245 238 246 
241 14550 0.61767578125000000000 -0.06103515625000000000 0 0 1 0 9 242 219 244 238 204 240 216 215 243 
242 14551 0.62255859375000000000 -0.06103515625000000000 0 0 1 0 9 376 317 378 241 216 243 220 219 244 
243 14552 0.61767578125000000000 -0.06591796875000000000 0 0 1 0 8 244 242 250 240 238 246 241 249 
244 14553 0.62255859375000000000 -0.06591796875000000000 0 0 1 0 8 378 376 384 243 241 249 242 250 
245 14554 0.60791015625000000000 -0.07080078125000000000 0 0 1 0 8 246 240 248 234 228 236 239 247 
246 14555 0.61279296875000000000 -0.07080078125000000000 0 0 1 0 8 249 243 251 245 239 247 240 248 
247 14556 0.60791015625000000000 -0.07568359375000000000 0 0 1 0 8 248 246 283 236 234 280 245 284 
248 14557 0.61279296875000000000 -0.07568359375000000000 0 0 1 0 8 251 249 284 247 245 283 246 280 
249 14558 0.61767578125000000000 -0.07080078125000000000 0 0 1 0 8 250 244 252 246 240 248 243 251 
250 14559 0.62255859375000000000 -0.07080078125000000000 0 0 1 0 8 384 378 386 249 243 251 244 252 
251 14560 0.61767578125000000000 -0.07568359375000000000 0 0 1 0 8 252 250 284 248 246 283 249 408 
252 14561 0.62255859375000000000 -0.07568359375000000000 0 0 1 0 8 386 384 408 251 249 284 250 283 
253 14562 0.51269531250000000000 -0.08300781250000000000 0 0 1 0 9 254 39 255 427 426 428 36 35 429 
254 14563 0.52246093750000000000 -0.08300781250000000000 0 0 1 0 9 256 51 258 253 36 429 40 39 255 
255 14564 0.52246093750000000000 -0.09277343750000000000 0 0 1 0 8 258 256 260 429 253 430 254 431 
256 14565 0.53222656250000000000 -0.08300781250000000000 0 0 1 0 9 257 55 259 254 40 255 52 51 258 
257 14566 0.54199218750000000000 -0.08300781250000000000 0 0 1 0 9 263 131 265 256 52 258 56 55 259 
258 14567 0.53222656250000000000 -0.09277343750000000000 0 0 1 0 8 259 257 261 255 254 431 256 260 
259 14568 0.54199218750000000000 -0.09277343750000000000 0 0 1 0 8 265 263 271 258 256 260 257 261 
260 14569 0.53222656250000000000 -0.10253906250000000000 0 0 1 0 8 261 259 262 431 255 432 258 433 
261 14570 0.54199218750000000000 -0.10253906250000000000 0 0 1 0 8 271 265 273 260 258 433 259 262 
262 14571 0.54199218750000000000 -0.11230468750000000000 0 0 1 0 8 273 271 295 433 260 434 261 435 
263 14572 0.55175781250000000000 -0.08300781250000000000 0 0 1 0 9 264 135 266 257 56 259 132 131 265 
264 14573 0.56152343750000000000 -0.08300781250000000000 0 0 1 0 9 267 147 269 263 132 265 136 135 266 
265 14574 0.55175781250000000000 -0.09277343750000000000 0 0 1 0 8 266 264 272 259 257 261 263 271 
266 14575 0.56152343750000000000 -0.09277343750000000000 0 0 1 0 8 269 267 275 265 263 271 264 272 
267 14576 0.57128906250000000000 -0.08300781250000000000 0 0 1 0 9 268 151 270 264 136 266 148 147 269 
268 14577 0.58105468750000000000 -0.08300781250000000000 0 0 1 0 9 279 231 281 267 148 269 152 151 270 
269 14578 0.57128906250000000000 -0.09277343750000000000 0 0 1 0 8 270 268 276 266 264 272 267 275 
270 14579 0.58105468750000000000 -0.09277343750000000000 0 0 1 0 8 281 279 287 269 267 275 268 276 
271 14580 0.55175781250000000000 -0.10253906250000000000 0 0 1 0 8 272 266 274 261 259 262 265 273 
272 14581 0.56152343750000000000 -0.10253906250000000000 0 0 1 0 8 275 269 277 271 265 273 266 274 
273 14582 0.55175781250000000000 -0.11230468750000000000 0 0 1 0 8 274 272 296 262 261 435 271 295 
274 14583 0.56152343750000000000 -0.11230468750000000000 0 0 1 0 8 277 275 297 273 271 295 272 296 
275 14584 0.57128906250000000000 -0.10253906250000000000 0 0 1 0 8 276 270 278 272 266 274 269 277 
276 14585 0.58105468750000000000 -0.10253906250000000000 0 0 1 0 8 287 281 289 275 269 277 270 278 
277 14586 0.57128906250000000000 -0.11230468750000000000 0 0 1 0 8 278 276 298 274 272 296 275 297 
278 14587 0.58105468750000000000 -0.11230468750000000000 0 0 1 0 8 289 287 299 277 275 297 276 298 
279 14588 0.59082031250000000000 -0.08300781250000000000 0 0 1 0 9 280 235 282 268 152 270 232 231 281 
280 14589 0.60058593750000000000 -0.08300781250000000000 0 0 1 0 9 283 247 285 279 232 281 236 235 282 
281 14590 0.59082031250000000000 -0.09277343750000000000 0 0 1 0 8 282 280 288 270 268 276 279 287 
282 14591 0.60058593750000000000 -0.09277343750000000000 0 0 1 0 8 285 283 291 281 279 287 280 288 
283 14592 0.61035156250000000000 -0.08300781250000000000 0 0 1 0 9 284 251 286 280 236 282 248 247 285 
284 14593 0.62011718750000000000 -0.08300781250000000000 0 0 1 0 9 408 386 410 283 248 285 252 251 286 
285 14594 0.61035156250000000000 -0.09277343750000000000 0 0 1 0 8 286 284 292 282 280 288 283 291 
286 14595 0.62011718750000000000 -0.09277343750000000000 0 0 1 0 8 410 408 416 285 283 291 284 292 
287 14596 0.59082031250000000000 -0.10253906250000000000 0 0 1 0 8 288 282 290 276 270 278 281 289 
288 14597 0.60058593750000000000 -0.10253906250000000000 0 0 1 0 8 291 285 293 287 281 289 282 290 
289 14598 0.59082031250000000000 -0.11230468750000000000 0 0 1 0 8 290 288 300 278 276 298 287 299 
290 14599 0.60058593750000000000 -0.11230468750000000000 0 0 1 0 8 293 291 301 289 287 299 288 300 
291 14600 0.61035156250000000000 -0.10253906250000000000 0 0 1 0 8 292 286 294 288 282 290 285 293 
292 14601 0.62011718750000000000 -0.10253906250000000000 0 0 1 0 8 416 410 418 291 285 293 286 294 
293 14602 0.61035156250000000000 -0.11230468750000000000 0 0 1 0 8 294 292 302 290 288 300 291 301 
294 14603 0.62011718750000000000 -0.11230468750000000000 0 0 1 0 8 418 416 463 293 291 301 292 302 
295 14604 0.55175781250000000000 -0.12207031250000000000 0 0 1 0 8 296 274 438 435 262 436 273 437 
296 14605 0.56152343750000000000 -0.12207031250000000000 0 0 1 0 8 297 277 439 295 273 437 274 438 
297 14606 0.57128906250000000000 -0.12207031250000000000 0 0 1 0 8 298 278 440 296 274 438 277 439 
298 14607 0.58105468750000000000 -0.12207031250000000000 0 0 1 0 8 299 289 441 297 277 439 278 440 
299 14608 0.59082031250000000000 -0.12207031250000000000 0 0 1 0 8 300 290 442 298 278 440 289 441 
300 14609 0.60058593750000000000 -0.12207031250000000000 0 0 1 0 8 301 293 443 299 289 441 290 442 
301 14610 0.61035156250000000000 -0.12207031250000000000 0 0 1 0 8 302 294 444 300 290 442 293 443 
302 14611 0.62011718750000000000 -0.12207031250000000000 0 0 1 0 8 463 418 465 301 293 443 294 444 
303 14612 0.62744140625000000000 -0.04638671875000000000 0 0 1 0 9 304 311 188 210 5 307 212 308 313 
304 14613 0.63232421875000000000 -0.04638671875000000000 0 0 1 0 10 305 4 323 303 5 308 311 310 312 325 
305 14614 0.63720703125000000000 -0.04638671875000000000 0 0 1 0 10 306 3 327 304 312 4 323 314 324 329 
306 14615 0.64208984375000000000 -0.04638671875000000000 0 0 1 0 11 340 2 344 305 4 324 3 327 326 328 346 
307 14616 0.62622070312500000000 -0.05004882812500000000 0 0 1 0 8 308 303 310 210 188 212 304 309 
308 14617 0.62866210937500000000 -0.05004882812500000000 0 0 1 0 8 311 304 313 307 303 309 188 310 
309 14618 0.62622070312500000000 -0.05249023437500000000 0 0 1 0 8 310 308 316 212 210 218 307 315 
310 14619 0.62866210937500000000 -0.05249023437500000000 0 0 1 0 8 313 311 319 309 307 315 308 316 
311 14620 0.63110351562500000000 -0.05004882812500000000 0 0 1 0 8 312 304 314 308 303 310 305 313 
312 14621 0.63354492187500000000 -0.05004882812500000000 0 0 1 0 8 323 305 325 311 304 313 303 314 
313 14622 0.63110351562500000000 -0.05249023437500000000 0 0 1 0 8 314 312 320 310 308 316 311 319 
314 14623 0.63354492187500000000 -0.05249023437500000000 0 0 1 0 8 325 323 331 313 311 319 312 320 
315 14624 0.62622070312500000000 -0.05493164062500000000 0 0 1 0 8 316 310 318 218 212 220 309 317 
316 14625 0.62866210937500000000 -0.05493164062500000000 0 0 1 0 8 319 313 321 315 309 317 310 318 
317 14626 0.62622070312500000000 -0.05737304687500000000 0 0 1 0 8 318 316 376 220 218 242 315 377 
318 14627 0.62866210937500000000 -0.05737304687500000000 0 0 1 0 8 321 319 377 317 315 376 316 242 
319 14628 0.63110351562500000000 -0.05493164062500000000 0 0 1 0 8 320 314 322 316 310 318 313 321 
320 14629 0.63354492187500000000 -0.05493164062500000000 0 0 1 0 8 331 325 333 319 313 321 314 322 
321 14630 0.63110351562500000000 -0.05737304687500000000 0 0 1 0 8 322 320 377 318 316 376 319 380 
322 14631 0.63354492187500000000 -0.05737304687500000000 0 0 1 0 8 333 331 380 321 319 377 320 376 
323 14632 0.63598632812500000000 -0.05004882812500000000 0 0 1 0 8 324 305 326 312 304 314 306 325 
324 14633 0.63842773437500000000 -0.05004882812500000000 0 0 1 0 8 327 306 329 323 305 325 304 326 
325 14634 0.63598632812500000000 -0.05249023437500000000 0 0 1 0 8 326 324 332 314 312 320 323 331 
326 14635 0.63842773437500000000 -0.05249023437500000000 0 0 1 0 8 329 327 335 325 323 331 324 332 
327 14636 0.64086914062500000000 -0.05004882812500000000 0 0 1 0 8 328 306 330 324 305 326 340 329 
328 14637 0.64331054687500000000 -0.05004882812500000000 0 0 1 0 8 344 340 346 327 306 329 305 330 
329 14638 0.64086914062500000000 -0.05249023437500000000 0 0 1 0 8 330 328 336 326 324 332 327 335 
330 14639 0.64331054687500000000 -0.05249023437500000000 0 0 1 0 8 346 344 352 329 327 335 328 336 
331 14640 0.63598632812500000000 -0.05493164062500000000 0 0 1 0 8 332 326 334 320 314 322 325 333 
332 14641 0.63842773437500000000 -0.05493164062500000000 0 0 1 0 8 335 329 337 331 325 333 326 334 
333 14642 0.63598632812500000000 -0.05737304687500000000 0 0 1 0 8 334 332 380 322 320 377 331 381 
334 14643 0.63842773437500000000 -0.05737304687500000000 0 0 1 0 8 337 335 381 333 331 380 332 377 
335 14644 0.64086914062500000000 -0.05493164062500000000 0 0 1 0 8 336 330 338 332 326 334 329 337 
336 14645 0.64331054687500000000 -0.05493164062500000000 0 0 1 0 8 352 346 354 335 329 337 330 338 
337 14646 0.64086914062500000000 -0.05737304687500000000 0 0 1 0 8 338 336 381 334 332 380 335 392 
338 14647 0.64331054687500000000 -0.05737304687500000000 0 0 1 0 8 354 352 392 337 335 381 336 380 
339 14648 0.65185546875000000000 -0.04150390625000000000 0 0 1 0 5 1 342 2 340 341 
340 14649 0.64697265625000000000 -0.04638671875000000000 0 0 1 0 11 341 339 348 306 3 328 2 344 330 345 350 
341 14650 0.65185546875000000000 -0.04638671875000000000 0 0 1 0 11 342 1 360 340 2 345 339 348 347 349 362 
342 14651 0.65673828125000000000 -0.04638671875000000000 0 0 1 0 11 343 445 364 341 339 349 1 360 351 361 366 
343 14652 0.66162109375000000000 -0.04638671875000000000 0 0 1 0 12 447 446 448 449 342 1 361 445 364 363 365 450 
344 14653 0.64575195312500000000 -0.05004882812500000000 0 0 1 0 8 345 340 347 328 306 330 341 346 
345 14654 0.64819335937500000000 -0.05004882812500000000 0 0 1 0 8 348 341 350 344 340 346 306 347 
346 14655 0.64575195312500000000 -0.05249023437500000000 0 0 1 0 8 347 345 353 330 328 336 344 352 
347 14656 0.64819335937500000000 -0.05249023437500000000 0 0 1 0 8 350 348 356 346 344 352 345 353 
348 14657 0.65063476562500000000 -0.05004882812500000000 0 0 1 0 8 349 341 351 345 340 347 342 350 
349 14658 0.65307617187500000000 -0.05004882812500000000 0 0 1 0 8 360 342 362 348 341 350 340 351 
350 14659 0.65063476562500000000 -0.05249023437500000000 0 0 1 0 8 351 349 357 347 345 353 348 356 
351 14660 0.65307617187500000000 -0.05249023437500000000 0 0 1 0 8 362 360 368 350 348 356 349 357 
352 14661 0.64575195312500000000 -0.05493164062500000000 0 0 1 0 8 353 347 355 336 330 338 346 354 
353 14662 0.64819335937500000000 -0.05493164062500000000 0 0 1 0 8 356 350 358 352 346 354 347 355 
354 14663 0.64575195312500000000 -0.05737304687500000000 0 0 1 0 8 355 353 392 338 336 381 352 393 
355 14664 0.64819335937500000000 -0.05737304687500000000 0 0 1 0 8 358 356 393 354 352 392 353 381 
356 14665 0.65063476562500000000 -0.05493164062500000000 0 0 1 0 8 357 351 359 353 347 355 350 358 
357 14666 0.65307617187500000000 -0.05493164062500000000 0 0 1 0 8 368 362 370 356 350 358 351 359 
358 14667 0.65063476562500000000 -0.05737304687500000000 0 0 1 0 8 359 357 393 355 353 392 356 396 
359 14668 0.65307617187500000000 -0.05737304687500000000 0 0 1 0 8 370 368 396 358 356 393 357 392 
360 14669 0.65551757812500000000 -0.05004882812500000000 0 0 1 0 8 361 342 363 349 341 351 343 362 
361 14670 0.65795898437500000000 -0.05004882812500000000 0 0 1 0 8 364 343 366 360 342 362 341 363 
362 14671 0.65551757812500000000 -0.05249023437500000000 0 0 1 0 8 363 361 369 351 349 357 360 368 
363 14672 0.65795898437500000000 -0.05249023437500000000 0 0 1 0 8 366 364 372 362 360 368 361 369 
364 14673 0.66040039062500000000 -0.05004882812500000000 0 0 1 0 7 365 343 367 361 342 363 366 
365 14674 0.66284179687500000000 -0.05004882812500000000 0 0 1 0 8 449 448 450 364 343 366 342 367 
366 14675 0.66040039062500000000 -0.05249023437500000000 0 0 1 0 8 367 365 373 363 361 369 364 372 
367 14676 0.66284179687500000000 -0.05249023437500000000 0 0 1 0 8 450 449 451 366 364 372 365 373 
368 14677 0.65551757812500000000 -0.05493164062500000000 0 0 1 0 8 369 363 371 357 351 359 362 370 
369 14678 0.65795898437500000000 -0.05493164062500000000 0 0 1 0 8 372 366 374 368 362 370 363 371 
370 14679 0.65551757812500000000 -0.05737304687500000000 0 0 1 0 8 371 369 396 359 357 393 368 397 
371 14680 0.65795898437500000000 -0.05737304687500000000 0 0 1 0 8 374 372 397 370 368 396 369 393 
372 14681 0.66040039062500000000 -0.05493164062500000000 0 0 1 0 8 373 367 375 369 363 371 366 374 
373 14682 0.66284179687500000000 -0.05493164062500000000 0 0 1 0 8 451 450 452 372 366 374 367 375 
374 14683 0.66040039062500000000 -0.05737304687500000000 0 0 1 0 8 375 373 397 371 369 396 372 453 
375 14684 0.66284179687500000000 -0.05737304687500000000 0 0 1 0 8 452 451 453 374 372 397 373 396 
376 14685 0.62744140625000000000 -0.06103515625000000000 0 0 1 0 9 377 321 379 242 220 244 318 317 378 
377 14686 0.63232421875000000000 -0.06103515625000000000 0 0 1 0 9 380 333 382 376 318 378 322 321 379 
378 14687 0.62744140625000000000 -0.06591796875000000000 0 0 1 0 8 379 377 385 244 242 250 376 384 
379 14688 0.63232421875000000000 -0.06591796875000000000 0 0 1 0 8 382 380 388 378 376 384 377 385 
380 14689 0.63720703125000000000 -0.06103515625000000000 0 0 1 0 9 381 337 383 377 322 379 334 333 382 
381 14690 0.64208984375000000000 -0.06103515625000000000 0 0 1 0 9 392 354 394 380 334 382 338 337 383 
382 14691 0.63720703125000000000 -0.06591796875000000000 0 0 1 0 8 383 381 389 379 377 385 380 388 
383 14692 0.64208984375000000000 -0.06591796875000000000 0 0 1 0 8 394 392 400 382 380 388 381 389 
384 14693 0.62744140625000000000 -0.07080078125000000000 0 0 1 0 8 385 379 387 250 244 252 378 386 
385 14694 0.63232421875000000000 -0.07080078125000000000 0 0 1 0 8 388 382 390 384 378 386 379 387 
386 14695 0.62744140625000000000 -0.07568359375000000000 0 0 1 0 8 387 385 408 252 250 284 384 409 
387 14696 0.63232421875000000000 -0.07568359375000000000 0 0 1 0 8 390 388 409 386 384 408 385 284 
388 14697 0.63720703125000000000 -0.07080078125000000000 0 0 1 0 8 389 383 391 385 379 387 382 390 
389 14698 0.64208984375000000000 -0.07080078125000000000 0 0 1 0 8 400 394 402 388 382 390 383 391 
390 14699 0.63720703125000000000 -0.07568359375000000000 0 0 1 0 8 391 389 409 387 385 408 388 412 
391 14700 0.64208984375000000000 -0.07568359375000000000 0 0 1 0 8 402 400 412 390 388 409 389 408 
392 14701 0.64697265625000000000 -0.06103515625000000000 0 0 1 0 9 393 358 395 381 338 383 355 354 394 
393 14702 0.65185546875000000000 -0.06103515625000000000 0 0 1 0 9 396 370 398 392 355 394 359 358 395 
394 14703 0.64697265625000000000 -0.06591796875000000000 0 0 1 0 8 395 393 401 383 381 389 392 400 
395 14704 0.65185546875000000000 -0.06591796875000000000 0 0 1 0 8 398 396 404 394 392 400 393 401 
396 14705 0.65673828125000000000 -0.06103515625000000000 0 0 1 0 9 397 374 399 393 359 395 371 370 398 
397 14706 0.66162109375000000000 -0.06103515625000000000 0 0 1 0 9 453 452 454 396 371 398 375 374 399 
398 14707 0.65673828125000000000 -0.06591796875000000000 0 0 1 0 8 399 397 405 395 393 401 396 404 
399 14708 0.66162109375000000000 -0.06591796875000000000 0 0 1 0 8 454 453 455 398 396 404 397 405 
400 14709 0.64697265625000000000 -0.07080078125000000000 0 0 1 0 8 401 395 403 389 383 391 394 402 
401 14710 0.65185546875000000000 -0.07080078125000000000 0 0 1 0 8 404 398 406 400 394 402 395 403 
402 14711 0.64697265625000000000 -0.07568359375000000000 0 0 1 0 8 403 401 412 391 389 409 400 413 
403 14712 0.65185546875000000000 -0.07568359375000000000 0 0 1 0 8 406 404 413 402 400 412 401 409 
404 14713 0.65673828125000000000 -0.07080078125000000000 0 0 1 0 8 405 399 407 401 395 403 398 406 
405 14714 0.66162109375000000000 -0.07080078125000000000 0 0 1 0 8 455 454 456 404 398 406 399 407 
406 14715 0.65673828125000000000 -0.07568359375000000000 0 0 1 0 8 407 405 413 403 401 412 404 460 
407 14716 0.66162109375000000000 -0.07568359375000000000 0 0 1 0 8 456 455 460 406 404 413 405 412 
408 14717 0.62988281250000000000 -0.08300781250000000000 0 0 1 0 9 409 390 411 284 252 286 387 386 410 
409 14718 0.63964843750000000000 -0.08300781250000000000 0 0 1 0 9 412 402 414 408 387 410 391 390 411 
410 14719 0.62988281250000000000 -0.09277343750000000000 0 0 1 0 8 411 409 417 286 284 292 408 416 
411 14720 0.63964843750000000000 -0.09277343750000000000 0 0 1 0 8 414 412 420 410 408 416 409 417 
412 14721 0.64941406250000000000 -0.08300781250000000000 0 0 1 0 9 413 406 415 409 391 411 403 402 414 
413 14722 0.65917968750000000000 -0.08300781250000000000 0 0 1 0 9 460 456 461 412 403 414 407 406 415 
414 14723 0.64941406250000000000 -0.09277343750000000000 0 0 1 0 8 415 413 457 411 409 417 412 420 
415 14724 0.65917968750000000000 -0.09277343750000000000 0 0 1 0 8 461 460 462 414 412 420 413 457 
416 14725 0.62988281250000000000 -0.10253906250000000000 0 0 1 0 8 417 411 419 292 286 294 410 418 
417 14726 0.63964843750000000000 -0.10253906250000000000 0 0 1 0 8 420 414 458 416 410 418 411 419 
418 14727 0.62988281250000000000 -0.11230468750000000000 0 0 1 0 8 419 417 464 294 292 302 416 463 
419 14728 0.63964843750000000000 -0.11230468750000000000 0 0 1 0 8 458 420 466 418 416 463 417 464 
420 14729 0.64941406250000000000 -0.10253906250000000000 0 0 1 0 8 457 415 459 417 411 419 414 458 
