530 442 88
1 15593 6.87500000000000000000 9.37500000000000000000 444 3 2 0 5 3 5 444 445 2 
2 15594 6.87500000000000000000 8.12500000000000000000 0 0 1 0 10 5 3 16 445 444 446 1 7 447 8 
3 15595 8.12500000000000000000 9.37500000000000000000 1 4 2 0 5 4 6 1 2 5 
4 15596 9.37500000000000000000 9.37500000000000000000 3 6 2 0 3 3 5 6 
5 15597 8.12500000000000000000 8.12500000000000000000 0 0 1 0 9 6 4 17 2 1 8 3 16 10 
6 15598 9.37500000000000000000 8.12500000000000000000 4 17 2 0 5 5 3 16 4 17 
7 15599 6.56250000000000000000 7.18750000000000000000 0 0 1 0 8 8 2 10 446 445 447 5 9 
8 15600 7.18750000000000000000 7.18750000000000000000 0 0 1 0 8 16 5 18 7 2 9 445 10 
9 15601 6.56250000000000000000 6.56250000000000000000 0 0 1 0 8 10 8 13 447 446 449 7 12 
10 15602 7.18750000000000000000 6.56250000000000000000 0 0 1 0 8 16 5 18 9 7 12 8 13 
11 15603 5.93750000000000000000 5.31250000000000000000 0 0 1 0 8 14 12 102 450 448 98 449 99 
12 15604 6.56250000000000000000 5.93750000000000000000 0 0 1 0 8 13 10 15 449 447 11 9 14 
13 15605 7.18750000000000000000 5.93750000000000000000 0 0 1 0 8 18 16 114 12 9 14 10 15 
14 15606 6.56250000000000000000 5.31250000000000000000 0 0 1 0 8 15 13 103 11 449 99 12 102 
15 15607 7.18750000000000000000 5.31250000000000000000 0 0 1 0 8 18 16 114 14 12 102 13 103 
16 15608 8.12500000000000000000 6.87500000000000000000 0 0 1 0 10 17 6 19 8 2 10 13 5 18 15 
17 15609 9.37500000000000000000 6.87500000000000000000 6 19 2 0 5 16 5 18 6 19 
18 15610 8.12500000000000000000 5.62500000000000000000 0 0 1 0 10 19 17 115 13 10 15 103 16 114 105 
19 15611 9.37500000000000000000 5.62500000000000000000 17 115 2 0 5 18 16 114 17 115 
20 15612 4.84375000000000000000 4.21875000000000000000 0 0 1 0 8 100 98 106 457 452 21 453 22 
21 15613 4.53125000000000000000 3.90625000000000000000 0 0 1 0 8 22 20 30 456 454 26 457 29 
22 15614 4.84375000000000000000 3.90625000000000000000 0 0 1 0 8 100 98 106 21 457 29 20 30 
23 15615 3.59375000000000000000 2.96875000000000000000 0 0 1 0 8 33 27 35 464 459 24 460 25 
24 15616 3.28125000000000000000 2.65625000000000000000 0 0 1 0 8 25 23 44 463 461 41 464 43 
25 15617 3.59375000000000000000 2.65625000000000000000 0 0 1 0 8 35 33 53 24 464 43 23 44 
26 15618 4.21875000000000000000 3.59375000000000000000 0 0 1 0 8 29 21 31 465 455 27 456 28 
27 15619 3.90625000000000000000 3.28125000000000000000 0 0 1 0 8 28 26 34 460 458 23 465 33 
28 15620 4.21875000000000000000 3.28125000000000000000 0 0 1 0 8 31 29 37 27 465 33 26 34 
29 15621 4.53125000000000000000 3.59375000000000000000 0 0 1 0 8 30 22 32 26 456 28 21 31 
30 15622 4.84375000000000000000 3.59375000000000000000 0 0 1 0 8 106 100 108 29 21 31 22 32 
31 15623 4.53125000000000000000 3.28125000000000000000 0 0 1 0 8 32 30 38 28 26 34 29 37 
32 15624 4.84375000000000000000 3.28125000000000000000 0 0 1 0 8 106 100 108 31 29 37 30 38 
33 15625 3.90625000000000000000 2.96875000000000000000 0 0 1 0 8 34 28 36 23 460 25 27 35 
34 15626 4.21875000000000000000 2.96875000000000000000 0 0 1 0 8 37 31 39 33 27 35 28 36 
35 15627 3.90625000000000000000 2.65625000000000000000 0 0 1 0 8 36 34 54 25 23 44 33 53 
36 15628 4.21875000000000000000 2.65625000000000000000 0 0 1 0 8 39 37 57 35 33 53 34 54 
37 15629 4.53125000000000000000 2.96875000000000000000 0 0 1 0 8 38 32 40 34 28 36 31 39 
38 15630 4.84375000000000000000 2.96875000000000000000 0 0 1 0 8 108 106 118 37 31 39 32 40 
39 15631 4.53125000000000000000 2.65625000000000000000 0 0 1 0 8 40 38 58 36 34 54 37 57 
40 15632 4.84375000000000000000 2.65625000000000000000 0 0 1 0 8 108 106 118 39 37 57 38 58 
41 15633 2.96875000000000000000 2.34375000000000000000 0 0 1 0 8 43 24 45 470 462 471 463 42 
42 15634 2.96875000000000000000 2.03125000000000000000 0 0 1 0 8 45 43 49 471 470 472 41 47 
43 15635 3.28125000000000000000 2.34375000000000000000 0 0 1 0 8 44 25 46 41 463 42 24 45 
44 15636 3.59375000000000000000 2.34375000000000000000 0 0 1 0 8 53 35 55 43 24 45 25 46 
45 15637 3.28125000000000000000 2.03125000000000000000 0 0 1 0 8 46 44 50 42 41 47 43 49 
46 15638 3.59375000000000000000 2.03125000000000000000 0 0 1 0 8 55 53 61 45 43 49 44 50 
47 15639 2.96875000000000000000 1.71875000000000000000 0 0 1 0 8 49 45 51 472 471 473 42 48 
48 15640 2.96875000000000000000 1.40625000000000000000 0 0 1 0 8 51 49 71 473 472 474 47 69 
49 15641 3.28125000000000000000 1.71875000000000000000 0 0 1 0 8 50 46 52 47 42 48 45 51 
50 15642 3.59375000000000000000 1.71875000000000000000 0 0 1 0 8 61 55 63 49 45 51 46 52 
51 15643 3.28125000000000000000 1.40625000000000000000 0 0 1 0 8 52 50 72 48 47 69 49 71 
52 15644 3.59375000000000000000 1.40625000000000000000 0 0 1 0 8 63 61 82 51 49 71 50 72 
53 15645 3.90625000000000000000 2.34375000000000000000 0 0 1 0 8 54 36 56 44 25 46 35 55 
54 15646 4.21875000000000000000 2.34375000000000000000 0 0 1 0 8 57 39 59 53 35 55 36 56 
55 15647 3.90625000000000000000 2.03125000000000000000 0 0 1 0 8 56 54 62 46 44 50 53 61 
56 15648 4.21875000000000000000 2.03125000000000000000 0 0 1 0 8 59 57 65 55 53 61 54 62 
57 15649 4.53125000000000000000 2.34375000000000000000 0 0 1 0 8 58 40 60 54 36 56 39 59 
58 15650 4.84375000000000000000 2.34375000000000000000 0 0 1 0 8 118 108 120 57 39 59 40 60 
59 15651 4.53125000000000000000 2.03125000000000000000 0 0 1 0 8 60 58 66 56 54 62 57 65 
60 15652 4.84375000000000000000 2.03125000000000000000 0 0 1 0 8 118 108 120 59 57 65 58 66 
61 15653 3.90625000000000000000 1.71875000000000000000 0 0 1 0 8 62 56 64 50 46 52 55 63 
62 15654 4.21875000000000000000 1.71875000000000000000 0 0 1 0 8 65 59 67 61 55 63 56 64 
63 15655 3.90625000000000000000 1.40625000000000000000 0 0 1 0 8 64 62 83 52 50 72 61 82 
64 15656 4.21875000000000000000 1.40625000000000000000 0 0 1 0 8 67 65 86 63 61 82 62 83 
65 15657 4.53125000000000000000 1.71875000000000000000 0 0 1 0 8 66 60 68 62 56 64 59 67 
66 15658 4.84375000000000000000 1.71875000000000000000 0 0 1 0 8 120 118 126 65 59 67 60 68 
67 15659 4.53125000000000000000 1.40625000000000000000 0 0 1 0 8 68 66 87 64 62 83 65 86 
68 15660 4.84375000000000000000 1.40625000000000000000 0 0 1 0 8 120 118 126 67 65 86 66 87 
69 15661 2.96875000000000000000 1.09375000000000000000 0 0 1 0 8 71 51 73 474 473 475 48 70 
70 15662 2.96875000000000000000 0.78125000000000000000 0 0 1 0 8 73 71 78 475 474 476 69 75 
71 15663 3.28125000000000000000 1.09375000000000000000 0 0 1 0 8 72 52 74 69 48 70 51 73 
72 15664 3.59375000000000000000 1.09375000000000000000 0 0 1 0 8 82 63 84 71 51 73 52 74 
73 15665 3.28125000000000000000 0.78125000000000000000 0 0 1 0 8 74 72 79 70 69 75 71 78 
74 15666 3.59375000000000000000 0.78125000000000000000 0 0 1 0 8 84 82 90 73 71 78 72 79 
75 15667 2.96875000000000000000 0.46875000000000000000 0 0 1 0 8 78 73 80 476 475 76 70 77 
76 15668 2.65625000000000000000 0.15625000000000000000 0 0 1 0 10 77 75 237 467 466 469 138 476 236 140 
77 15669 2.96875000000000000000 0.15625000000000000000 0 0 1 0 8 80 78 240 76 476 236 75 237 
78 15670 3.28125000000000000000 0.46875000000000000000 0 0 1 0 8 79 74 81 75 70 77 73 80 
79 15671 3.59375000000000000000 0.46875000000000000000 0 0 1 0 8 90 84 92 78 73 80 74 81 
80 15672 3.28125000000000000000 0.15625000000000000000 0 0 1 0 8 81 79 241 77 75 237 78 240 
81 15673 3.59375000000000000000 0.15625000000000000000 0 0 1 0 8 92 90 252 80 78 240 79 241 
82 15674 3.90625000000000000000 1.09375000000000000000 0 0 1 0 8 83 64 85 72 52 74 63 84 
83 15675 4.21875000000000000000 1.09375000000000000000 0 0 1 0 8 86 67 88 82 63 84 64 85 
84 15676 3.90625000000000000000 0.78125000000000000000 0 0 1 0 8 85 83 91 74 72 79 82 90 
85 15677 4.21875000000000000000 0.78125000000000000000 0 0 1 0 8 88 86 94 84 82 90 83 91 
86 15678 4.53125000000000000000 1.09375000000000000000 0 0 1 0 8 87 68 89 83 64 85 67 88 
87 15679 4.84375000000000000000 1.09375000000000000000 0 0 1 0 8 126 120 128 86 67 88 68 89 
88 15680 4.53125000000000000000 0.78125000000000000000 0 0 1 0 8 89 87 95 85 83 91 86 94 
89 15681 4.84375000000000000000 0.78125000000000000000 0 0 1 0 8 126 120 128 88 86 94 87 95 
90 15682 3.90625000000000000000 0.46875000000000000000 0 0 1 0 8 91 85 93 79 74 81 84 92 
91 15683 4.21875000000000000000 0.46875000000000000000 0 0 1 0 8 94 88 96 90 84 92 85 93 
92 15684 3.90625000000000000000 0.15625000000000000000 0 0 1 0 8 93 91 253 81 79 241 90 252 
93 15685 4.21875000000000000000 0.15625000000000000000 0 0 1 0 8 96 94 256 92 90 252 91 253 
94 15686 4.53125000000000000000 0.46875000000000000000 0 0 1 0 8 95 89 97 91 85 93 88 96 
95 15687 4.84375000000000000000 0.46875000000000000000 0 0 1 0 8 128 126 369 94 88 96 89 97 
96 15688 4.53125000000000000000 0.15625000000000000000 0 0 1 0 8 97 95 257 93 91 253 94 256 
97 15689 4.84375000000000000000 0.15625000000000000000 0 0 1 0 8 128 126 369 96 94 256 95 257 
98 15690 5.31250000000000000000 4.68750000000000000000 0 0 1 0 10 99 11 101 451 443 453 20 450 100 22 
99 15691 5.93750000000000000000 4.68750000000000000000 0 0 1 0 8 102 14 104 98 450 100 11 101 
100 15692 5.31250000000000000000 4.06250000000000000000 0 0 1 0 10 101 99 107 20 453 22 30 98 106 32 
101 15693 5.93750000000000000000 4.06250000000000000000 0 0 1 0 8 104 102 110 100 98 106 99 107 
102 15694 6.56250000000000000000 4.68750000000000000000 0 0 1 0 8 103 15 105 99 11 101 14 104 
103 15695 7.18750000000000000000 4.68750000000000000000 0 0 1 0 8 114 18 116 102 14 104 15 105 
104 15696 6.56250000000000000000 4.06250000000000000000 0 0 1 0 8 105 103 111 101 99 107 102 110 
105 15697 7.18750000000000000000 4.06250000000000000000 0 0 1 0 8 114 18 116 104 102 110 103 111 
106 15698 5.31250000000000000000 3.43750000000000000000 0 0 1 0 10 107 101 109 30 22 32 38 100 108 40 
107 15699 5.93750000000000000000 3.43750000000000000000 0 0 1 0 8 110 104 112 106 100 108 101 109 
108 15700 5.31250000000000000000 2.81250000000000000000 0 0 1 0 10 109 107 119 38 32 40 58 106 118 60 
109 15701 5.93750000000000000000 2.81250000000000000000 0 0 1 0 8 112 110 122 108 106 118 107 119 
110 15702 6.56250000000000000000 3.43750000000000000000 0 0 1 0 8 111 105 113 107 101 109 104 112 
111 15703 7.18750000000000000000 3.43750000000000000000 0 0 1 0 8 116 114 134 110 104 112 105 113 
112 15704 6.56250000000000000000 2.81250000000000000000 0 0 1 0 8 113 111 123 109 107 119 110 122 
113 15705 7.18750000000000000000 2.81250000000000000000 0 0 1 0 8 116 114 134 112 110 122 111 123 
114 15706 8.12500000000000000000 4.37500000000000000000 0 0 1 0 10 115 19 117 103 15 105 111 18 116 113 
115 15707 9.37500000000000000000 4.37500000000000000000 19 117 2 0 5 114 18 116 19 117 
116 15708 8.12500000000000000000 3.12500000000000000000 0 0 1 0 10 117 115 135 111 105 113 123 114 134 125 
117 15709 9.37500000000000000000 3.12500000000000000000 115 135 2 0 5 116 114 134 115 135 
118 15710 5.31250000000000000000 2.18750000000000000000 0 0 1 0 10 119 109 121 58 40 60 66 108 120 68 
119 15711 5.93750000000000000000 2.18750000000000000000 0 0 1 0 8 122 112 124 118 108 120 109 121 
120 15712 5.31250000000000000000 1.56250000000000000000 0 0 1 0 10 121 119 127 66 60 68 87 118 126 89 
121 15713 5.93750000000000000000 1.56250000000000000000 0 0 1 0 8 124 122 130 120 118 126 119 127 
122 15714 6.56250000000000000000 2.18750000000000000000 0 0 1 0 8 123 113 125 119 109 121 112 124 
123 15715 7.18750000000000000000 2.18750000000000000000 0 0 1 0 8 134 116 136 122 112 124 113 125 
124 15716 6.56250000000000000000 1.56250000000000000000 0 0 1 0 8 125 123 131 121 119 127 122 130 
125 15717 7.18750000000000000000 1.56250000000000000000 0 0 1 0 8 134 116 136 124 122 130 123 131 
126 15718 5.31250000000000000000 0.93750000000000000000 0 0 1 0 10 127 121 129 87 68 89 95 120 128 97 
127 15719 5.93750000000000000000 0.93750000000000000000 0 0 1 0 8 130 124 132 126 120 128 121 129 
128 15720 5.31250000000000000000 0.31250000000000000000 0 0 1 0 10 129 127 370 95 89 97 257 126 369 259 
129 15721 5.93750000000000000000 0.31250000000000000000 0 0 1 0 8 132 130 373 128 126 369 127 370 
130 15722 6.56250000000000000000 0.93750000000000000000 0 0 1 0 8 131 125 133 127 121 129 124 132 
131 15723 7.18750000000000000000 0.93750000000000000000 0 0 1 0 8 136 134 385 130 124 132 125 133 
132 15724 6.56250000000000000000 0.31250000000000000000 0 0 1 0 8 133 131 374 129 127 370 130 373 
133 15725 7.18750000000000000000 0.31250000000000000000 0 0 1 0 8 136 134 385 132 130 373 131 374 
134 15726 8.12500000000000000000 1.87500000000000000000 0 0 1 0 10 135 117 137 123 113 125 131 116 136 133 
135 15727 9.37500000000000000000 1.87500000000000000000 117 137 2 0 5 134 116 136 117 137 
136 15728 8.12500000000000000000 0.62500000000000000000 0 0 1 0 10 137 135 386 131 125 133 374 134 385 376 
137 15729 9.37500000000000000000 0.62500000000000000000 135 386 2 0 5 136 134 385 135 386 
138 15730 2.42187500000000000000 -0.07812500000000000000 0 0 1 0 8 236 76 238 479 468 139 469 140 
139 15731 2.26562500000000000000 -0.23437500000000000000 0 0 1 0 8 140 138 143 478 477 481 479 142 
140 15732 2.42187500000000000000 -0.23437500000000000000 0 0 1 0 8 236 76 238 139 479 142 138 143 
141 15733 2.10937500000000000000 -0.54687500000000000000 0 0 1 0 8 144 142 159 482 480 496 481 156 
142 15734 2.26562500000000000000 -0.39062500000000000000 0 0 1 0 8 143 140 145 481 478 141 139 144 
143 15735 2.42187500000000000000 -0.39062500000000000000 0 0 1 0 8 238 236 244 142 139 144 140 145 
144 15736 2.26562500000000000000 -0.54687500000000000000 0 0 1 0 8 145 143 160 141 481 156 142 159 
145 15737 2.42187500000000000000 -0.54687500000000000000 0 0 1 0 8 238 236 244 144 142 159 143 160 
146 15738 1.83593750000000000000 -0.97656250000000000000 0 0 1 0 8 163 157 165 494 485 147 486 148 
147 15739 1.75781250000000000000 -1.05468750000000000000 0 0 1 0 8 148 146 153 493 491 149 494 152 
148 15740 1.83593750000000000000 -1.05468750000000000000 0 0 1 0 8 163 157 165 147 494 152 146 153 
149 15741 1.67968750000000000000 -1.13281250000000000000 0 0 1 0 8 152 147 154 495 492 150 493 151 
150 15742 1.60156250000000000000 -1.21093750000000000000 0 0 1 0 8 151 149 176 490 488 173 495 177 
151 15743 1.67968750000000000000 -1.21093750000000000000 0 0 1 0 8 154 152 177 150 495 176 149 173 
152 15744 1.75781250000000000000 -1.13281250000000000000 0 0 1 0 8 153 148 155 149 493 151 147 154 
153 15745 1.83593750000000000000 -1.13281250000000000000 0 0 1 0 8 165 163 188 152 147 154 148 155 
154 15746 1.75781250000000000000 -1.21093750000000000000 0 0 1 0 8 155 153 177 151 149 176 152 188 
155 15747 1.83593750000000000000 -1.21093750000000000000 0 0 1 0 8 165 163 188 154 152 177 153 176 
156 15748 2.10937500000000000000 -0.70312500000000000000 0 0 1 0 8 159 144 161 496 482 157 141 158 
157 15749 1.95312500000000000000 -0.85937500000000000000 0 0 1 0 10 158 156 164 484 483 486 146 496 163 148 
158 15750 2.10937500000000000000 -0.85937500000000000000 0 0 1 0 8 161 159 167 157 496 163 156 164 
159 15751 2.26562500000000000000 -0.70312500000000000000 0 0 1 0 8 160 145 162 156 141 158 144 161 
160 15752 2.42187500000000000000 -0.70312500000000000000 0 0 1 0 8 244 238 246 159 144 161 145 162 
161 15753 2.26562500000000000000 -0.85937500000000000000 0 0 1 0 8 162 160 168 158 156 164 159 167 
162 15754 2.42187500000000000000 -0.85937500000000000000 0 0 1 0 8 244 238 246 161 159 167 160 168 
163 15755 1.95312500000000000000 -1.01562500000000000000 0 0 1 0 10 164 158 166 146 486 148 153 157 165 155 
164 15756 2.10937500000000000000 -1.01562500000000000000 0 0 1 0 8 167 161 169 163 157 165 158 166 
165 15757 1.95312500000000000000 -1.17187500000000000000 0 0 1 0 9 166 164 189 153 148 155 177 163 188 
166 15758 2.10937500000000000000 -1.17187500000000000000 0 0 1 0 8 169 167 192 165 163 188 164 189 
167 15759 2.26562500000000000000 -1.01562500000000000000 0 0 1 0 8 168 162 170 164 158 166 161 169 
168 15760 2.42187500000000000000 -1.01562500000000000000 0 0 1 0 8 246 244 268 167 161 169 162 170 
169 15761 2.26562500000000000000 -1.17187500000000000000 0 0 1 0 8 170 168 193 166 164 189 167 192 
170 15762 2.42187500000000000000 -1.17187500000000000000 0 0 1 0 8 246 244 268 169 167 192 168 193 
171 15763 1.17187500000000000000 -1.64062500000000000000 0 0 1 0 8 180 174 182 500 498 501 499 172 
172 15764 1.17187500000000000000 -1.79687500000000000000 0 0 1 0 8 182 180 204 501 500 502 171 503 
173 15765 1.48437500000000000000 -1.32812500000000000000 0 0 1 0 9 176 150 178 507 487 174 490 489 175 
174 15766 1.32812500000000000000 -1.48437500000000000000 0 0 1 0 8 175 173 181 499 497 171 507 180 
175 15767 1.48437500000000000000 -1.48437500000000000000 0 0 1 0 8 178 176 184 174 507 180 173 181 
176 15768 1.64062500000000000000 -1.32812500000000000000 0 0 1 0 9 177 154 179 173 490 175 151 150 178 
177 15769 1.79687500000000000000 -1.32812500000000000000 0 0 1 0 9 188 165 190 176 151 178 155 154 179 
178 15770 1.64062500000000000000 -1.48437500000000000000 0 0 1 0 8 179 177 185 175 173 181 176 184 
179 15771 1.79687500000000000000 -1.48437500000000000000 0 0 1 0 8 190 188 196 178 176 184 177 185 
180 15772 1.32812500000000000000 -1.64062500000000000000 0 0 1 0 8 181 175 183 171 499 172 174 182 
181 15773 1.48437500000000000000 -1.64062500000000000000 0 0 1 0 8 184 178 186 180 174 182 175 183 
182 15774 1.32812500000000000000 -1.79687500000000000000 0 0 1 0 8 183 181 205 172 171 503 180 204 
183 15775 1.48437500000000000000 -1.79687500000000000000 0 0 1 0 8 186 184 208 182 180 204 181 205 
184 15776 1.64062500000000000000 -1.64062500000000000000 0 0 1 0 8 185 179 187 181 175 183 178 186 
185 15777 1.79687500000000000000 -1.64062500000000000000 0 0 1 0 8 196 190 198 184 178 186 179 187 
186 15778 1.64062500000000000000 -1.79687500000000000000 0 0 1 0 8 187 185 209 183 181 205 184 208 
187 15779 1.79687500000000000000 -1.79687500000000000000 0 0 1 0 8 198 196 220 186 184 208 185 209 
188 15780 1.95312500000000000000 -1.32812500000000000000 0 0 1 0 8 189 166 191 177 155 179 165 190 
189 15781 2.10937500000000000000 -1.32812500000000000000 0 0 1 0 8 192 169 194 188 165 190 166 191 
190 15782 1.95312500000000000000 -1.48437500000000000000 0 0 1 0 8 191 189 197 179 177 185 188 196 
191 15783 2.10937500000000000000 -1.48437500000000000000 0 0 1 0 8 194 192 200 190 188 196 189 197 
192 15784 2.26562500000000000000 -1.32812500000000000000 0 0 1 0 8 193 170 195 189 166 191 169 194 
193 15785 2.42187500000000000000 -1.32812500000000000000 0 0 1 0 8 268 246 270 192 169 194 170 195 
194 15786 2.26562500000000000000 -1.48437500000000000000 0 0 1 0 8 195 193 201 191 189 197 192 200 
195 15787 2.42187500000000000000 -1.48437500000000000000 0 0 1 0 8 268 246 270 194 192 200 193 201 
196 15788 1.95312500000000000000 -1.64062500000000000000 0 0 1 0 8 197 191 199 185 179 187 190 198 
197 15789 2.10937500000000000000 -1.64062500000000000000 0 0 1 0 8 200 194 202 196 190 198 191 199 
198 15790 1.95312500000000000000 -1.79687500000000000000 0 0 1 0 8 199 197 221 187 185 209 196 220 
199 15791 2.10937500000000000000 -1.79687500000000000000 0 0 1 0 8 202 200 224 198 196 220 197 221 
200 15792 2.26562500000000000000 -1.64062500000000000000 0 0 1 0 8 201 195 203 197 191 199 194 202 
201 15793 2.42187500000000000000 -1.64062500000000000000 0 0 1 0 8 270 268 276 200 194 202 195 203 
202 15794 2.26562500000000000000 -1.79687500000000000000 0 0 1 0 8 203 201 225 199 197 221 200 224 
203 15795 2.42187500000000000000 -1.79687500000000000000 0 0 1 0 8 270 268 276 202 200 224 201 225 
204 15796 1.32812500000000000000 -1.95312500000000000000 0 0 1 0 8 205 183 207 503 172 504 182 206 
205 15797 1.48437500000000000000 -1.95312500000000000000 0 0 1 0 8 208 186 210 204 182 206 183 207 
206 15798 1.32812500000000000000 -2.10937500000000000000 0 0 1 0 8 207 205 213 504 503 505 204 212 
207 15799 1.48437500000000000000 -2.10937500000000000000 0 0 1 0 8 210 208 216 206 204 212 205 213 
208 15800 1.64062500000000000000 -1.95312500000000000000 0 0 1 0 8 209 187 211 205 183 207 186 210 
209 15801 1.79687500000000000000 -1.95312500000000000000 0 0 1 0 8 220 198 222 208 186 210 187 211 
210 15802 1.64062500000000000000 -2.10937500000000000000 0 0 1 0 8 211 209 217 207 205 213 208 216 
211 15803 1.79687500000000000000 -2.10937500000000000000 0 0 1 0 8 222 220 228 210 208 216 209 217 
212 15804 1.32812500000000000000 -2.26562500000000000000 0 0 1 0 8 213 207 215 505 504 506 206 214 
213 15805 1.48437500000000000000 -2.26562500000000000000 0 0 1 0 8 216 210 218 212 206 214 207 215 
214 15806 1.32812500000000000000 -2.42187500000000000000 0 0 1 0 8 215 213 300 506 505 508 212 301 
215 15807 1.48437500000000000000 -2.42187500000000000000 0 0 1 0 8 218 216 301 214 212 300 213 508 
216 15808 1.64062500000000000000 -2.26562500000000000000 0 0 1 0 8 217 211 219 213 207 215 210 218 
217 15809 1.79687500000000000000 -2.26562500000000000000 0 0 1 0 8 228 222 230 216 210 218 211 219 
218 15810 1.64062500000000000000 -2.42187500000000000000 0 0 1 0 8 219 217 301 215 213 300 216 303 
219 15811 1.79687500000000000000 -2.42187500000000000000 0 0 1 0 8 230 228 303 218 216 301 217 300 
220 15812 1.95312500000000000000 -1.95312500000000000000 0 0 1 0 8 221 199 223 209 187 211 198 222 
221 15813 2.10937500000000000000 -1.95312500000000000000 0 0 1 0 8 224 202 226 220 198 222 199 223 
222 15814 1.95312500000000000000 -2.10937500000000000000 0 0 1 0 8 223 221 229 211 209 217 220 228 
223 15815 2.10937500000000000000 -2.10937500000000000000 0 0 1 0 8 226 224 232 222 220 228 221 229 
224 15816 2.26562500000000000000 -1.95312500000000000000 0 0 1 0 8 225 203 227 221 199 223 202 226 
225 15817 2.42187500000000000000 -1.95312500000000000000 0 0 1 0 8 276 270 278 224 202 226 203 227 
226 15818 2.26562500000000000000 -2.10937500000000000000 0 0 1 0 8 227 225 233 223 221 229 224 232 
227 15819 2.42187500000000000000 -2.10937500000000000000 0 0 1 0 8 276 270 278 226 224 232 225 233 
228 15820 1.95312500000000000000 -2.26562500000000000000 0 0 1 0 8 229 223 231 217 211 219 222 230 
229 15821 2.10937500000000000000 -2.26562500000000000000 0 0 1 0 8 232 226 234 228 222 230 223 231 
230 15822 1.95312500000000000000 -2.42187500000000000000 0 0 1 0 8 231 229 303 219 217 301 228 304 
231 15823 2.10937500000000000000 -2.42187500000000000000 0 0 1 0 8 234 232 304 230 228 303 229 301 
232 15824 2.26562500000000000000 -2.26562500000000000000 0 0 1 0 8 233 227 235 229 223 231 226 234 
233 15825 2.42187500000000000000 -2.26562500000000000000 0 0 1 0 8 278 276 310 232 226 234 227 235 
234 15826 2.26562500000000000000 -2.42187500000000000000 0 0 1 0 8 235 233 304 231 229 303 232 310 
235 15827 2.42187500000000000000 -2.42187500000000000000 0 0 1 0 8 278 276 310 234 232 304 233 303 
236 15828 2.65625000000000000000 -0.15625000000000000000 0 0 1 0 10 237 77 239 138 469 140 143 76 238 145 
237 15829 2.96875000000000000000 -0.15625000000000000000 0 0 1 0 8 240 80 242 236 76 238 77 239 
238 15830 2.65625000000000000000 -0.46875000000000000000 0 0 1 0 10 239 237 245 143 140 145 160 236 244 162 
239 15831 2.96875000000000000000 -0.46875000000000000000 0 0 1 0 8 242 240 248 238 236 244 237 245 
240 15832 3.28125000000000000000 -0.15625000000000000000 0 0 1 0 8 241 81 243 237 77 239 80 242 
241 15833 3.59375000000000000000 -0.15625000000000000000 0 0 1 0 8 252 92 254 240 80 242 81 243 
242 15834 3.28125000000000000000 -0.46875000000000000000 0 0 1 0 8 243 241 249 239 237 245 240 248 
243 15835 3.59375000000000000000 -0.46875000000000000000 0 0 1 0 8 254 252 260 242 240 248 241 249 
244 15836 2.65625000000000000000 -0.78125000000000000000 0 0 1 0 10 245 239 247 160 145 162 168 238 246 170 
245 15837 2.96875000000000000000 -0.78125000000000000000 0 0 1 0 8 248 242 250 244 238 246 239 247 
246 15838 2.65625000000000000000 -1.09375000000000000000 0 0 1 0 10 247 245 269 168 162 170 193 244 268 195 
247 15839 2.96875000000000000000 -1.09375000000000000000 0 0 1 0 8 250 248 272 246 244 268 245 269 
248 15840 3.28125000000000000000 -0.78125000000000000000 0 0 1 0 8 249 243 251 245 239 247 242 250 
249 15841 3.59375000000000000000 -0.78125000000000000000 0 0 1 0 8 260 254 262 248 242 250 243 251 
250 15842 3.28125000000000000000 -1.09375000000000000000 0 0 1 0 8 251 249 273 247 245 269 248 272 
251 15843 3.59375000000000000000 -1.09375000000000000000 0 0 1 0 8 262 260 284 250 248 272 249 273 
252 15844 3.90625000000000000000 -0.15625000000000000000 0 0 1 0 8 253 93 255 241 81 243 92 254 
253 15845 4.21875000000000000000 -0.15625000000000000000 0 0 1 0 8 256 96 258 252 92 254 93 255 
254 15846 3.90625000000000000000 -0.46875000000000000000 0 0 1 0 8 255 253 261 243 241 249 252 260 
255 15847 4.21875000000000000000 -0.46875000000000000000 0 0 1 0 8 258 256 264 254 252 260 253 261 
256 15848 4.53125000000000000000 -0.15625000000000000000 0 0 1 0 8 257 97 259 253 93 255 96 258 
257 15849 4.84375000000000000000 -0.15625000000000000000 0 0 1 0 8 369 128 371 256 96 258 97 259 
258 15850 4.53125000000000000000 -0.46875000000000000000 0 0 1 0 8 259 257 265 255 253 261 256 264 
259 15851 4.84375000000000000000 -0.46875000000000000000 0 0 1 0 8 369 128 371 258 256 264 257 265 
260 15852 3.90625000000000000000 -0.78125000000000000000 0 0 1 0 8 261 255 263 249 243 251 254 262 
261 15853 4.21875000000000000000 -0.78125000000000000000 0 0 1 0 8 264 258 266 260 254 262 255 263 
262 15854 3.90625000000000000000 -1.09375000000000000000 0 0 1 0 8 263 261 285 251 249 273 260 284 
263 15855 4.21875000000000000000 -1.09375000000000000000 0 0 1 0 8 266 264 288 262 260 284 261 285 
264 15856 4.53125000000000000000 -0.78125000000000000000 0 0 1 0 8 265 259 267 261 255 263 258 266 
265 15857 4.84375000000000000000 -0.78125000000000000000 0 0 1 0 8 371 369 377 264 258 266 259 267 
266 15858 4.53125000000000000000 -1.09375000000000000000 0 0 1 0 8 267 265 289 263 261 285 264 288 
267 15859 4.84375000000000000000 -1.09375000000000000000 0 0 1 0 8 371 369 377 266 264 288 265 289 
268 15860 2.65625000000000000000 -1.40625000000000000000 0 0 1 0 10 269 247 271 193 170 195 201 246 270 203 
269 15861 2.96875000000000000000 -1.40625000000000000000 0 0 1 0 8 272 250 274 268 246 270 247 271 
270 15862 2.65625000000000000000 -1.71875000000000000000 0 0 1 0 10 271 269 277 201 195 203 225 268 276 227 
271 15863 2.96875000000000000000 -1.71875000000000000000 0 0 1 0 8 274 272 280 270 268 276 269 277 
272 15864 3.28125000000000000000 -1.40625000000000000000 0 0 1 0 8 273 251 275 269 247 271 250 274 
273 15865 3.59375000000000000000 -1.40625000000000000000 0 0 1 0 8 284 262 286 272 250 274 251 275 
274 15866 3.28125000000000000000 -1.71875000000000000000 0 0 1 0 8 275 273 281 271 269 277 272 280 
275 15867 3.59375000000000000000 -1.71875000000000000000 0 0 1 0 8 286 284 292 274 272 280 273 281 
276 15868 2.65625000000000000000 -2.03125000000000000000 0 0 1 0 10 277 271 279 225 203 227 233 270 278 235 
277 15869 2.96875000000000000000 -2.03125000000000000000 0 0 1 0 8 280 274 282 276 270 278 271 279 
278 15870 2.65625000000000000000 -2.34375000000000000000 0 0 1 0 9 279 277 311 233 227 235 304 276 310 
279 15871 2.96875000000000000000 -2.34375000000000000000 0 0 1 0 8 282 280 314 278 276 310 277 311 
280 15872 3.28125000000000000000 -2.03125000000000000000 0 0 1 0 8 281 275 283 277 271 279 274 282 
281 15873 3.59375000000000000000 -2.03125000000000000000 0 0 1 0 8 292 286 294 280 274 282 275 283 
282 15874 3.28125000000000000000 -2.34375000000000000000 0 0 1 0 8 283 281 315 279 277 311 280 314 
283 15875 3.59375000000000000000 -2.34375000000000000000 0 0 1 0 8 294 292 326 282 280 314 281 315 
284 15876 3.90625000000000000000 -1.40625000000000000000 0 0 1 0 8 285 263 287 273 251 275 262 286 
285 15877 4.21875000000000000000 -1.40625000000000000000 0 0 1 0 8 288 266 290 284 262 286 263 287 
286 15878 3.90625000000000000000 -1.71875000000000000000 0 0 1 0 8 287 285 293 275 273 281 284 292 
287 15879 4.21875000000000000000 -1.71875000000000000000 0 0 1 0 8 290 288 296 286 284 292 285 293 
288 15880 4.53125000000000000000 -1.40625000000000000000 0 0 1 0 8 289 267 291 285 263 287 266 290 
289 15881 4.84375000000000000000 -1.40625000000000000000 0 0 1 0 8 377 371 379 288 266 290 267 291 
290 15882 4.53125000000000000000 -1.71875000000000000000 0 0 1 0 8 291 289 297 287 285 293 288 296 
291 15883 4.84375000000000000000 -1.71875000000000000000 0 0 1 0 8 377 371 379 290 288 296 289 297 
292 15884 3.90625000000000000000 -2.03125000000000000000 0 0 1 0 8 293 287 295 281 275 283 286 294 
293 15885 4.21875000000000000000 -2.03125000000000000000 0 0 1 0 8 296 290 298 292 286 294 287 295 
294 15886 3.90625000000000000000 -2.34375000000000000000 0 0 1 0 8 295 293 327 283 281 315 292 326 
295 15887 4.21875000000000000000 -2.34375000000000000000 0 0 1 0 8 298 296 330 294 292 326 293 327 
296 15888 4.53125000000000000000 -2.03125000000000000000 0 0 1 0 8 297 291 299 293 287 295 290 298 
297 15889 4.84375000000000000000 -2.03125000000000000000 0 0 1 0 8 379 377 389 296 290 298 291 299 
298 15890 4.53125000000000000000 -2.34375000000000000000 0 0 1 0 8 299 297 331 295 293 327 296 330 
299 15891 4.84375000000000000000 -2.34375000000000000000 0 0 1 0 8 379 377 389 298 296 330 297 331 
300 15892 1.40625000000000000000 -2.65625000000000000000 0 0 1 0 9 301 218 302 508 506 509 215 214 510 
301 15893 1.71875000000000000000 -2.65625000000000000000 0 0 1 0 9 303 230 305 300 215 510 219 218 302 
302 15894 1.71875000000000000000 -2.96875000000000000000 0 0 1 0 8 305 303 307 510 300 511 301 512 
303 15895 2.03125000000000000000 -2.65625000000000000000 0 0 1 0 9 304 234 306 301 219 302 231 230 305 
304 15896 2.34375000000000000000 -2.65625000000000000000 0 0 1 0 9 310 278 312 303 231 305 235 234 306 
305 15897 2.03125000000000000000 -2.96875000000000000000 0 0 1 0 8 306 304 308 302 301 512 303 307 
306 15898 2.34375000000000000000 -2.96875000000000000000 0 0 1 0 8 312 310 318 305 303 307 304 308 
307 15899 2.03125000000000000000 -3.28125000000000000000 0 0 1 0 8 308 306 309 512 302 513 305 514 
308 15900 2.34375000000000000000 -3.28125000000000000000 0 0 1 0 8 318 312 320 307 305 514 306 309 
309 15901 2.34375000000000000000 -3.59375000000000000000 0 0 1 0 8 320 318 342 514 307 515 308 516 
310 15902 2.65625000000000000000 -2.65625000000000000000 0 0 1 0 8 311 279 313 304 235 306 278 312 
311 15903 2.96875000000000000000 -2.65625000000000000000 0 0 1 0 8 314 282 316 310 278 312 279 313 
312 15904 2.65625000000000000000 -2.96875000000000000000 0 0 1 0 8 313 311 319 306 304 308 310 318 
313 15905 2.96875000000000000000 -2.96875000000000000000 0 0 1 0 8 316 314 322 312 310 318 311 319 
314 15906 3.28125000000000000000 -2.65625000000000000000 0 0 1 0 8 315 283 317 311 279 313 282 316 
315 15907 3.59375000000000000000 -2.65625000000000000000 0 0 1 0 8 326 294 328 314 282 316 283 317 
316 15908 3.28125000000000000000 -2.96875000000000000000 0 0 1 0 8 317 315 323 313 311 319 314 322 
317 15909 3.59375000000000000000 -2.96875000000000000000 0 0 1 0 8 328 326 334 316 314 322 315 323 
318 15910 2.65625000000000000000 -3.28125000000000000000 0 0 1 0 8 319 313 321 308 306 309 312 320 
319 15911 2.96875000000000000000 -3.28125000000000000000 0 0 1 0 8 322 316 324 318 312 320 313 321 
320 15912 2.65625000000000000000 -3.59375000000000000000 0 0 1 0 8 321 319 343 309 308 516 318 342 
321 15913 2.96875000000000000000 -3.59375000000000000000 0 0 1 0 8 324 322 345 320 318 342 319 343 
322 15914 3.28125000000000000000 -3.28125000000000000000 0 0 1 0 8 323 317 325 319 313 321 316 324 
323 15915 3.59375000000000000000 -3.28125000000000000000 0 0 1 0 8 334 328 336 322 316 324 317 325 
324 15916 3.28125000000000000000 -3.59375000000000000000 0 0 1 0 8 325 323 346 321 319 343 322 345 
325 15917 3.59375000000000000000 -3.59375000000000000000 0 0 1 0 8 336 334 353 324 322 345 323 346 
326 15918 3.90625000000000000000 -2.65625000000000000000 0 0 1 0 8 327 295 329 315 283 317 294 328 
327 15919 4.21875000000000000000 -2.65625000000000000000 0 0 1 0 8 330 298 332 326 294 328 295 329 
328 15920 3.90625000000000000000 -2.96875000000000000000 0 0 1 0 8 329 327 335 317 315 323 326 334 
329 15921 4.21875000000000000000 -2.96875000000000000000 0 0 1 0 8 332 330 338 328 326 334 327 335 
330 15922 4.53125000000000000000 -2.65625000000000000000 0 0 1 0 8 331 299 333 327 295 329 298 332 
331 15923 4.84375000000000000000 -2.65625000000000000000 0 0 1 0 8 389 379 391 330 298 332 299 333 
332 15924 4.53125000000000000000 -2.96875000000000000000 0 0 1 0 8 333 331 339 329 327 335 330 338 
333 15925 4.84375000000000000000 -2.96875000000000000000 0 0 1 0 8 389 379 391 332 330 338 331 339 
334 15926 3.90625000000000000000 -3.28125000000000000000 0 0 1 0 8 335 329 337 323 317 325 328 336 
335 15927 4.21875000000000000000 -3.28125000000000000000 0 0 1 0 8 338 332 340 334 328 336 329 337 
336 15928 3.90625000000000000000 -3.59375000000000000000 0 0 1 0 8 337 335 354 325 323 346 334 353 
337 15929 4.21875000000000000000 -3.59375000000000000000 0 0 1 0 8 340 338 357 336 334 353 335 354 
338 15930 4.53125000000000000000 -3.28125000000000000000 0 0 1 0 8 339 333 341 335 329 337 332 340 
339 15931 4.84375000000000000000 -3.28125000000000000000 0 0 1 0 8 391 389 397 338 332 340 333 341 
340 15932 4.53125000000000000000 -3.59375000000000000000 0 0 1 0 8 341 339 358 337 335 354 338 357 
341 15933 4.84375000000000000000 -3.59375000000000000000 0 0 1 0 8 391 389 397 340 338 357 339 358 
342 15934 2.65625000000000000000 -3.90625000000000000000 0 0 1 0 8 343 321 344 516 309 517 320 518 
343 15935 2.96875000000000000000 -3.90625000000000000000 0 0 1 0 8 345 324 347 342 320 518 321 344 
344 15936 2.96875000000000000000 -4.21875000000000000000 0 0 1 0 8 347 345 349 518 342 519 343 520 
345 15937 3.28125000000000000000 -3.90625000000000000000 0 0 1 0 8 346 325 348 343 321 344 324 347 
346 15938 3.59375000000000000000 -3.90625000000000000000 0 0 1 0 8 353 336 355 345 324 347 325 348 
347 15939 3.28125000000000000000 -4.21875000000000000000 0 0 1 0 8 348 346 350 344 343 520 345 349 
348 15940 3.59375000000000000000 -4.21875000000000000000 0 0 1 0 8 355 353 361 347 345 349 346 350 
349 15941 3.28125000000000000000 -4.53125000000000000000 0 0 1 0 8 350 348 352 520 344 521 347 351 
350 15942 3.59375000000000000000 -4.53125000000000000000 0 0 1 0 8 361 355 363 349 347 351 348 352 
351 15943 3.28125000000000000000 -4.84375000000000000000 0 0 1 0 8 352 350 409 521 520 522 349 410 
352 15944 3.59375000000000000000 -4.84375000000000000000 0 0 1 0 8 363 361 410 351 349 409 350 522 
353 15945 3.90625000000000000000 -3.90625000000000000000 0 0 1 0 8 354 337 356 346 325 348 336 355 
354 15946 4.21875000000000000000 -3.90625000000000000000 0 0 1 0 8 357 340 359 353 336 355 337 356 
355 15947 3.90625000000000000000 -4.21875000000000000000 0 0 1 0 8 356 354 362 348 346 350 353 361 
356 15948 4.21875000000000000000 -4.21875000000000000000 0 0 1 0 8 359 357 365 355 353 361 354 362 
357 15949 4.53125000000000000000 -3.90625000000000000000 0 0 1 0 8 358 341 360 354 337 356 340 359 
358 15950 4.84375000000000000000 -3.90625000000000000000 0 0 1 0 8 397 391 399 357 340 359 341 360 
359 15951 4.53125000000000000000 -4.21875000000000000000 0 0 1 0 8 360 358 366 356 354 362 357 365 
360 15952 4.84375000000000000000 -4.21875000000000000000 0 0 1 0 8 397 391 399 359 357 365 358 366 
361 15953 3.90625000000000000000 -4.53125000000000000000 0 0 1 0 8 362 356 364 350 348 352 355 363 
362 15954 4.21875000000000000000 -4.53125000000000000000 0 0 1 0 8 365 359 367 361 355 363 356 364 
363 15955 3.90625000000000000000 -4.84375000000000000000 0 0 1 0 8 364 362 410 352 350 409 361 411 
364 15956 4.21875000000000000000 -4.84375000000000000000 0 0 1 0 8 367 365 411 363 361 410 362 409 
365 15957 4.53125000000000000000 -4.53125000000000000000 0 0 1 0 8 366 360 368 362 356 364 359 367 
366 15958 4.84375000000000000000 -4.53125000000000000000 0 0 1 0 8 399 397 415 365 359 367 360 368 
367 15959 4.53125000000000000000 -4.84375000000000000000 0 0 1 0 8 368 366 411 364 362 410 365 415 
368 15960 4.84375000000000000000 -4.84375000000000000000 0 0 1 0 8 399 397 415 367 365 411 366 410 
369 15961 5.31250000000000000000 -0.31250000000000000000 0 0 1 0 10 370 129 372 257 97 259 265 128 371 267 
370 15962 5.93750000000000000000 -0.31250000000000000000 0 0 1 0 8 373 132 375 369 128 371 129 372 
371 15963 5.31250000000000000000 -0.93750000000000000000 0 0 1 0 10 372 370 378 265 259 267 289 369 377 291 
372 15964 5.93750000000000000000 -0.93750000000000000000 0 0 1 0 8 375 373 381 371 369 377 370 378 
373 15965 6.56250000000000000000 -0.31250000000000000000 0 0 1 0 8 374 133 376 370 129 372 132 375 
374 15966 7.18750000000000000000 -0.31250000000000000000 0 0 1 0 8 385 136 387 373 132 375 133 376 
375 15967 6.56250000000000000000 -0.93750000000000000000 0 0 1 0 8 376 374 382 372 370 378 373 381 
376 15968 7.18750000000000000000 -0.93750000000000000000 0 0 1 0 8 385 136 387 375 373 381 374 382 
377 15969 5.31250000000000000000 -1.56250000000000000000 0 0 1 0 10 378 372 380 289 267 291 297 371 379 299 
378 15970 5.93750000000000000000 -1.56250000000000000000 0 0 1 0 8 381 375 383 377 371 379 372 380 
379 15971 5.31250000000000000000 -2.18750000000000000000 0 0 1 0 10 380 378 390 297 291 299 331 377 389 333 
380 15972 5.93750000000000000000 -2.18750000000000000000 0 0 1 0 8 383 381 393 379 377 389 378 390 
381 15973 6.56250000000000000000 -1.56250000000000000000 0 0 1 0 8 382 376 384 378 372 380 375 383 
382 15974 7.18750000000000000000 -1.56250000000000000000 0 0 1 0 8 387 385 405 381 375 383 376 384 
383 15975 6.56250000000000000000 -2.18750000000000000000 0 0 1 0 8 384 382 394 380 378 390 381 393 
384 15976 7.18750000000000000000 -2.18750000000000000000 0 0 1 0 8 387 385 405 383 381 393 382 394 
385 15977 8.12500000000000000000 -0.62500000000000000000 0 0 1 0 10 386 137 388 374 133 376 382 136 387 384 
386 15978 9.37500000000000000000 -0.62500000000000000000 137 388 2 0 5 385 136 387 137 388 
387 15979 8.12500000000000000000 -1.87500000000000000000 0 0 1 0 10 388 386 406 382 376 384 394 385 405 396 
388 15980 9.37500000000000000000 -1.87500000000000000000 386 406 2 0 5 387 385 405 386 406 
389 15981 5.31250000000000000000 -2.81250000000000000000 0 0 1 0 10 390 380 392 331 299 333 339 379 391 341 
390 15982 5.93750000000000000000 -2.81250000000000000000 0 0 1 0 8 393 383 395 389 379 391 380 392 
391 15983 5.31250000000000000000 -3.43750000000000000000 0 0 1 0 10 392 390 398 339 333 341 358 389 397 360 
392 15984 5.93750000000000000000 -3.43750000000000000000 0 0 1 0 8 395 393 401 391 389 397 390 398 
393 15985 6.56250000000000000000 -2.81250000000000000000 0 0 1 0 8 394 384 396 390 380 392 383 395 
394 15986 7.18750000000000000000 -2.81250000000000000000 0 0 1 0 8 405 387 407 393 383 395 384 396 
395 15987 6.56250000000000000000 -3.43750000000000000000 0 0 1 0 8 396 394 402 392 390 398 393 401 
396 15988 7.18750000000000000000 -3.43750000000000000000 0 0 1 0 8 405 387 407 395 393 401 394 402 
397 15989 5.31250000000000000000 -4.06250000000000000000 0 0 1 0 10 398 392 400 358 341 360 366 391 399 368 
398 15990 5.93750000000000000000 -4.06250000000000000000 0 0 1 0 8 401 395 403 397 391 399 392 400 
399 15991 5.31250000000000000000 -4.68750000000000000000 0 0 1 0 9 400 398 416 366 360 368 411 397 415 
400 15992 5.93750000000000000000 -4.68750000000000000000 0 0 1 0 8 403 401 419 399 397 415 398 416 
401 15993 6.56250000000000000000 -4.06250000000000000000 0 0 1 0 8 402 396 404 398 392 400 395 403 
402 15994 7.18750000000000000000 -4.06250000000000000000 0 0 1 0 8 407 405 431 401 395 403 396 404 
403 15995 6.56250000000000000000 -4.68750000000000000000 0 0 1 0 8 404 402 420 400 398 416 401 419 
404 15996 7.18750000000000000000 -4.68750000000000000000 0 0 1 0 8 407 405 431 403 401 419 402 420 
405 15997 8.12500000000000000000 -3.12500000000000000000 0 0 1 0 10 406 388 408 394 384 396 402 387 407 404 
406 15998 9.37500000000000000000 -3.12500000000000000000 388 408 2 0 5 405 387 407 388 408 
407 15999 8.12500000000000000000 -4.37500000000000000000 0 0 1 0 10 408 406 432 402 396 404 420 405 431 422 
408 16000 9.37500000000000000000 -4.37500000000000000000 406 432 2 0 5 407 405 431 406 432 
409 16001 3.43750000000000000000 -5.31250000000000000000 0 0 1 0 9 410 363 412 522 521 523 352 351 524 
410 16002 4.06250000000000000000 -5.31250000000000000000 0 0 1 0 9 411 367 413 409 352 524 364 363 412 
411 16003 4.68750000000000000000 -5.31250000000000000000 0 0 1 0 9 415 399 417 410 364 412 368 367 413 
412 16004 4.06250000000000000000 -5.93750000000000000000 0 0 1 0 8 413 411 414 524 409 525 410 526 
413 16005 4.68750000000000000000 -5.93750000000000000000 0 0 1 0 8 417 415 423 412 410 526 411 414 
414 16006 4.68750000000000000000 -6.56250000000000000000 0 0 1 0 8 423 417 425 526 412 527 413 528 
415 16007 5.31250000000000000000 -5.31250000000000000000 0 0 1 0 8 416 400 418 411 368 413 399 417 
416 16008 5.93750000000000000000 -5.31250000000000000000 0 0 1 0 8 419 403 421 415 399 417 400 418 
417 16009 5.31250000000000000000 -5.93750000000000000000 0 0 1 0 8 418 416 424 413 411 414 415 423 
418 16010 5.93750000000000000000 -5.93750000000000000000 0 0 1 0 8 421 419 427 417 415 423 416 424 
419 16011 6.56250000000000000000 -5.31250000000000000000 0 0 1 0 8 420 404 422 416 400 418 403 421 
420 16012 7.18750000000000000000 -5.31250000000000000000 0 0 1 0 8 431 407 433 419 403 421 404 422 
421 16013 6.56250000000000000000 -5.93750000000000000000 0 0 1 0 8 422 420 428 418 416 424 419 427 
422 16014 7.18750000000000000000 -5.93750000000000000000 0 0 1 0 8 431 407 433 421 419 427 420 428 
423 16015 5.31250000000000000000 -6.56250000000000000000 0 0 1 0 8 424 418 426 414 413 528 417 425 
424 16016 5.93750000000000000000 -6.56250000000000000000 0 0 1 0 8 427 421 429 423 417 425 418 426 
425 16017 5.31250000000000000000 -7.18750000000000000000 0 0 1 0 8 426 424 435 528 414 529 423 436 
426 16018 5.93750000000000000000 -7.18750000000000000000 0 0 1 0 8 429 427 436 425 423 435 424 529 
427 16019 6.56250000000000000000 -6.56250000000000000000 0 0 1 0 8 428 422 430 424 418 426 421 429 
428 16020 7.18750000000000000000 -6.56250000000000000000 0 0 1 0 8 433 431 439 427 421 429 422 430 
429 16021 6.56250000000000000000 -7.18750000000000000000 0 0 1 0 8 430 428 436 426 424 435 427 439 
430 16022 7.18750000000000000000 -7.18750000000000000000 0 0 1 0 8 433 431 439 429 427 436 428 435 
431 16023 8.12500000000000000000 -5.62500000000000000000 0 0 1 0 10 432 408 434 420 404 422 428 407 433 430 
432 16024 9.37500000000000000000 -5.62500000000000000000 408 434 2 0 5 431 407 433 408 434 
433 16025 8.12500000000000000000 -6.87500000000000000000 0 0 1 0 9 434 432 440 428 422 430 436 431 439 
434 16026 9.37500000000000000000 -6.87500000000000000000 432 440 2 0 5 433 431 439 432 440 
435 16027 5.62500000000000000000 -8.12500000000000000000 0 0 1 0 9 436 429 438 529 528 530 426 425 437 
436 16028 6.87500000000000000000 -8.12500000000000000000 0 0 1 0 9 439 433 441 435 426 437 430 429 438 
437 16029 5.62500000000000000000 -9.37500000000000000000 438 530 2 0 5 438 436 530 529 435 
438 16030 6.87500000000000000000 -9.37500000000000000000 441 437 2 0 5 441 439 437 435 436 
439 16031 8.12500000000000000000 -8.12500000000000000000 0 0 1 0 8 440 434 442 436 430 438 433 441 
440 16032 9.37500000000000000000 -8.12500000000000000000 434 442 2 0 5 439 433 441 434 442 
441 16033 8.12500000000000000000 -9.37500000000000000000 442 438 2 0 5 442 440 438 436 439 
442 16034 9.37500000000000000000 -9.37500000000000000000 440 441 2 0 3 441 439 440 
