484 428 56
1 5222 0.99531396000000005309 -0.00066288534000000004 429 2 0 1 9 231 252 237 248 239 249 254 429 2 
2 5223 0.99459817769390068687 -0.00076379678256463166 1 3 0 1 8 248 233 236 235 237 250 1 3 
3 5224 0.99388239000000000445 -0.00086461819000000005 2 4 0 1 7 236 228 232 233 238 2 4 
4 5225 0.99226159999999996586 -0.00109257870000000010 3 5 0 1 6 227 223 224 229 3 5 
5 5226 0.99045221000000005507 -0.00134651949999999997 4 6 0 1 11 223 225 264 190 208 211 210 212 266 4 6 
6 5227 0.98845492999999995387 -0.00162616629999999996 5 7 0 1 9 190 207 192 195 194 196 209 5 7 
7 5228 0.98627050999999998915 -0.00193121880000000001 6 8 0 1 8 191 143 146 145 147 193 6 8 
8 5229 0.98389978000000000158 -0.00226135130000000009 7 9 0 1 8 146 131 142 133 143 148 7 9 
9 5230 0.98262173774950123395 -0.00243892110131851275 8 10 0 1 7 127 128 129 130 132 8 10 
10 5231 0.98198270546161470218 -0.00252760216563847288 9 11 0 1 6 127 129 126 128 9 11 
11 5232 0.98134367000000000125 -0.00261621340000000018 10 12 0 1 7 125 126 128 134 136 10 12 
12 5233 0.97997341998311504607 -0.00280598113756314830 11 13 0 1 8 125 126 128 162 163 11 13 75 
13 5234 0.97860314000000003798 -0.00299543139999999992 12 14 0 1 9 125 162 75 158 77 159 164 12 14 
14 5235 0.97567924999999999791 -0.00339860840000000015 13 15 0 1 8 158 71 74 73 75 160 13 15 
15 5236 0.97257311000000001844 -0.00382532610000000002 14 16 0 1 8 74 59 70 61 71 76 14 16 
16 5237 0.96928592999999996227 -0.00427514520000000023 15 17 0 1 8 70 55 58 57 59 72 15 17 
17 5238 0.96581894999999995388 -0.00474760679999999997 16 18 0 1 7 51 52 53 54 56 16 18 
18 5239 0.96217350000000001486 -0.00524223299999999979 17 19 0 1 7 51 52 53 87 92 17 19 
19 5240 0.95835099000000001368 -0.00575852859999999994 18 20 0 1 9 52 90 40 86 42 87 92 18 20 
20 5241 0.95435287000000001978 -0.00629598129999999964 19 21 0 1 8 86 36 39 38 40 88 19 21 
21 5242 0.95018067999999999973 -0.00685406359999999985 20 22 0 1 8 39 26 35 28 36 41 20 22 
22 5243 0.94583601999999999954 -0.00743223319999999996 21 430 0 1 8 35 23 25 24 26 37 21 430 
23 5244 0.94116210937500000000 -0.01098632812500000000 0 0 1 0 8 25 22 27 432 430 433 431 24 
24 5245 0.94116210937500000000 -0.01342773437500000000 0 0 1 0 8 27 25 31 433 432 434 23 29 
25 5246 0.94360351562500000000 -0.01098632812500000000 0 0 1 0 8 26 22 28 23 430 24 21 27 
26 5247 0.94604492187500000000 -0.01098632812500000000 0 0 1 0 8 35 21 37 25 22 27 430 28 
27 5248 0.94360351562500000000 -0.01342773437500000000 0 0 1 0 8 28 26 32 24 23 29 25 31 
28 5249 0.94604492187500000000 -0.01342773437500000000 0 0 1 0 8 37 35 43 27 25 31 26 32 
29 5250 0.94116210937500000000 -0.01586914062500000000 0 0 1 0 8 31 27 33 434 433 435 24 30 
30 5251 0.94116210937500000000 -0.01831054687500000000 0 0 1 0 7 33 31 118 435 434 436 29 
31 5252 0.94360351562500000000 -0.01586914062500000000 0 0 1 0 8 32 28 34 29 24 30 27 33 
32 5253 0.94604492187500000000 -0.01586914062500000000 0 0 1 0 8 43 37 45 31 27 33 28 34 
33 5254 0.94360351562500000000 -0.01831054687500000000 0 0 1 0 8 34 32 118 30 29 436 31 119 
34 5255 0.94604492187500000000 -0.01831054687500000000 0 0 1 0 8 45 43 119 33 31 118 32 436 
35 5256 0.94848632812500000000 -0.01098632812500000000 0 0 1 0 8 36 21 38 26 22 28 20 37 
36 5257 0.95092773437500000000 -0.01098632812500000000 0 0 1 0 8 39 20 41 35 21 37 22 38 
37 5258 0.94848632812500000000 -0.01342773437500000000 0 0 1 0 8 38 36 44 28 26 32 35 43 
38 5259 0.95092773437500000000 -0.01342773437500000000 0 0 1 0 8 41 39 47 37 35 43 36 44 
39 5260 0.95336914062500000000 -0.01098632812500000000 0 0 1 0 8 40 20 42 36 21 38 19 41 
40 5261 0.95581054687500000000 -0.01098632812500000000 0 0 1 0 8 86 19 88 39 20 41 21 42 
41 5262 0.95336914062500000000 -0.01342773437500000000 0 0 1 0 8 42 40 48 38 36 44 39 47 
42 5263 0.95581054687500000000 -0.01342773437500000000 0 0 1 0 8 88 86 94 41 39 47 40 48 
43 5264 0.94848632812500000000 -0.01586914062500000000 0 0 1 0 8 44 38 46 32 28 34 37 45 
44 5265 0.95092773437500000000 -0.01586914062500000000 0 0 1 0 8 47 41 49 43 37 45 38 46 
45 5266 0.94848632812500000000 -0.01831054687500000000 0 0 1 0 8 46 44 119 34 32 118 43 120 
46 5267 0.95092773437500000000 -0.01831054687500000000 0 0 1 0 8 49 47 120 45 43 119 44 118 
47 5268 0.95336914062500000000 -0.01586914062500000000 0 0 1 0 8 48 42 50 44 38 46 41 49 
48 5269 0.95581054687500000000 -0.01586914062500000000 0 0 1 0 8 94 88 96 47 41 49 42 50 
49 5270 0.95336914062500000000 -0.01831054687500000000 0 0 1 0 8 50 48 120 46 44 119 47 121 
50 5271 0.95581054687500000000 -0.01831054687500000000 0 0 1 0 8 96 94 121 49 47 120 48 119 
51 5272 0.96557617187500000000 -0.00610351562500000000 0 0 1 0 8 54 56 62 18 52 17 53 64 
52 5273 0.96313476562500000000 -0.00854492187500000000 0 0 1 0 7 53 51 91 19 18 90 87 
53 5274 0.96557617187500000000 -0.00854492187500000000 0 0 1 0 9 62 56 64 102 52 18 90 51 91 
54 5275 0.96740722656250000000 -0.00549316406250000000 0 0 1 0 7 55 57 51 17 53 16 56 
55 5276 0.96862792968750000000 -0.00549316406250000000 0 0 1 0 7 58 16 60 54 56 17 57 
56 5277 0.96740722656250000000 -0.00671386718750000000 0 0 1 0 8 57 55 63 51 17 53 54 62 
57 5278 0.96862792968750000000 -0.00671386718750000000 0 0 1 0 8 60 58 66 56 54 62 55 63 
58 5279 0.96984863281250000000 -0.00549316406250000000 0 0 1 0 7 59 16 61 55 57 15 60 
59 5280 0.97106933593750000000 -0.00549316406250000000 0 0 1 0 7 70 15 72 58 16 60 61 
60 5281 0.96984863281250000000 -0.00671386718750000000 0 0 1 0 8 61 59 67 57 55 63 58 66 
61 5282 0.97106933593750000000 -0.00671386718750000000 0 0 1 0 8 72 70 78 60 58 66 59 67 
62 5283 0.96740722656250000000 -0.00793457031250000000 0 0 1 0 8 63 57 65 53 51 91 56 64 
63 5284 0.96862792968750000000 -0.00793457031250000000 0 0 1 0 8 66 60 68 62 56 64 57 65 
64 5285 0.96740722656250000000 -0.00915527343750000000 0 0 1 0 8 65 63 102 53 51 91 62 103 
65 5286 0.96862792968750000000 -0.00915527343750000000 0 0 1 0 8 68 66 103 64 62 102 63 91 
66 5287 0.96984863281250000000 -0.00793457031250000000 0 0 1 0 8 67 61 69 63 57 65 60 68 
67 5288 0.97106933593750000000 -0.00793457031250000000 0 0 1 0 8 78 72 80 66 60 68 61 69 
68 5289 0.96984863281250000000 -0.00915527343750000000 0 0 1 0 8 69 67 103 65 63 102 66 106 
69 5290 0.97106933593750000000 -0.00915527343750000000 0 0 1 0 8 80 78 106 68 66 103 67 102 
70 5291 0.97229003906250000000 -0.00549316406250000000 0 0 1 0 8 71 15 73 59 16 61 14 72 
71 5292 0.97351074218750000000 -0.00549316406250000000 0 0 1 0 8 74 14 76 70 15 72 16 73 
72 5293 0.97229003906250000000 -0.00671386718750000000 0 0 1 0 8 73 71 79 61 59 67 70 78 
73 5294 0.97351074218750000000 -0.00671386718750000000 0 0 1 0 8 76 74 82 72 70 78 71 79 
74 5295 0.97473144531250000000 -0.00549316406250000000 0 0 1 0 8 75 14 77 71 15 73 13 76 
75 5296 0.97595214843750000000 -0.00549316406250000000 0 0 1 0 8 158 13 160 74 14 76 15 77 
76 5297 0.97473144531250000000 -0.00671386718750000000 0 0 1 0 8 77 75 83 73 71 79 74 82 
77 5298 0.97595214843750000000 -0.00671386718750000000 0 0 1 0 8 160 158 166 76 74 82 75 83 
78 5299 0.97229003906250000000 -0.00793457031250000000 0 0 1 0 8 79 73 81 67 61 69 72 80 
79 5300 0.97351074218750000000 -0.00793457031250000000 0 0 1 0 8 82 76 84 78 72 80 73 81 
80 5301 0.97229003906250000000 -0.00915527343750000000 0 0 1 0 8 81 79 106 69 67 103 78 107 
81 5302 0.97351074218750000000 -0.00915527343750000000 0 0 1 0 8 84 82 107 80 78 106 79 103 
82 5303 0.97473144531250000000 -0.00793457031250000000 0 0 1 0 8 83 77 85 79 73 81 76 84 
83 5304 0.97595214843750000000 -0.00793457031250000000 0 0 1 0 8 166 160 168 82 76 84 77 85 
84 5305 0.97473144531250000000 -0.00915527343750000000 0 0 1 0 8 85 83 107 81 79 106 82 328 
85 5306 0.97595214843750000000 -0.00915527343750000000 0 0 1 0 8 168 166 328 84 82 107 83 106 
86 5307 0.95825195312500000000 -0.01098632812500000000 0 0 1 0 7 87 19 89 40 20 42 88 
87 5308 0.96069335937500000000 -0.01098632812500000000 0 0 1 0 8 90 52 92 86 19 88 20 89 
88 5309 0.95825195312500000000 -0.01342773437500000000 0 0 1 0 8 89 87 95 42 40 48 86 94 
89 5310 0.96069335937500000000 -0.01342773437500000000 0 0 1 0 8 92 90 98 88 86 94 87 95 
90 5311 0.96313476562500000000 -0.01098632812500000000 0 0 1 0 8 91 53 93 87 19 89 52 92 
91 5312 0.96557617187500000000 -0.01098632812500000000 0 0 1 0 8 102 64 104 90 52 92 53 93 
92 5313 0.96313476562500000000 -0.01342773437500000000 0 0 1 0 8 93 91 99 89 87 95 90 98 
93 5314 0.96557617187500000000 -0.01342773437500000000 0 0 1 0 8 104 102 110 92 90 98 91 99 
94 5315 0.95825195312500000000 -0.01586914062500000000 0 0 1 0 8 95 89 97 48 42 50 88 96 
95 5316 0.96069335937500000000 -0.01586914062500000000 0 0 1 0 8 98 92 100 94 88 96 89 97 
96 5317 0.95825195312500000000 -0.01831054687500000000 0 0 1 0 8 97 95 121 50 48 120 94 122 
97 5318 0.96069335937500000000 -0.01831054687500000000 0 0 1 0 8 100 98 122 96 94 121 95 120 
98 5319 0.96313476562500000000 -0.01586914062500000000 0 0 1 0 8 99 93 101 95 89 97 92 100 
99 5320 0.96557617187500000000 -0.01586914062500000000 0 0 1 0 8 110 104 112 98 92 100 93 101 
100 5321 0.96313476562500000000 -0.01831054687500000000 0 0 1 0 8 101 99 122 97 95 121 98 123 
101 5322 0.96557617187500000000 -0.01831054687500000000 0 0 1 0 8 112 110 123 100 98 122 99 121 
102 5323 0.96801757812500000000 -0.01098632812500000000 0 0 1 0 9 103 68 105 91 53 93 65 64 104 
103 5324 0.97045898437500000000 -0.01098632812500000000 0 0 1 0 9 106 80 108 102 65 104 69 68 105 
104 5325 0.96801757812500000000 -0.01342773437500000000 0 0 1 0 8 105 103 111 93 91 99 102 110 
105 5326 0.97045898437500000000 -0.01342773437500000000 0 0 1 0 8 108 106 114 104 102 110 103 111 
106 5327 0.97290039062500000000 -0.01098632812500000000 0 0 1 0 9 107 84 109 103 69 105 81 80 108 
107 5328 0.97534179687500000000 -0.01098632812500000000 0 0 1 0 9 328 168 330 106 81 108 85 84 109 
108 5329 0.97290039062500000000 -0.01342773437500000000 0 0 1 0 8 109 107 115 105 103 111 106 114 
109 5330 0.97534179687500000000 -0.01342773437500000000 0 0 1 0 8 330 328 336 108 106 114 107 115 
110 5331 0.96801757812500000000 -0.01586914062500000000 0 0 1 0 8 111 105 113 99 93 101 104 112 
111 5332 0.97045898437500000000 -0.01586914062500000000 0 0 1 0 8 114 108 116 110 104 112 105 113 
112 5333 0.96801757812500000000 -0.01831054687500000000 0 0 1 0 8 113 111 123 101 99 122 110 124 
113 5334 0.97045898437500000000 -0.01831054687500000000 0 0 1 0 8 116 114 124 112 110 123 111 122 
114 5335 0.97290039062500000000 -0.01586914062500000000 0 0 1 0 8 115 109 117 111 105 113 108 116 
115 5336 0.97534179687500000000 -0.01586914062500000000 0 0 1 0 8 336 330 338 114 108 116 109 117 
116 5337 0.97290039062500000000 -0.01831054687500000000 0 0 1 0 8 117 115 124 113 111 123 114 423 
117 5338 0.97534179687500000000 -0.01831054687500000000 0 0 1 0 8 338 336 423 116 114 124 115 123 
118 5339 0.94482421875000000000 -0.02197265625000000000 0 0 1 0 9 119 45 439 436 30 437 34 33 438 
119 5340 0.94970703125000000000 -0.02197265625000000000 0 0 1 0 9 120 49 440 118 34 438 46 45 439 
120 5341 0.95458984375000000000 -0.02197265625000000000 0 0 1 0 9 121 96 441 119 46 439 50 49 440 
121 5342 0.95947265625000000000 -0.02197265625000000000 0 0 1 0 9 122 100 442 120 50 440 97 96 441 
122 5343 0.96435546875000000000 -0.02197265625000000000 0 0 1 0 9 123 112 443 121 97 441 101 100 442 
123 5344 0.96923828125000000000 -0.02197265625000000000 0 0 1 0 9 124 116 444 122 101 442 113 112 443 
124 5345 0.97412109375000000000 -0.02197265625000000000 0 0 1 0 9 423 338 477 123 113 443 117 116 444 
125 5346 0.97961425781250000000 -0.00427246093750000000 0 0 1 0 7 126 11 163 13 12 162 159 
126 5347 0.98083496093750000000 -0.00427246093750000000 0 0 1 0 9 134 128 136 174 125 12 162 11 163 
127 5348 0.98236083984375000000 -0.00274658203125000000 0 0 1 0 6 130 132 10 9 128 129 
128 5349 0.98175048828125000000 -0.00335693359375000000 0 0 1 0 7 129 127 135 11 126 10 134 
129 5350 0.98236083984375000000 -0.00335693359375000000 0 0 1 0 8 132 130 138 128 10 134 127 135 
130 5351 0.98297119140625000000 -0.00274658203125000000 0 0 1 0 7 131 133 127 9 129 8 132 
131 5352 0.98358154296875000000 -0.00274658203125000000 0 0 1 0 7 142 8 144 130 132 9 133 
132 5353 0.98297119140625000000 -0.00335693359375000000 0 0 1 0 8 133 131 139 129 127 135 130 138 
133 5354 0.98358154296875000000 -0.00335693359375000000 0 0 1 0 8 144 142 150 132 130 138 131 139 
134 5355 0.98175048828125000000 -0.00396728515625000000 0 0 1 0 8 135 129 137 126 11 163 128 136 
135 5356 0.98236083984375000000 -0.00396728515625000000 0 0 1 0 8 138 132 140 134 128 136 129 137 
136 5357 0.98175048828125000000 -0.00457763671875000000 0 0 1 0 8 137 135 174 126 11 163 134 175 
137 5358 0.98236083984375000000 -0.00457763671875000000 0 0 1 0 8 140 138 175 136 134 174 135 163 
138 5359 0.98297119140625000000 -0.00396728515625000000 0 0 1 0 8 139 133 141 135 129 137 132 140 
139 5360 0.98358154296875000000 -0.00396728515625000000 0 0 1 0 8 150 144 152 138 132 140 133 141 
140 5361 0.98297119140625000000 -0.00457763671875000000 0 0 1 0 8 141 139 175 137 135 174 138 178 
141 5362 0.98358154296875000000 -0.00457763671875000000 0 0 1 0 8 152 150 178 140 138 175 139 174 
142 5363 0.98419189453125000000 -0.00274658203125000000 0 0 1 0 7 143 8 145 131 133 7 144 
143 5364 0.98480224609375000000 -0.00274658203125000000 0 0 1 0 7 146 7 148 142 8 144 145 
144 5365 0.98419189453125000000 -0.00335693359375000000 0 0 1 0 8 145 143 151 133 131 139 142 150 
145 5366 0.98480224609375000000 -0.00335693359375000000 0 0 1 0 8 148 146 154 144 142 150 143 151 
146 5367 0.98541259765625000000 -0.00274658203125000000 0 0 1 0 7 147 7 149 143 8 145 148 
147 5368 0.98602294921875000000 -0.00274658203125000000 0 0 1 0 7 191 193 146 7 148 8 149 
148 5369 0.98541259765625000000 -0.00335693359375000000 0 0 1 0 8 149 147 155 145 143 151 146 154 
149 5370 0.98602294921875000000 -0.00335693359375000000 0 0 1 0 8 193 191 199 148 146 154 147 155 
150 5371 0.98419189453125000000 -0.00396728515625000000 0 0 1 0 8 151 145 153 139 133 141 144 152 
151 5372 0.98480224609375000000 -0.00396728515625000000 0 0 1 0 8 154 148 156 150 144 152 145 153 
152 5373 0.98419189453125000000 -0.00457763671875000000 0 0 1 0 8 153 151 178 141 139 175 150 179 
153 5374 0.98480224609375000000 -0.00457763671875000000 0 0 1 0 8 156 154 179 152 150 178 151 175 
154 5375 0.98541259765625000000 -0.00396728515625000000 0 0 1 0 8 155 149 157 151 145 153 148 156 
155 5376 0.98602294921875000000 -0.00396728515625000000 0 0 1 0 8 199 193 201 154 148 156 149 157 
156 5377 0.98541259765625000000 -0.00457763671875000000 0 0 1 0 8 157 155 179 153 151 178 154 296 
157 5378 0.98602294921875000000 -0.00457763671875000000 0 0 1 0 8 201 199 296 156 154 179 155 178 
158 5379 0.97717285156250000000 -0.00549316406250000000 0 0 1 0 7 159 13 161 75 14 77 160 
159 5380 0.97839355468750000000 -0.00549316406250000000 0 0 1 0 8 162 125 164 158 13 160 14 161 
160 5381 0.97717285156250000000 -0.00671386718750000000 0 0 1 0 8 161 159 167 77 75 83 158 166 
161 5382 0.97839355468750000000 -0.00671386718750000000 0 0 1 0 8 164 162 170 160 158 166 159 167 
162 5383 0.97961425781250000000 -0.00549316406250000000 0 0 1 0 8 163 126 165 159 13 161 125 164 
163 5384 0.98083496093750000000 -0.00549316406250000000 0 0 1 0 8 174 136 176 162 125 164 126 165 
164 5385 0.97961425781250000000 -0.00671386718750000000 0 0 1 0 8 165 163 171 161 159 167 162 170 
165 5386 0.98083496093750000000 -0.00671386718750000000 0 0 1 0 8 176 174 182 164 162 170 163 171 
166 5387 0.97717285156250000000 -0.00793457031250000000 0 0 1 0 8 167 161 169 83 77 85 160 168 
167 5388 0.97839355468750000000 -0.00793457031250000000 0 0 1 0 8 170 164 172 166 160 168 161 169 
168 5389 0.97717285156250000000 -0.00915527343750000000 0 0 1 0 8 169 167 328 85 83 107 166 329 
169 5390 0.97839355468750000000 -0.00915527343750000000 0 0 1 0 8 172 170 329 168 166 328 167 107 
170 5391 0.97961425781250000000 -0.00793457031250000000 0 0 1 0 8 171 165 173 167 161 169 164 172 
171 5392 0.98083496093750000000 -0.00793457031250000000 0 0 1 0 8 182 176 184 170 164 172 165 173 
172 5393 0.97961425781250000000 -0.00915527343750000000 0 0 1 0 8 173 171 329 169 167 328 170 332 
173 5394 0.98083496093750000000 -0.00915527343750000000 0 0 1 0 8 184 182 332 172 170 329 171 328 
174 5395 0.98205566406250000000 -0.00549316406250000000 0 0 1 0 9 175 140 177 163 126 165 137 136 176 
175 5396 0.98327636718750000000 -0.00549316406250000000 0 0 1 0 9 178 152 180 174 137 176 141 140 177 
176 5397 0.98205566406250000000 -0.00671386718750000000 0 0 1 0 8 177 175 183 165 163 171 174 182 
177 5398 0.98327636718750000000 -0.00671386718750000000 0 0 1 0 8 180 178 186 176 174 182 175 183 
178 5399 0.98449707031250000000 -0.00549316406250000000 0 0 1 0 9 179 156 181 175 141 177 153 152 180 
179 5400 0.98571777343750000000 -0.00549316406250000000 0 0 1 0 9 296 201 298 178 153 180 157 156 181 
180 5401 0.98449707031250000000 -0.00671386718750000000 0 0 1 0 8 181 179 187 177 175 183 178 186 
181 5402 0.98571777343750000000 -0.00671386718750000000 0 0 1 0 8 298 296 304 180 178 186 179 187 
182 5403 0.98205566406250000000 -0.00793457031250000000 0 0 1 0 8 183 177 185 171 165 173 176 184 
183 5404 0.98327636718750000000 -0.00793457031250000000 0 0 1 0 8 186 180 188 182 176 184 177 185 
184 5405 0.98205566406250000000 -0.00915527343750000000 0 0 1 0 8 185 183 332 173 171 329 182 333 
185 5406 0.98327636718750000000 -0.00915527343750000000 0 0 1 0 8 188 186 333 184 182 332 183 329 
186 5407 0.98449707031250000000 -0.00793457031250000000 0 0 1 0 8 187 181 189 183 177 185 180 188 
187 5408 0.98571777343750000000 -0.00793457031250000000 0 0 1 0 8 304 298 306 186 180 188 181 189 
188 5409 0.98449707031250000000 -0.00915527343750000000 0 0 1 0 8 189 187 333 185 183 332 186 344 
189 5410 0.98571777343750000000 -0.00915527343750000000 0 0 1 0 8 306 304 344 188 186 333 187 332 
190 5411 0.98937988281250000000 -0.00183105468750000000 0 0 1 0 8 5 211 6 196 207 198 208 213 
191 5412 0.98663330078125000000 -0.00274658203125000000 0 0 1 0 7 192 194 147 7 149 6 193 
192 5413 0.98724365234375000000 -0.00274658203125000000 0 0 1 0 7 195 6 197 191 193 7 194 
193 5414 0.98663330078125000000 -0.00335693359375000000 0 0 1 0 8 194 192 200 149 147 155 191 199 
194 5415 0.98724365234375000000 -0.00335693359375000000 0 0 1 0 8 197 195 203 193 191 199 192 200 
195 5416 0.98785400390625000000 -0.00274658203125000000 0 0 1 0 7 196 6 198 192 194 190 197 
196 5417 0.98846435546875000000 -0.00274658203125000000 0 0 1 0 7 207 190 209 195 6 197 198 
197 5418 0.98785400390625000000 -0.00335693359375000000 0 0 1 0 8 198 196 204 194 192 200 195 203 
198 5419 0.98846435546875000000 -0.00335693359375000000 0 0 1 0 8 209 207 215 197 195 203 196 204 
199 5420 0.98663330078125000000 -0.00396728515625000000 0 0 1 0 8 200 194 202 155 149 157 193 201 
200 5421 0.98724365234375000000 -0.00396728515625000000 0 0 1 0 8 203 197 205 199 193 201 194 202 
201 5422 0.98663330078125000000 -0.00457763671875000000 0 0 1 0 8 202 200 296 157 155 179 199 297 
202 5423 0.98724365234375000000 -0.00457763671875000000 0 0 1 0 8 205 203 297 201 199 296 200 179 
203 5424 0.98785400390625000000 -0.00396728515625000000 0 0 1 0 8 204 198 206 200 194 202 197 205 
204 5425 0.98846435546875000000 -0.00396728515625000000 0 0 1 0 8 215 209 217 203 197 205 198 206 
205 5426 0.98785400390625000000 -0.00457763671875000000 0 0 1 0 8 206 204 297 202 200 296 203 300 
206 5427 0.98846435546875000000 -0.00457763671875000000 0 0 1 0 8 217 215 300 205 203 297 204 296 
207 5428 0.98907470703125000000 -0.00274658203125000000 0 0 1 0 8 208 190 210 196 6 198 5 209 
208 5429 0.98968505859375000000 -0.00274658203125000000 0 0 1 0 8 211 5 213 207 190 209 6 210 
209 5430 0.98907470703125000000 -0.00335693359375000000 0 0 1 0 8 210 208 216 198 196 204 207 215 
210 5431 0.98968505859375000000 -0.00335693359375000000 0 0 1 0 8 213 211 219 209 207 215 208 216 
211 5432 0.99029541015625000000 -0.00274658203125000000 0 0 1 0 7 212 5 214 208 190 210 213 
212 5433 0.99090576171875000000 -0.00274658203125000000 0 0 1 0 8 264 225 266 211 5 213 190 214 
213 5434 0.99029541015625000000 -0.00335693359375000000 0 0 1 0 8 214 212 220 210 208 216 211 219 
214 5435 0.99090576171875000000 -0.00335693359375000000 0 0 1 0 8 266 264 272 213 211 219 212 220 
215 5436 0.98907470703125000000 -0.00396728515625000000 0 0 1 0 8 216 210 218 204 198 206 209 217 
216 5437 0.98968505859375000000 -0.00396728515625000000 0 0 1 0 8 219 213 221 215 209 217 210 218 
217 5438 0.98907470703125000000 -0.00457763671875000000 0 0 1 0 8 218 216 300 206 204 297 215 301 
218 5439 0.98968505859375000000 -0.00457763671875000000 0 0 1 0 8 221 219 301 217 215 300 216 297 
219 5440 0.99029541015625000000 -0.00396728515625000000 0 0 1 0 8 220 214 222 216 210 218 213 221 
220 5441 0.99090576171875000000 -0.00396728515625000000 0 0 1 0 8 272 266 274 219 213 221 214 222 
221 5442 0.99029541015625000000 -0.00457763671875000000 0 0 1 0 8 222 220 301 218 216 300 219 312 
222 5443 0.99090576171875000000 -0.00457763671875000000 0 0 1 0 8 274 272 312 221 219 301 220 300 
223 5444 0.99151611328125000000 -0.00152587890625000000 0 0 1 0 5 224 4 226 5 225 
224 5445 0.99212646484375000000 -0.00152587890625000000 0 0 1 0 6 227 229 223 4 225 226 
225 5446 0.99151611328125000000 -0.00213623046875000000 0 0 1 0 7 226 224 265 5 223 264 212 
226 5447 0.99212646484375000000 -0.00213623046875000000 0 0 1 0 8 229 227 268 225 223 264 224 265 
227 5448 0.99273681640625000000 -0.00152587890625000000 0 0 1 0 6 228 230 224 4 226 229 
228 5449 0.99334716796875000000 -0.00152587890625000000 0 0 1 0 8 232 3 234 240 227 229 230 242 
229 5450 0.99273681640625000000 -0.00213623046875000000 0 0 1 0 8 230 228 269 226 224 265 227 268 
230 5451 0.99334716796875000000 -0.00213623046875000000 0 0 1 0 9 240 234 242 280 229 227 268 228 269 
231 5452 0.99578857421875000000 -0.00091552734375000000 0 0 1 0 10 445 429 446 360 1 249 252 251 253 361 
232 5453 0.99380493164062500000 -0.00137329101562500000 0 0 1 0 7 233 3 235 228 230 2 234 
233 5454 0.99411010742187500000 -0.00137329101562500000 0 0 1 0 7 236 2 238 232 3 234 235 
234 5455 0.99380493164062500000 -0.00167846679687500000 0 0 1 0 7 235 233 241 228 230 232 240 
235 5456 0.99411010742187500000 -0.00167846679687500000 0 0 1 0 8 238 236 244 234 232 240 233 241 
236 5457 0.99441528320312500000 -0.00137329101562500000 0 0 1 0 8 237 2 239 233 3 235 1 238 
237 5458 0.99472045898437500000 -0.00137329101562500000 0 0 1 0 8 248 1 250 236 2 238 3 239 
238 5459 0.99441528320312500000 -0.00167846679687500000 0 0 1 0 8 239 237 245 235 233 241 236 244 
239 5460 0.99472045898437500000 -0.00167846679687500000 0 0 1 0 8 250 248 256 238 236 244 237 245 
240 5461 0.99380493164062500000 -0.00198364257812500000 0 0 1 0 8 241 235 243 230 228 269 234 242 
241 5462 0.99411010742187500000 -0.00198364257812500000 0 0 1 0 8 244 238 246 240 234 242 235 243 
242 5463 0.99380493164062500000 -0.00228881835937500000 0 0 1 0 8 243 241 280 230 228 269 240 281 
243 5464 0.99411010742187500000 -0.00228881835937500000 0 0 1 0 8 246 244 281 242 240 280 241 269 
244 5465 0.99441528320312500000 -0.00198364257812500000 0 0 1 0 8 245 239 247 241 235 243 238 246 
245 5466 0.99472045898437500000 -0.00198364257812500000 0 0 1 0 8 256 250 258 244 238 246 239 247 
246 5467 0.99441528320312500000 -0.00228881835937500000 0 0 1 0 8 247 245 281 243 241 280 244 284 
247 5468 0.99472045898437500000 -0.00228881835937500000 0 0 1 0 8 258 256 284 246 244 281 245 280 
248 5469 0.99502563476562500000 -0.00137329101562500000 0 0 1 0 8 249 1 251 237 2 239 231 250 
249 5470 0.99533081054687500000 -0.00137329101562500000 0 0 1 0 8 252 231 254 248 1 250 2 251 
250 5471 0.99502563476562500000 -0.00167846679687500000 0 0 1 0 8 251 249 257 239 237 245 248 256 
251 5472 0.99533081054687500000 -0.00167846679687500000 0 0 1 0 8 254 252 260 250 248 256 249 257 
252 5473 0.99563598632812500000 -0.00137329101562500000 0 0 1 0 7 253 231 255 249 1 251 254 
253 5474 0.99594116210937500000 -0.00137329101562500000 0 0 1 0 8 360 446 361 252 231 254 1 255 
254 5475 0.99563598632812500000 -0.00167846679687500000 0 0 1 0 8 255 253 261 251 249 257 252 260 
255 5476 0.99594116210937500000 -0.00167846679687500000 0 0 1 0 8 361 360 363 254 252 260 253 261 
256 5477 0.99502563476562500000 -0.00198364257812500000 0 0 1 0 8 257 251 259 245 239 247 250 258 
257 5478 0.99533081054687500000 -0.00198364257812500000 0 0 1 0 8 260 254 262 256 250 258 251 259 
258 5479 0.99502563476562500000 -0.00228881835937500000 0 0 1 0 8 259 257 284 247 245 281 256 285 
259 5480 0.99533081054687500000 -0.00228881835937500000 0 0 1 0 8 262 260 285 258 256 284 257 281 
260 5481 0.99563598632812500000 -0.00198364257812500000 0 0 1 0 8 261 255 263 257 251 259 254 262 
261 5482 0.99594116210937500000 -0.00198364257812500000 0 0 1 0 8 363 361 365 260 254 262 255 263 
262 5483 0.99563598632812500000 -0.00228881835937500000 0 0 1 0 8 263 261 285 259 257 284 260 370 
263 5484 0.99594116210937500000 -0.00228881835937500000 0 0 1 0 8 365 363 370 262 260 285 261 284 
264 5485 0.99151611328125000000 -0.00274658203125000000 0 0 1 0 8 265 226 267 212 5 214 225 266 
265 5486 0.99212646484375000000 -0.00274658203125000000 0 0 1 0 8 268 229 270 264 225 266 226 267 
266 5487 0.99151611328125000000 -0.00335693359375000000 0 0 1 0 8 267 265 273 214 212 220 264 272 
267 5488 0.99212646484375000000 -0.00335693359375000000 0 0 1 0 8 270 268 276 266 264 272 265 273 
268 5489 0.99273681640625000000 -0.00274658203125000000 0 0 1 0 8 269 230 271 265 226 267 229 270 
269 5490 0.99334716796875000000 -0.00274658203125000000 0 0 1 0 8 280 242 282 268 229 270 230 271 
270 5491 0.99273681640625000000 -0.00335693359375000000 0 0 1 0 8 271 269 277 267 265 273 268 276 
271 5492 0.99334716796875000000 -0.00335693359375000000 0 0 1 0 8 282 280 288 270 268 276 269 277 
272 5493 0.99151611328125000000 -0.00396728515625000000 0 0 1 0 8 273 267 275 220 214 222 266 274 
273 5494 0.99212646484375000000 -0.00396728515625000000 0 0 1 0 8 276 270 278 272 266 274 267 275 
274 5495 0.99151611328125000000 -0.00457763671875000000 0 0 1 0 8 275 273 312 222 220 301 272 313 
275 5496 0.99212646484375000000 -0.00457763671875000000 0 0 1 0 8 278 276 313 274 272 312 273 301 
276 5497 0.99273681640625000000 -0.00396728515625000000 0 0 1 0 8 277 271 279 273 267 275 270 278 
277 5498 0.99334716796875000000 -0.00396728515625000000 0 0 1 0 8 288 282 290 276 270 278 271 279 
278 5499 0.99273681640625000000 -0.00457763671875000000 0 0 1 0 8 279 277 313 275 273 312 276 316 
279 5500 0.99334716796875000000 -0.00457763671875000000 0 0 1 0 8 290 288 316 278 276 313 277 312 
280 5501 0.99395751953125000000 -0.00274658203125000000 0 0 1 0 9 281 246 283 269 230 271 243 242 282 
281 5502 0.99456787109375000000 -0.00274658203125000000 0 0 1 0 9 284 258 286 280 243 282 247 246 283 
282 5503 0.99395751953125000000 -0.00335693359375000000 0 0 1 0 8 283 281 289 271 269 277 280 288 
283 5504 0.99456787109375000000 -0.00335693359375000000 0 0 1 0 8 286 284 292 282 280 288 281 289 
284 5505 0.99517822265625000000 -0.00274658203125000000 0 0 1 0 9 285 262 287 281 247 283 259 258 286 
285 5506 0.99578857421875000000 -0.00274658203125000000 0 0 1 0 9 370 365 372 284 259 286 263 262 287 
286 5507 0.99517822265625000000 -0.00335693359375000000 0 0 1 0 8 287 285 293 283 281 289 284 292 
287 5508 0.99578857421875000000 -0.00335693359375000000 0 0 1 0 8 372 370 377 286 284 292 285 293 
288 5509 0.99395751953125000000 -0.00396728515625000000 0 0 1 0 8 289 283 291 277 271 279 282 290 
289 5510 0.99456787109375000000 -0.00396728515625000000 0 0 1 0 8 292 286 294 288 282 290 283 291 
290 5511 0.99395751953125000000 -0.00457763671875000000 0 0 1 0 8 291 289 316 279 277 313 288 317 
291 5512 0.99456787109375000000 -0.00457763671875000000 0 0 1 0 8 294 292 317 290 288 316 289 313 
292 5513 0.99517822265625000000 -0.00396728515625000000 0 0 1 0 8 293 287 295 289 283 291 286 294 
293 5514 0.99578857421875000000 -0.00396728515625000000 0 0 1 0 8 377 372 379 292 286 294 287 295 
294 5515 0.99517822265625000000 -0.00457763671875000000 0 0 1 0 8 295 293 317 291 289 316 292 388 
295 5516 0.99578857421875000000 -0.00457763671875000000 0 0 1 0 8 379 377 388 294 292 317 293 316 
296 5517 0.98693847656250000000 -0.00549316406250000000 0 0 1 0 9 297 205 299 179 157 181 202 201 298 
297 5518 0.98815917968750000000 -0.00549316406250000000 0 0 1 0 9 300 217 302 296 202 298 206 205 299 
298 5519 0.98693847656250000000 -0.00671386718750000000 0 0 1 0 8 299 297 305 181 179 187 296 304 
299 5520 0.98815917968750000000 -0.00671386718750000000 0 0 1 0 8 302 300 308 298 296 304 297 305 
300 5521 0.98937988281250000000 -0.00549316406250000000 0 0 1 0 9 301 221 303 297 206 299 218 217 302 
301 5522 0.99060058593750000000 -0.00549316406250000000 0 0 1 0 9 312 274 314 300 218 302 222 221 303 
302 5523 0.98937988281250000000 -0.00671386718750000000 0 0 1 0 8 303 301 309 299 297 305 300 308 
303 5524 0.99060058593750000000 -0.00671386718750000000 0 0 1 0 8 314 312 320 302 300 308 301 309 
304 5525 0.98693847656250000000 -0.00793457031250000000 0 0 1 0 8 305 299 307 187 181 189 298 306 
305 5526 0.98815917968750000000 -0.00793457031250000000 0 0 1 0 8 308 302 310 304 298 306 299 307 
306 5527 0.98693847656250000000 -0.00915527343750000000 0 0 1 0 8 307 305 344 189 187 333 304 345 
307 5528 0.98815917968750000000 -0.00915527343750000000 0 0 1 0 8 310 308 345 306 304 344 305 333 
308 5529 0.98937988281250000000 -0.00793457031250000000 0 0 1 0 8 309 303 311 305 299 307 302 310 
309 5530 0.99060058593750000000 -0.00793457031250000000 0 0 1 0 8 320 314 322 308 302 310 303 311 
310 5531 0.98937988281250000000 -0.00915527343750000000 0 0 1 0 8 311 309 345 307 305 344 308 348 
311 5532 0.99060058593750000000 -0.00915527343750000000 0 0 1 0 8 322 320 348 310 308 345 309 344 
312 5533 0.99182128906250000000 -0.00549316406250000000 0 0 1 0 9 313 278 315 301 222 303 275 274 314 
313 5534 0.99304199218750000000 -0.00549316406250000000 0 0 1 0 9 316 290 318 312 275 314 279 278 315 
314 5535 0.99182128906250000000 -0.00671386718750000000 0 0 1 0 8 315 313 321 303 301 309 312 320 
315 5536 0.99304199218750000000 -0.00671386718750000000 0 0 1 0 8 318 316 324 314 312 320 313 321 
316 5537 0.99426269531250000000 -0.00549316406250000000 0 0 1 0 9 317 294 319 313 279 315 291 290 318 
317 5538 0.99548339843750000000 -0.00549316406250000000 0 0 1 0 9 388 379 390 316 291 318 295 294 319 
318 5539 0.99426269531250000000 -0.00671386718750000000 0 0 1 0 8 319 317 325 315 313 321 316 324 
319 5540 0.99548339843750000000 -0.00671386718750000000 0 0 1 0 8 390 388 396 318 316 324 317 325 
320 5541 0.99182128906250000000 -0.00793457031250000000 0 0 1 0 8 321 315 323 309 303 311 314 322 
321 5542 0.99304199218750000000 -0.00793457031250000000 0 0 1 0 8 324 318 326 320 314 322 315 323 
322 5543 0.99182128906250000000 -0.00915527343750000000 0 0 1 0 8 323 321 348 311 309 345 320 349 
323 5544 0.99304199218750000000 -0.00915527343750000000 0 0 1 0 8 326 324 349 322 320 348 321 345 
324 5545 0.99426269531250000000 -0.00793457031250000000 0 0 1 0 8 325 319 327 321 315 323 318 326 
325 5546 0.99548339843750000000 -0.00793457031250000000 0 0 1 0 8 396 390 398 324 318 326 319 327 
326 5547 0.99426269531250000000 -0.00915527343750000000 0 0 1 0 8 327 325 349 323 321 348 324 409 
327 5548 0.99548339843750000000 -0.00915527343750000000 0 0 1 0 8 398 396 409 326 324 349 325 348 
328 5549 0.97778320312500000000 -0.01098632812500000000 0 0 1 0 9 329 172 331 107 85 109 169 168 330 
329 5550 0.98022460937500000000 -0.01098632812500000000 0 0 1 0 9 332 184 334 328 169 330 173 172 331 
330 5551 0.97778320312500000000 -0.01342773437500000000 0 0 1 0 8 331 329 337 109 107 115 328 336 
331 5552 0.98022460937500000000 -0.01342773437500000000 0 0 1 0 8 334 332 340 330 328 336 329 337 
332 5553 0.98266601562500000000 -0.01098632812500000000 0 0 1 0 9 333 188 335 329 173 331 185 184 334 
333 5554 0.98510742187500000000 -0.01098632812500000000 0 0 1 0 9 344 306 346 332 185 334 189 188 335 
334 5555 0.98266601562500000000 -0.01342773437500000000 0 0 1 0 8 335 333 341 331 329 337 332 340 
335 5556 0.98510742187500000000 -0.01342773437500000000 0 0 1 0 8 346 344 352 334 332 340 333 341 
336 5557 0.97778320312500000000 -0.01586914062500000000 0 0 1 0 8 337 331 339 115 109 117 330 338 
337 5558 0.98022460937500000000 -0.01586914062500000000 0 0 1 0 8 340 334 342 336 330 338 331 339 
338 5559 0.97778320312500000000 -0.01831054687500000000 0 0 1 0 8 339 337 423 117 115 124 336 424 
339 5560 0.98022460937500000000 -0.01831054687500000000 0 0 1 0 8 342 340 424 338 336 423 337 124 
340 5561 0.98266601562500000000 -0.01586914062500000000 0 0 1 0 8 341 335 343 337 331 339 334 342 
341 5562 0.98510742187500000000 -0.01586914062500000000 0 0 1 0 8 352 346 354 340 334 342 335 343 
342 5563 0.98266601562500000000 -0.01831054687500000000 0 0 1 0 8 343 341 424 339 337 423 340 425 
343 5564 0.98510742187500000000 -0.01831054687500000000 0 0 1 0 8 354 352 425 342 340 424 341 423 
344 5565 0.98754882812500000000 -0.01098632812500000000 0 0 1 0 9 345 310 347 333 189 335 307 306 346 
345 5566 0.98999023437500000000 -0.01098632812500000000 0 0 1 0 9 348 322 350 344 307 346 311 310 347 
346 5567 0.98754882812500000000 -0.01342773437500000000 0 0 1 0 8 347 345 353 335 333 341 344 352 
347 5568 0.98999023437500000000 -0.01342773437500000000 0 0 1 0 8 350 348 356 346 344 352 345 353 
348 5569 0.99243164062500000000 -0.01098632812500000000 0 0 1 0 9 349 326 351 345 311 347 323 322 350 
349 5570 0.99487304687500000000 -0.01098632812500000000 0 0 1 0 9 409 398 411 348 323 350 327 326 351 
350 5571 0.99243164062500000000 -0.01342773437500000000 0 0 1 0 8 351 349 357 347 345 353 348 356 
351 5572 0.99487304687500000000 -0.01342773437500000000 0 0 1 0 8 411 409 415 350 348 356 349 357 
352 5573 0.98754882812500000000 -0.01586914062500000000 0 0 1 0 8 353 347 355 341 335 343 346 354 
353 5574 0.98999023437500000000 -0.01586914062500000000 0 0 1 0 8 356 350 358 352 346 354 347 355 
354 5575 0.98754882812500000000 -0.01831054687500000000 0 0 1 0 8 355 353 425 343 341 424 352 426 
355 5576 0.98999023437500000000 -0.01831054687500000000 0 0 1 0 8 358 356 426 354 352 425 353 424 
356 5577 0.99243164062500000000 -0.01586914062500000000 0 0 1 0 8 357 351 359 353 347 355 350 358 
357 5578 0.99487304687500000000 -0.01586914062500000000 0 0 1 0 8 415 411 417 356 350 358 351 359 
358 5579 0.99243164062500000000 -0.01831054687500000000 0 0 1 0 8 359 357 426 355 353 425 356 427 
359 5580 0.99487304687500000000 -0.01831054687500000000 0 0 1 0 8 417 415 427 358 356 426 357 425 
360 5581 0.99624633789062500000 -0.00137329101562500000 0 0 1 0 8 448 447 362 253 231 255 446 361 
361 5582 0.99624633789062500000 -0.00167846679687500000 0 0 1 0 8 362 448 364 255 253 261 360 363 
362 5583 0.99655151367187500000 -0.00167846679687500000 0 0 1 0 8 450 449 367 361 360 363 448 364 
363 5584 0.99624633789062500000 -0.00198364257812500000 0 0 1 0 8 364 362 366 261 255 263 361 365 
364 5585 0.99655151367187500000 -0.00198364257812500000 0 0 1 0 8 367 450 368 363 361 365 362 366 
365 5586 0.99624633789062500000 -0.00228881835937500000 0 0 1 0 8 366 364 370 263 261 285 363 371 
366 5587 0.99655151367187500000 -0.00228881835937500000 0 0 1 0 8 368 367 371 365 363 370 364 285 
367 5588 0.99685668945312500000 -0.00198364257812500000 0 0 1 0 8 452 451 369 364 362 366 450 368 
368 5589 0.99685668945312500000 -0.00228881835937500000 0 0 1 0 8 369 452 371 366 364 370 367 374 
369 5590 0.99716186523437500000 -0.00228881835937500000 0 0 1 0 8 454 453 374 368 367 371 452 370 
370 5591 0.99639892578125000000 -0.00274658203125000000 0 0 1 0 9 371 368 373 285 263 287 366 365 372 
371 5592 0.99700927734375000000 -0.00274658203125000000 0 0 1 0 9 374 454 375 370 366 372 369 368 373 
372 5593 0.99639892578125000000 -0.00335693359375000000 0 0 1 0 8 373 371 378 287 285 293 370 377 
373 5594 0.99700927734375000000 -0.00335693359375000000 0 0 1 0 8 375 374 381 372 370 377 371 378 
374 5595 0.99761962890625000000 -0.00274658203125000000 0 0 1 0 9 457 456 376 371 369 373 455 454 375 
375 5596 0.99761962890625000000 -0.00335693359375000000 0 0 1 0 8 376 457 382 373 371 378 374 381 
376 5597 0.99822998046875000000 -0.00335693359375000000 0 0 1 0 8 459 458 385 375 374 381 457 382 
377 5598 0.99639892578125000000 -0.00396728515625000000 0 0 1 0 8 378 373 380 293 287 295 372 379 
378 5599 0.99700927734375000000 -0.00396728515625000000 0 0 1 0 8 381 375 383 377 372 379 373 380 
379 5600 0.99639892578125000000 -0.00457763671875000000 0 0 1 0 8 380 378 388 295 293 317 377 389 
380 5601 0.99700927734375000000 -0.00457763671875000000 0 0 1 0 8 383 381 389 379 377 388 378 317 
381 5602 0.99761962890625000000 -0.00396728515625000000 0 0 1 0 8 382 376 384 378 373 380 375 383 
382 5603 0.99822998046875000000 -0.00396728515625000000 0 0 1 0 8 385 459 386 381 375 383 376 384 
383 5604 0.99761962890625000000 -0.00457763671875000000 0 0 1 0 8 384 382 389 380 378 388 381 392 
384 5605 0.99822998046875000000 -0.00457763671875000000 0 0 1 0 8 386 385 392 383 381 389 382 388 
385 5606 0.99884033203125000000 -0.00396728515625000000 0 0 1 0 8 461 460 387 382 376 384 459 386 
386 5607 0.99884033203125000000 -0.00457763671875000000 0 0 1 0 8 387 461 392 384 382 389 385 393 
387 5608 0.99945068359375000000 -0.00457763671875000000 0 0 1 0 8 463 462 393 386 385 392 461 389 
388 5609 0.99670410156250000000 -0.00549316406250000000 0 0 1 0 9 389 383 391 317 295 319 380 379 390 
389 5610 0.99792480468750000000 -0.00549316406250000000 0 0 1 0 9 392 386 394 388 380 390 384 383 391 
390 5611 0.99670410156250000000 -0.00671386718750000000 0 0 1 0 8 391 389 397 319 317 325 388 396 
391 5612 0.99792480468750000000 -0.00671386718750000000 0 0 1 0 8 394 392 400 390 388 396 389 397 
392 5613 0.99914550781250000000 -0.00549316406250000000 0 0 1 0 9 393 463 395 389 384 391 387 386 394 
393 5614 1.00036621093750000000 -0.00549316406250000000 0 0 1 0 9 466 465 404 392 387 394 464 463 395 
394 5615 0.99914550781250000000 -0.00671386718750000000 0 0 1 0 8 395 393 401 391 389 397 392 400 
395 5616 1.00036621093750000000 -0.00671386718750000000 0 0 1 0 8 404 466 405 394 392 400 393 401 
396 5617 0.99670410156250000000 -0.00793457031250000000 0 0 1 0 8 397 391 399 325 319 327 390 398 
397 5618 0.99792480468750000000 -0.00793457031250000000 0 0 1 0 8 400 394 402 396 390 398 391 399 
398 5619 0.99670410156250000000 -0.00915527343750000000 0 0 1 0 8 399 397 409 327 325 349 396 410 
399 5620 0.99792480468750000000 -0.00915527343750000000 0 0 1 0 8 402 400 410 398 396 409 397 349 
400 5621 0.99914550781250000000 -0.00793457031250000000 0 0 1 0 8 401 395 403 397 391 399 394 402 
401 5622 1.00036621093750000000 -0.00793457031250000000 0 0 1 0 8 405 404 407 400 394 402 395 403 
402 5623 0.99914550781250000000 -0.00915527343750000000 0 0 1 0 8 403 401 410 399 397 409 400 413 
403 5624 1.00036621093750000000 -0.00915527343750000000 0 0 1 0 8 407 405 413 402 400 410 401 409 
404 5625 1.00158691406250000000 -0.00671386718750000000 0 0 1 0 8 468 467 406 395 393 401 466 405 
405 5626 1.00158691406250000000 -0.00793457031250000000 0 0 1 0 8 406 468 408 401 395 403 404 407 
406 5627 1.00280761718750000000 -0.00793457031250000000 0 0 1 0 8 470 469 471 405 404 407 468 408 
407 5628 1.00158691406250000000 -0.00915527343750000000 0 0 1 0 8 408 406 413 403 401 410 405 472 
408 5629 1.00280761718750000000 -0.00915527343750000000 0 0 1 0 8 471 470 472 407 405 413 406 410 
409 5630 0.99731445312500000000 -0.01098632812500000000 0 0 1 0 9 410 402 412 349 327 351 399 398 411 
410 5631 0.99975585937500000000 -0.01098632812500000000 0 0 1 0 9 413 407 414 409 399 411 403 402 412 
411 5632 0.99731445312500000000 -0.01342773437500000000 0 0 1 0 8 412 410 416 351 349 357 409 415 
412 5633 0.99975585937500000000 -0.01342773437500000000 0 0 1 0 8 414 413 419 411 409 415 410 416 
413 5634 1.00219726562500000000 -0.01098632812500000000 0 0 1 0 9 472 471 473 410 403 412 408 407 414 
414 5635 1.00219726562500000000 -0.01342773437500000000 0 0 1 0 8 473 472 420 412 410 416 413 419 
415 5636 0.99731445312500000000 -0.01586914062500000000 0 0 1 0 8 416 412 418 357 351 359 411 417 
416 5637 0.99975585937500000000 -0.01586914062500000000 0 0 1 0 8 419 414 421 415 411 417 412 418 
417 5638 0.99731445312500000000 -0.01831054687500000000 0 0 1 0 8 418 416 427 359 357 426 415 428 
418 5639 0.99975585937500000000 -0.01831054687500000000 0 0 1 0 8 421 419 428 417 415 427 416 426 
419 5640 1.00219726562500000000 -0.01586914062500000000 0 0 1 0 8 420 473 422 416 412 418 414 421 
420 5641 1.00463867187500000000 -0.01586914062500000000 0 0 1 0 8 475 474 476 419 414 421 473 422 
421 5642 1.00219726562500000000 -0.01831054687500000000 0 0 1 0 8 422 420 428 418 416 427 419 483 
422 5643 1.00463867187500000000 -0.01831054687500000000 0 0 1 0 8 476 475 483 421 419 428 420 427 
423 5644 0.97900390625000000000 -0.02197265625000000000 0 0 1 0 9 424 342 478 124 117 444 339 338 477 
424 5645 0.98388671875000000000 -0.02197265625000000000 0 0 1 0 9 425 354 479 423 339 477 343 342 478 
425 5646 0.98876953125000000000 -0.02197265625000000000 0 0 1 0 9 426 358 480 424 343 478 355 354 479 
426 5647 0.99365234375000000000 -0.02197265625000000000 0 0 1 0 9 427 417 481 425 355 479 359 358 480 
427 5648 0.99853515625000000000 -0.02197265625000000000 0 0 1 0 9 428 421 482 426 359 480 418 417 481 
428 5649 1.00341796875000000000 -0.02197265625000000000 0 0 1 0 9 483 476 484 427 418 481 422 421 482 
