504 433 71
1 13877 0.50244670999999996308 -0.05203275699999999893 434 2 0 1 8 464 330 333 332 334 465 434 2 
2 13878 0.49266008999999999496 -0.05265463799999999667 1 3 0 1 8 333 318 329 320 330 335 1 3 
3 13879 0.48287628999999998580 -0.05325500600000000057 2 4 0 1 8 329 314 317 316 318 331 2 4 
4 13880 0.47309904000000002622 -0.05383299999999999891 3 5 0 1 8 317 120 313 122 314 319 3 5 
5 13881 0.46333210000000002449 -0.05438775800000000132 4 6 0 1 8 313 116 119 118 120 315 4 6 
6 13882 0.45357921000000001044 -0.05491842499999999988 5 7 0 1 8 119 104 115 106 116 121 5 7 
7 13883 0.44384410000000001917 -0.05542415299999999684 6 8 0 1 8 115 100 103 102 104 117 6 8 
8 13884 0.43413051000000002499 -0.05590409899999999876 7 9 0 1 8 103 88 99 90 100 105 7 9 
9 13885 0.42444215000000001803 -0.05635743399999999792 8 10 0 1 8 99 84 87 86 88 101 8 10 
10 13886 0.41478273999999998312 -0.05678333599999999676 9 11 0 1 8 87 72 83 74 84 89 9 11 
11 13887 0.40515598000000002665 -0.05718100100000000213 10 12 0 1 8 83 68 71 70 72 85 10 12 
12 13888 0.39556554999999998801 -0.05754963600000000123 11 13 0 1 8 71 56 67 58 68 73 11 13 
13 13889 0.38601513999999997884 -0.05788846599999999953 12 14 0 1 8 67 52 55 54 56 69 12 14 
14 13890 0.37650840000000002084 -0.05819673599999999891 13 15 0 1 8 55 40 51 42 52 57 13 15 
15 13891 0.36704896999999997442 -0.05847371099999999766 14 16 0 1 8 38 39 40 47 51 53 14 16 
16 13892 0.36234484428928537270 -0.05860006432648879465 15 17 0 1 8 38 39 40 41 42 44 15 17 
17 13893 0.35764046999999998810 -0.05871867800000000331 16 18 0 1 7 24 38 39 41 43 16 18 
18 13894 0.35296360840801338510 -0.05882878023449478883 17 19 0 1 7 22 24 38 39 17 29 19 
19 13895 0.34828651999999998834 -0.05893094900000000330 18 435 0 1 6 38 22 23 24 18 435 
20 13896 0.30761718750000000000 -0.15136718750000000000 0 0 1 0 8 227 225 398 440 438 21 439 441 
21 13897 0.30273437500000000000 -0.16601562500000000000 0 0 1 0 9 398 227 481 441 437 442 20 440 443 
22 13898 0.34423828125000000000 -0.06103515625000000000 0 0 1 0 5 19 24 435 444 23 
23 13899 0.34423828125000000000 -0.06591796875000000000 0 0 1 0 11 24 19 28 444 435 445 22 25 446 26 30 
24 13900 0.34912109375000000000 -0.06591796875000000000 0 0 1 0 10 38 18 43 23 22 26 19 28 27 29 
25 13901 0.34301757812500000000 -0.06958007812500000000 0 0 1 0 8 26 23 27 445 444 446 24 448 
26 13902 0.34545898437500000000 -0.06958007812500000000 0 0 1 0 8 28 24 30 25 23 448 444 27 
27 13903 0.34545898437500000000 -0.07202148437500000000 0 0 1 0 8 30 28 34 448 25 449 26 32 
28 13904 0.34790039062500000000 -0.06958007812500000000 0 0 1 0 8 29 24 31 26 23 27 38 30 
29 13905 0.35034179687500000000 -0.06958007812500000000 0 0 1 0 8 43 38 45 28 24 30 23 31 
30 13906 0.34790039062500000000 -0.07202148437500000000 0 0 1 0 8 31 29 35 27 26 32 28 34 
31 13907 0.35034179687500000000 -0.07202148437500000000 0 0 1 0 8 43 38 45 30 28 34 29 35 
32 13908 0.34545898437500000000 -0.07446289062500000000 0 0 1 0 8 34 30 36 449 448 450 27 33 
33 13909 0.34545898437500000000 -0.07690429687500000000 0 0 1 0 8 36 34 132 450 449 131 32 451 
34 13910 0.34790039062500000000 -0.07446289062500000000 0 0 1 0 8 35 31 37 32 27 33 30 36 
35 13911 0.35034179687500000000 -0.07446289062500000000 0 0 1 0 8 45 43 156 34 30 36 31 37 
36 13912 0.34790039062500000000 -0.07690429687500000000 0 0 1 0 8 37 35 132 33 32 131 34 156 
37 13913 0.35034179687500000000 -0.07690429687500000000 0 0 1 0 8 45 43 156 36 34 132 35 131 
38 13914 0.35400390625000000000 -0.06591796875000000000 0 0 1 0 9 39 17 44 24 19 29 18 43 31 
39 13915 0.35888671875000000000 -0.06591796875000000000 0 0 1 0 8 41 16 47 38 18 43 17 44 
40 13916 0.36865234375000000000 -0.06103515625000000000 0 0 1 0 7 51 14 53 16 15 41 42 
41 13917 0.36376953125000000000 -0.06591796875000000000 0 0 1 0 8 42 40 48 39 17 44 16 47 
42 13918 0.36865234375000000000 -0.06591796875000000000 0 0 1 0 8 53 51 59 41 16 47 40 48 
43 13919 0.35400390625000000000 -0.07080078125000000000 0 0 1 0 10 44 39 46 29 24 31 35 38 45 37 
44 13920 0.35888671875000000000 -0.07080078125000000000 0 0 1 0 8 47 41 49 43 38 45 39 46 
45 13921 0.35400390625000000000 -0.07568359375000000000 0 0 1 0 9 46 44 157 35 31 37 132 43 156 
46 13922 0.35888671875000000000 -0.07568359375000000000 0 0 1 0 8 49 47 160 45 43 156 44 157 
47 13923 0.36376953125000000000 -0.07080078125000000000 0 0 1 0 8 48 42 50 44 39 46 41 49 
48 13924 0.36865234375000000000 -0.07080078125000000000 0 0 1 0 8 59 53 61 47 41 49 42 50 
49 13925 0.36376953125000000000 -0.07568359375000000000 0 0 1 0 8 50 48 161 46 44 157 47 160 
50 13926 0.36865234375000000000 -0.07568359375000000000 0 0 1 0 8 61 59 172 49 47 160 48 161 
51 13927 0.37353515625000000000 -0.06103515625000000000 0 0 1 0 8 52 14 54 40 15 42 13 53 
52 13928 0.37841796875000000000 -0.06103515625000000000 0 0 1 0 8 55 13 57 51 14 53 15 54 
53 13929 0.37353515625000000000 -0.06591796875000000000 0 0 1 0 8 54 52 60 42 40 48 51 59 
54 13930 0.37841796875000000000 -0.06591796875000000000 0 0 1 0 8 57 55 63 53 51 59 52 60 
55 13931 0.38330078125000000000 -0.06103515625000000000 0 0 1 0 8 56 13 58 52 14 54 12 57 
56 13932 0.38818359375000000000 -0.06103515625000000000 0 0 1 0 8 67 12 69 55 13 57 14 58 
57 13933 0.38330078125000000000 -0.06591796875000000000 0 0 1 0 8 58 56 64 54 52 60 55 63 
58 13934 0.38818359375000000000 -0.06591796875000000000 0 0 1 0 8 69 67 75 57 55 63 56 64 
59 13935 0.37353515625000000000 -0.07080078125000000000 0 0 1 0 8 60 54 62 48 42 50 53 61 
60 13936 0.37841796875000000000 -0.07080078125000000000 0 0 1 0 8 63 57 65 59 53 61 54 62 
61 13937 0.37353515625000000000 -0.07568359375000000000 0 0 1 0 8 62 60 173 50 48 161 59 172 
62 13938 0.37841796875000000000 -0.07568359375000000000 0 0 1 0 8 65 63 176 61 59 172 60 173 
63 13939 0.38330078125000000000 -0.07080078125000000000 0 0 1 0 8 64 58 66 60 54 62 57 65 
64 13940 0.38818359375000000000 -0.07080078125000000000 0 0 1 0 8 75 69 77 63 57 65 58 66 
65 13941 0.38330078125000000000 -0.07568359375000000000 0 0 1 0 8 66 64 177 62 60 173 63 176 
66 13942 0.38818359375000000000 -0.07568359375000000000 0 0 1 0 8 77 75 249 65 63 176 64 177 
67 13943 0.39306640625000000000 -0.06103515625000000000 0 0 1 0 8 68 12 70 56 13 58 11 69 
68 13944 0.39794921875000000000 -0.06103515625000000000 0 0 1 0 8 71 11 73 67 12 69 13 70 
69 13945 0.39306640625000000000 -0.06591796875000000000 0 0 1 0 8 70 68 76 58 56 64 67 75 
70 13946 0.39794921875000000000 -0.06591796875000000000 0 0 1 0 8 73 71 79 69 67 75 68 76 
71 13947 0.40283203125000000000 -0.06103515625000000000 0 0 1 0 8 72 11 74 68 12 70 10 73 
72 13948 0.40771484375000000000 -0.06103515625000000000 0 0 1 0 8 83 10 85 71 11 73 12 74 
73 13949 0.40283203125000000000 -0.06591796875000000000 0 0 1 0 8 74 72 80 70 68 76 71 79 
74 13950 0.40771484375000000000 -0.06591796875000000000 0 0 1 0 8 85 83 91 73 71 79 72 80 
75 13951 0.39306640625000000000 -0.07080078125000000000 0 0 1 0 8 76 70 78 64 58 66 69 77 
76 13952 0.39794921875000000000 -0.07080078125000000000 0 0 1 0 8 79 73 81 75 69 77 70 78 
77 13953 0.39306640625000000000 -0.07568359375000000000 0 0 1 0 8 78 76 249 66 64 177 75 250 
78 13954 0.39794921875000000000 -0.07568359375000000000 0 0 1 0 7 81 79 250 77 75 249 76 
79 13955 0.40283203125000000000 -0.07080078125000000000 0 0 1 0 8 80 74 82 76 70 78 73 81 
80 13956 0.40771484375000000000 -0.07080078125000000000 0 0 1 0 8 91 85 93 79 73 81 74 82 
81 13957 0.40283203125000000000 -0.07568359375000000000 0 0 1 0 8 82 80 250 78 76 249 79 253 
82 13958 0.40771484375000000000 -0.07568359375000000000 0 0 1 0 8 93 91 253 81 79 250 80 249 
83 13959 0.41259765625000000000 -0.06103515625000000000 0 0 1 0 8 84 10 86 72 11 74 9 85 
84 13960 0.41748046875000000000 -0.06103515625000000000 0 0 1 0 8 87 9 89 83 10 85 11 86 
85 13961 0.41259765625000000000 -0.06591796875000000000 0 0 1 0 8 86 84 92 74 72 80 83 91 
86 13962 0.41748046875000000000 -0.06591796875000000000 0 0 1 0 8 89 87 95 85 83 91 84 92 
87 13963 0.42236328125000000000 -0.06103515625000000000 0 0 1 0 8 88 9 90 84 10 86 8 89 
88 13964 0.42724609375000000000 -0.06103515625000000000 0 0 1 0 8 99 8 101 87 9 89 10 90 
89 13965 0.42236328125000000000 -0.06591796875000000000 0 0 1 0 8 90 88 96 86 84 92 87 95 
90 13966 0.42724609375000000000 -0.06591796875000000000 0 0 1 0 8 101 99 107 89 87 95 88 96 
91 13967 0.41259765625000000000 -0.07080078125000000000 0 0 1 0 8 92 86 94 80 74 82 85 93 
92 13968 0.41748046875000000000 -0.07080078125000000000 0 0 1 0 8 95 89 97 91 85 93 86 94 
93 13969 0.41259765625000000000 -0.07568359375000000000 0 0 1 0 8 94 92 253 82 80 250 91 254 
94 13970 0.41748046875000000000 -0.07568359375000000000 0 0 1 0 8 97 95 254 93 91 253 92 250 
95 13971 0.42236328125000000000 -0.07080078125000000000 0 0 1 0 8 96 90 98 92 86 94 89 97 
96 13972 0.42724609375000000000 -0.07080078125000000000 0 0 1 0 8 107 101 109 95 89 97 90 98 
97 13973 0.42236328125000000000 -0.07568359375000000000 0 0 1 0 8 98 96 254 94 92 253 95 265 
98 13974 0.42724609375000000000 -0.07568359375000000000 0 0 1 0 8 109 107 265 97 95 254 96 253 
99 13975 0.43212890625000000000 -0.06103515625000000000 0 0 1 0 8 100 8 102 88 9 90 7 101 
100 13976 0.43701171875000000000 -0.06103515625000000000 0 0 1 0 8 103 7 105 99 8 101 9 102 
101 13977 0.43212890625000000000 -0.06591796875000000000 0 0 1 0 8 102 100 108 90 88 96 99 107 
102 13978 0.43701171875000000000 -0.06591796875000000000 0 0 1 0 8 105 103 111 101 99 107 100 108 
103 13979 0.44189453125000000000 -0.06103515625000000000 0 0 1 0 8 104 7 106 100 8 102 6 105 
104 13980 0.44677734375000000000 -0.06103515625000000000 0 0 1 0 8 115 6 117 103 7 105 8 106 
105 13981 0.44189453125000000000 -0.06591796875000000000 0 0 1 0 8 106 104 112 102 100 108 103 111 
106 13982 0.44677734375000000000 -0.06591796875000000000 0 0 1 0 8 117 115 123 105 103 111 104 112 
107 13983 0.43212890625000000000 -0.07080078125000000000 0 0 1 0 8 108 102 110 96 90 98 101 109 
108 13984 0.43701171875000000000 -0.07080078125000000000 0 0 1 0 8 111 105 113 107 101 109 102 110 
109 13985 0.43212890625000000000 -0.07568359375000000000 0 0 1 0 8 110 108 265 98 96 254 107 266 
110 13986 0.43701171875000000000 -0.07568359375000000000 0 0 1 0 8 113 111 266 109 107 265 108 254 
111 13987 0.44189453125000000000 -0.07080078125000000000 0 0 1 0 8 112 106 114 108 102 110 105 113 
112 13988 0.44677734375000000000 -0.07080078125000000000 0 0 1 0 8 123 117 125 111 105 113 106 114 
113 13989 0.44189453125000000000 -0.07568359375000000000 0 0 1 0 8 114 112 266 110 108 265 111 269 
114 13990 0.44677734375000000000 -0.07568359375000000000 0 0 1 0 8 125 123 269 113 111 266 112 265 
115 13991 0.45166015625000000000 -0.06103515625000000000 0 0 1 0 8 116 6 118 104 7 106 5 117 
116 13992 0.45654296875000000000 -0.06103515625000000000 0 0 1 0 8 119 5 121 115 6 117 7 118 
117 13993 0.45166015625000000000 -0.06591796875000000000 0 0 1 0 8 118 116 124 106 104 112 115 123 
118 13994 0.45654296875000000000 -0.06591796875000000000 0 0 1 0 8 121 119 127 117 115 123 116 124 
119 13995 0.46142578125000000000 -0.06103515625000000000 0 0 1 0 8 120 5 122 116 6 118 4 121 
120 13996 0.46630859375000000000 -0.06103515625000000000 0 0 1 0 8 313 4 315 119 5 121 6 122 
121 13997 0.46142578125000000000 -0.06591796875000000000 0 0 1 0 8 122 120 128 118 116 124 119 127 
122 13998 0.46630859375000000000 -0.06591796875000000000 0 0 1 0 8 315 313 321 121 119 127 120 128 
123 13999 0.45166015625000000000 -0.07080078125000000000 0 0 1 0 8 124 118 126 112 106 114 117 125 
124 14000 0.45654296875000000000 -0.07080078125000000000 0 0 1 0 8 127 121 129 123 117 125 118 126 
125 14001 0.45166015625000000000 -0.07568359375000000000 0 0 1 0 8 126 124 269 114 112 266 123 270 
126 14002 0.45654296875000000000 -0.07568359375000000000 0 0 1 0 8 129 127 270 125 123 269 124 266 
127 14003 0.46142578125000000000 -0.07080078125000000000 0 0 1 0 8 128 122 130 124 118 126 121 129 
128 14004 0.46630859375000000000 -0.07080078125000000000 0 0 1 0 8 321 315 323 127 121 129 122 130 
129 14005 0.46142578125000000000 -0.07568359375000000000 0 0 1 0 8 130 128 270 126 124 269 127 345 
130 14006 0.46630859375000000000 -0.07568359375000000000 0 0 1 0 8 323 321 345 129 127 270 128 269 
131 14007 0.34423828125000000000 -0.08056640625000000000 0 0 1 0 9 132 36 134 451 447 453 33 450 133 
132 14008 0.34912109375000000000 -0.08056640625000000000 0 0 1 0 9 156 45 158 131 33 133 37 36 134 
133 14009 0.34423828125000000000 -0.08544921875000000000 0 0 1 0 8 134 132 138 453 451 135 131 137 
134 14010 0.34912109375000000000 -0.08544921875000000000 0 0 1 0 8 158 156 164 133 131 137 132 138 
135 14011 0.33935546875000000000 -0.09033203125000000000 0 0 1 0 8 137 133 139 454 452 455 453 136 
136 14012 0.33935546875000000000 -0.09521484375000000000 0 0 1 0 8 139 137 144 455 454 460 135 141 
137 14013 0.34423828125000000000 -0.09033203125000000000 0 0 1 0 8 138 134 140 135 453 136 133 139 
138 14014 0.34912109375000000000 -0.09033203125000000000 0 0 1 0 8 164 158 166 137 133 139 134 140 
139 14015 0.34423828125000000000 -0.09521484375000000000 0 0 1 0 8 140 138 145 136 135 141 137 144 
140 14016 0.34912109375000000000 -0.09521484375000000000 0 0 1 0 8 166 164 188 139 137 144 138 145 
141 14017 0.33935546875000000000 -0.10009765625000000000 0 0 1 0 8 144 139 146 460 455 142 136 143 
142 14018 0.33447265625000000000 -0.10498046875000000000 0 0 1 0 8 143 141 149 457 456 458 460 148 
143 14019 0.33935546875000000000 -0.10498046875000000000 0 0 1 0 8 146 144 152 142 460 148 141 149 
144 14020 0.34423828125000000000 -0.10009765625000000000 0 0 1 0 8 145 140 147 141 136 143 139 146 
145 14021 0.34912109375000000000 -0.10009765625000000000 0 0 1 0 8 188 166 190 144 139 146 140 147 
146 14022 0.34423828125000000000 -0.10498046875000000000 0 0 1 0 8 147 145 153 143 141 149 144 152 
147 14023 0.34912109375000000000 -0.10498046875000000000 0 0 1 0 8 190 188 196 146 144 152 145 153 
148 14024 0.33447265625000000000 -0.10986328125000000000 0 0 1 0 8 149 143 151 458 457 459 142 150 
149 14025 0.33935546875000000000 -0.10986328125000000000 0 0 1 0 8 152 146 154 148 142 150 143 151 
150 14026 0.33447265625000000000 -0.11474609375000000000 0 0 1 0 8 151 149 221 459 458 462 148 222 
151 14027 0.33935546875000000000 -0.11474609375000000000 0 0 1 0 8 154 152 222 150 148 221 149 462 
152 14028 0.34423828125000000000 -0.10986328125000000000 0 0 1 0 8 153 147 155 149 143 151 146 154 
153 14029 0.34912109375000000000 -0.10986328125000000000 0 0 1 0 8 196 190 198 152 146 154 147 155 
154 14030 0.34423828125000000000 -0.11474609375000000000 0 0 1 0 8 155 153 222 151 149 221 152 233 
155 14031 0.34912109375000000000 -0.11474609375000000000 0 0 1 0 8 198 196 233 154 152 222 153 221 
156 14032 0.35400390625000000000 -0.08056640625000000000 0 0 1 0 8 157 46 159 132 37 134 45 158 
157 14033 0.35888671875000000000 -0.08056640625000000000 0 0 1 0 8 160 49 162 156 45 158 46 159 
158 14034 0.35400390625000000000 -0.08544921875000000000 0 0 1 0 8 159 157 165 134 132 138 156 164 
159 14035 0.35888671875000000000 -0.08544921875000000000 0 0 1 0 8 162 160 168 158 156 164 157 165 
160 14036 0.36376953125000000000 -0.08056640625000000000 0 0 1 0 8 161 50 163 157 46 159 49 162 
161 14037 0.36865234375000000000 -0.08056640625000000000 0 0 1 0 8 172 61 174 160 49 162 50 163 
162 14038 0.36376953125000000000 -0.08544921875000000000 0 0 1 0 8 163 161 169 159 157 165 160 168 
163 14039 0.36865234375000000000 -0.08544921875000000000 0 0 1 0 8 174 172 180 162 160 168 161 169 
164 14040 0.35400390625000000000 -0.09033203125000000000 0 0 1 0 8 165 159 167 138 134 140 158 166 
165 14041 0.35888671875000000000 -0.09033203125000000000 0 0 1 0 8 168 162 170 164 158 166 159 167 
166 14042 0.35400390625000000000 -0.09521484375000000000 0 0 1 0 8 167 165 189 140 138 145 164 188 
167 14043 0.35888671875000000000 -0.09521484375000000000 0 0 1 0 8 170 168 192 166 164 188 165 189 
168 14044 0.36376953125000000000 -0.09033203125000000000 0 0 1 0 8 169 163 171 165 159 167 162 170 
169 14045 0.36865234375000000000 -0.09033203125000000000 0 0 1 0 8 180 174 182 168 162 170 163 171 
170 14046 0.36376953125000000000 -0.09521484375000000000 0 0 1 0 8 171 169 193 167 165 189 168 192 
171 14047 0.36865234375000000000 -0.09521484375000000000 0 0 1 0 8 182 180 204 170 168 192 169 193 
172 14048 0.37353515625000000000 -0.08056640625000000000 0 0 1 0 8 173 62 175 161 50 163 61 174 
173 14049 0.37841796875000000000 -0.08056640625000000000 0 0 1 0 8 176 65 178 172 61 174 62 175 
174 14050 0.37353515625000000000 -0.08544921875000000000 0 0 1 0 8 175 173 181 163 161 169 172 180 
175 14051 0.37841796875000000000 -0.08544921875000000000 0 0 1 0 8 178 176 184 174 172 180 173 181 
176 14052 0.38330078125000000000 -0.08056640625000000000 0 0 1 0 8 177 66 179 173 62 175 65 178 
177 14053 0.38818359375000000000 -0.08056640625000000000 0 0 1 0 8 249 251 176 65 178 66 77 179 
178 14054 0.38330078125000000000 -0.08544921875000000000 0 0 1 0 8 179 177 185 175 173 181 176 184 
179 14055 0.38818359375000000000 -0.08544921875000000000 0 0 1 0 7 249 251 178 176 184 177 185 
180 14056 0.37353515625000000000 -0.09033203125000000000 0 0 1 0 8 181 175 183 169 163 171 174 182 
181 14057 0.37841796875000000000 -0.09033203125000000000 0 0 1 0 8 184 178 186 180 174 182 175 183 
182 14058 0.37353515625000000000 -0.09521484375000000000 0 0 1 0 8 183 181 205 171 169 193 180 204 
183 14059 0.37841796875000000000 -0.09521484375000000000 0 0 1 0 8 186 184 208 182 180 204 181 205 
184 14060 0.38330078125000000000 -0.09033203125000000000 0 0 1 0 8 185 179 187 181 175 183 178 186 
185 14061 0.38818359375000000000 -0.09033203125000000000 0 0 1 0 8 251 249 257 184 178 186 179 187 
186 14062 0.38330078125000000000 -0.09521484375000000000 0 0 1 0 8 187 185 209 183 181 205 184 208 
187 14063 0.38818359375000000000 -0.09521484375000000000 0 0 1 0 8 251 249 257 186 184 208 185 209 
188 14064 0.35400390625000000000 -0.10009765625000000000 0 0 1 0 8 189 167 191 145 140 147 166 190 
189 14065 0.35888671875000000000 -0.10009765625000000000 0 0 1 0 8 192 170 194 188 166 190 167 191 
190 14066 0.35400390625000000000 -0.10498046875000000000 0 0 1 0 8 191 189 197 147 145 153 188 196 
191 14067 0.35888671875000000000 -0.10498046875000000000 0 0 1 0 8 194 192 200 190 188 196 189 197 
192 14068 0.36376953125000000000 -0.10009765625000000000 0 0 1 0 8 193 171 195 189 167 191 170 194 
193 14069 0.36865234375000000000 -0.10009765625000000000 0 0 1 0 8 204 182 206 192 170 194 171 195 
194 14070 0.36376953125000000000 -0.10498046875000000000 0 0 1 0 8 195 193 201 191 189 197 192 200 
195 14071 0.36865234375000000000 -0.10498046875000000000 0 0 1 0 8 206 204 212 194 192 200 193 201 
196 14072 0.35400390625000000000 -0.10986328125000000000 0 0 1 0 8 197 191 199 153 147 155 190 198 
197 14073 0.35888671875000000000 -0.10986328125000000000 0 0 1 0 8 200 194 202 196 190 198 191 199 
198 14074 0.35400390625000000000 -0.11474609375000000000 0 0 1 0 8 199 197 233 155 153 222 196 234 
199 14075 0.35888671875000000000 -0.11474609375000000000 0 0 1 0 8 202 200 234 198 196 233 197 222 
200 14076 0.36376953125000000000 -0.10986328125000000000 0 0 1 0 8 201 195 203 197 191 199 194 202 
201 14077 0.36865234375000000000 -0.10986328125000000000 0 0 1 0 8 212 206 214 200 194 202 195 203 
202 14078 0.36376953125000000000 -0.11474609375000000000 0 0 1 0 8 203 201 234 199 197 233 200 237 
203 14079 0.36865234375000000000 -0.11474609375000000000 0 0 1 0 8 214 212 237 202 200 234 201 233 
204 14080 0.37353515625000000000 -0.10009765625000000000 0 0 1 0 8 205 183 207 193 171 195 182 206 
205 14081 0.37841796875000000000 -0.10009765625000000000 0 0 1 0 8 208 186 210 204 182 206 183 207 
206 14082 0.37353515625000000000 -0.10498046875000000000 0 0 1 0 8 207 205 213 195 193 201 204 212 
207 14083 0.37841796875000000000 -0.10498046875000000000 0 0 1 0 8 210 208 216 206 204 212 205 213 
208 14084 0.38330078125000000000 -0.10009765625000000000 0 0 1 0 8 209 187 211 205 183 207 186 210 
209 14085 0.38818359375000000000 -0.10009765625000000000 0 0 1 0 8 257 251 259 208 186 210 187 211 
210 14086 0.38330078125000000000 -0.10498046875000000000 0 0 1 0 8 211 209 217 207 205 213 208 216 
211 14087 0.38818359375000000000 -0.10498046875000000000 0 0 1 0 8 257 251 259 210 208 216 209 217 
212 14088 0.37353515625000000000 -0.10986328125000000000 0 0 1 0 8 213 207 215 201 195 203 206 214 
213 14089 0.37841796875000000000 -0.10986328125000000000 0 0 1 0 8 216 210 218 212 206 214 207 215 
214 14090 0.37353515625000000000 -0.11474609375000000000 0 0 1 0 8 215 213 237 203 201 234 212 238 
215 14091 0.37841796875000000000 -0.11474609375000000000 0 0 1 0 8 218 216 238 214 212 237 213 234 
216 14092 0.38330078125000000000 -0.10986328125000000000 0 0 1 0 8 217 211 219 213 207 215 210 218 
217 14093 0.38818359375000000000 -0.10986328125000000000 0 0 1 0 8 259 257 281 216 210 218 211 219 
218 14094 0.38330078125000000000 -0.11474609375000000000 0 0 1 0 8 219 217 238 215 213 237 216 281 
219 14095 0.38818359375000000000 -0.11474609375000000000 0 0 1 0 8 259 257 281 218 216 238 217 237 
220 14096 0.32714843750000000000 -0.13183593750000000000 0 0 1 0 8 223 221 229 463 461 225 462 226 
221 14097 0.33691406250000000000 -0.12207031250000000000 0 0 1 0 9 222 154 224 462 459 220 151 150 223 
222 14098 0.34667968750000000000 -0.12207031250000000000 0 0 1 0 9 233 198 235 221 151 223 155 154 224 
223 14099 0.33691406250000000000 -0.13183593750000000000 0 0 1 0 8 224 222 230 220 462 226 221 229 
224 14100 0.34667968750000000000 -0.13183593750000000000 0 0 1 0 8 235 233 241 223 221 229 222 230 
225 14101 0.31738281250000000000 -0.14160156250000000000 0 0 1 0 8 226 220 228 439 436 20 463 227 
226 14102 0.32714843750000000000 -0.14160156250000000000 0 0 1 0 8 229 223 231 225 463 227 220 228 
227 14103 0.31738281250000000000 -0.15136718750000000000 0 0 1 0 8 228 226 398 20 439 21 225 399 
228 14104 0.32714843750000000000 -0.15136718750000000000 0 0 1 0 8 231 229 399 227 225 398 226 21 
229 14105 0.33691406250000000000 -0.14160156250000000000 0 0 1 0 8 230 224 232 226 220 228 223 231 
230 14106 0.34667968750000000000 -0.14160156250000000000 0 0 1 0 8 241 235 243 229 223 231 224 232 
231 14107 0.33691406250000000000 -0.15136718750000000000 0 0 1 0 8 232 230 399 228 226 398 229 401 
232 14108 0.34667968750000000000 -0.15136718750000000000 0 0 1 0 8 243 241 401 231 229 399 230 398 
233 14109 0.35644531250000000000 -0.12207031250000000000 0 0 1 0 9 234 202 236 222 155 224 199 198 235 
234 14110 0.36621093750000000000 -0.12207031250000000000 0 0 1 0 9 237 214 239 233 199 235 203 202 236 
235 14111 0.35644531250000000000 -0.13183593750000000000 0 0 1 0 8 236 234 242 224 222 230 233 241 
236 14112 0.36621093750000000000 -0.13183593750000000000 0 0 1 0 8 239 237 245 235 233 241 234 242 
237 14113 0.37597656250000000000 -0.12207031250000000000 0 0 1 0 9 238 218 240 234 203 236 215 214 239 
238 14114 0.38574218750000000000 -0.12207031250000000000 0 0 1 0 9 281 259 283 237 215 239 219 218 240 
239 14115 0.37597656250000000000 -0.13183593750000000000 0 0 1 0 8 240 238 246 236 234 242 237 245 
240 14116 0.38574218750000000000 -0.13183593750000000000 0 0 1 0 8 283 281 289 239 237 245 238 246 
241 14117 0.35644531250000000000 -0.14160156250000000000 0 0 1 0 8 242 236 244 230 224 232 235 243 
242 14118 0.36621093750000000000 -0.14160156250000000000 0 0 1 0 8 245 239 247 241 235 243 236 244 
243 14119 0.35644531250000000000 -0.15136718750000000000 0 0 1 0 8 244 242 401 232 230 399 241 402 
244 14120 0.36621093750000000000 -0.15136718750000000000 0 0 1 0 8 247 245 402 243 241 401 242 399 
245 14121 0.37597656250000000000 -0.14160156250000000000 0 0 1 0 8 246 240 248 242 236 244 239 247 
246 14122 0.38574218750000000000 -0.14160156250000000000 0 0 1 0 8 289 283 291 245 239 247 240 248 
247 14123 0.37597656250000000000 -0.15136718750000000000 0 0 1 0 8 248 246 402 244 242 401 245 408 
248 14124 0.38574218750000000000 -0.15136718750000000000 0 0 1 0 8 291 289 408 247 245 402 246 401 
249 14125 0.39550781250000000000 -0.08300781250000000000 0 0 1 0 11 250 81 252 177 66 179 185 78 77 251 187 
250 14126 0.40527343750000000000 -0.08300781250000000000 0 0 1 0 9 253 93 255 249 78 251 82 81 252 
251 14127 0.39550781250000000000 -0.09277343750000000000 0 0 1 0 10 252 250 258 185 179 187 209 249 257 211 
252 14128 0.40527343750000000000 -0.09277343750000000000 0 0 1 0 8 255 253 261 251 249 257 250 258 
253 14129 0.41503906250000000000 -0.08300781250000000000 0 0 1 0 9 254 97 256 250 82 252 94 93 255 
254 14130 0.42480468750000000000 -0.08300781250000000000 0 0 1 0 9 265 109 267 253 94 255 98 97 256 
255 14131 0.41503906250000000000 -0.09277343750000000000 0 0 1 0 8 256 254 262 252 250 258 253 261 
256 14132 0.42480468750000000000 -0.09277343750000000000 0 0 1 0 8 267 265 273 255 253 261 254 262 
257 14133 0.39550781250000000000 -0.10253906250000000000 0 0 1 0 10 258 252 260 209 187 211 217 251 259 219 
258 14134 0.40527343750000000000 -0.10253906250000000000 0 0 1 0 8 261 255 263 257 251 259 252 260 
259 14135 0.39550781250000000000 -0.11230468750000000000 0 0 1 0 9 260 258 282 217 211 219 238 257 281 
260 14136 0.40527343750000000000 -0.11230468750000000000 0 0 1 0 8 263 261 285 259 257 281 258 282 
261 14137 0.41503906250000000000 -0.10253906250000000000 0 0 1 0 8 262 256 264 258 252 260 255 263 
262 14138 0.42480468750000000000 -0.10253906250000000000 0 0 1 0 8 273 267 275 261 255 263 256 264 
263 14139 0.41503906250000000000 -0.11230468750000000000 0 0 1 0 8 264 262 286 260 258 282 261 285 
264 14140 0.42480468750000000000 -0.11230468750000000000 0 0 1 0 8 275 273 297 263 261 285 262 286 
265 14141 0.43457031250000000000 -0.08300781250000000000 0 0 1 0 9 266 113 268 254 98 256 110 109 267 
266 14142 0.44433593750000000000 -0.08300781250000000000 0 0 1 0 9 269 125 271 265 110 267 114 113 268 
267 14143 0.43457031250000000000 -0.09277343750000000000 0 0 1 0 8 268 266 274 256 254 262 265 273 
268 14144 0.44433593750000000000 -0.09277343750000000000 0 0 1 0 8 271 269 277 267 265 273 266 274 
269 14145 0.45410156250000000000 -0.08300781250000000000 0 0 1 0 9 270 129 272 266 114 268 126 125 271 
270 14146 0.46386718750000000000 -0.08300781250000000000 0 0 1 0 9 345 323 347 269 126 271 130 129 272 
271 14147 0.45410156250000000000 -0.09277343750000000000 0 0 1 0 8 272 270 278 268 266 274 269 277 
272 14148 0.46386718750000000000 -0.09277343750000000000 0 0 1 0 8 347 345 353 271 269 277 270 278 
273 14149 0.43457031250000000000 -0.10253906250000000000 0 0 1 0 8 274 268 276 262 256 264 267 275 
274 14150 0.44433593750000000000 -0.10253906250000000000 0 0 1 0 8 277 271 279 273 267 275 268 276 
275 14151 0.43457031250000000000 -0.11230468750000000000 0 0 1 0 8 276 274 298 264 262 286 273 297 
276 14152 0.44433593750000000000 -0.11230468750000000000 0 0 1 0 8 279 277 301 275 273 297 274 298 
277 14153 0.45410156250000000000 -0.10253906250000000000 0 0 1 0 8 278 272 280 274 268 276 271 279 
278 14154 0.46386718750000000000 -0.10253906250000000000 0 0 1 0 8 353 347 355 277 271 279 272 280 
279 14155 0.45410156250000000000 -0.11230468750000000000 0 0 1 0 8 280 278 302 276 274 298 277 301 
280 14156 0.46386718750000000000 -0.11230468750000000000 0 0 1 0 8 355 353 367 279 277 301 278 302 
281 14157 0.39550781250000000000 -0.12207031250000000000 0 0 1 0 8 282 260 284 238 219 240 259 283 
282 14158 0.40527343750000000000 -0.12207031250000000000 0 0 1 0 8 285 263 287 281 259 283 260 284 
283 14159 0.39550781250000000000 -0.13183593750000000000 0 0 1 0 8 284 282 290 240 238 246 281 289 
284 14160 0.40527343750000000000 -0.13183593750000000000 0 0 1 0 8 287 285 293 283 281 289 282 290 
285 14161 0.41503906250000000000 -0.12207031250000000000 0 0 1 0 8 286 264 288 282 260 284 263 287 
286 14162 0.42480468750000000000 -0.12207031250000000000 0 0 1 0 8 297 275 299 285 263 287 264 288 
287 14163 0.41503906250000000000 -0.13183593750000000000 0 0 1 0 8 288 286 294 284 282 290 285 293 
288 14164 0.42480468750000000000 -0.13183593750000000000 0 0 1 0 8 299 297 305 287 285 293 286 294 
289 14165 0.39550781250000000000 -0.14160156250000000000 0 0 1 0 8 290 284 292 246 240 248 283 291 
290 14166 0.40527343750000000000 -0.14160156250000000000 0 0 1 0 8 293 287 295 289 283 291 284 292 
291 14167 0.39550781250000000000 -0.15136718750000000000 0 0 1 0 8 292 290 408 248 246 402 289 409 
292 14168 0.40527343750000000000 -0.15136718750000000000 0 0 1 0 8 295 293 409 291 289 408 290 402 
293 14169 0.41503906250000000000 -0.14160156250000000000 0 0 1 0 8 294 288 296 290 284 292 287 295 
294 14170 0.42480468750000000000 -0.14160156250000000000 0 0 1 0 8 305 299 307 293 287 295 288 296 
295 14171 0.41503906250000000000 -0.15136718750000000000 0 0 1 0 8 296 294 409 292 290 408 293 412 
296 14172 0.42480468750000000000 -0.15136718750000000000 0 0 1 0 8 307 305 412 295 293 409 294 408 
297 14173 0.43457031250000000000 -0.12207031250000000000 0 0 1 0 8 298 276 300 286 264 288 275 299 
298 14174 0.44433593750000000000 -0.12207031250000000000 0 0 1 0 8 301 279 303 297 275 299 276 300 
299 14175 0.43457031250000000000 -0.13183593750000000000 0 0 1 0 8 300 298 306 288 286 294 297 305 
300 14176 0.44433593750000000000 -0.13183593750000000000 0 0 1 0 8 303 301 309 299 297 305 298 306 
301 14177 0.45410156250000000000 -0.12207031250000000000 0 0 1 0 8 302 280 304 298 276 300 279 303 
302 14178 0.46386718750000000000 -0.12207031250000000000 0 0 1 0 8 367 355 369 301 279 303 280 304 
303 14179 0.45410156250000000000 -0.13183593750000000000 0 0 1 0 8 304 302 310 300 298 306 301 309 
304 14180 0.46386718750000000000 -0.13183593750000000000 0 0 1 0 8 369 367 375 303 301 309 302 310 
305 14181 0.43457031250000000000 -0.14160156250000000000 0 0 1 0 8 306 300 308 294 288 296 299 307 
306 14182 0.44433593750000000000 -0.14160156250000000000 0 0 1 0 8 309 303 311 305 299 307 300 308 
307 14183 0.43457031250000000000 -0.15136718750000000000 0 0 1 0 8 308 306 412 296 294 409 305 413 
308 14184 0.44433593750000000000 -0.15136718750000000000 0 0 1 0 8 311 309 413 307 305 412 306 409 
309 14185 0.45410156250000000000 -0.14160156250000000000 0 0 1 0 8 310 304 312 306 300 308 303 311 
310 14186 0.46386718750000000000 -0.14160156250000000000 0 0 1 0 8 375 369 377 309 303 311 304 312 
311 14187 0.45410156250000000000 -0.15136718750000000000 0 0 1 0 8 312 310 413 308 306 412 309 428 
312 14188 0.46386718750000000000 -0.15136718750000000000 0 0 1 0 8 377 375 428 311 309 413 310 412 
313 14189 0.47119140625000000000 -0.06103515625000000000 0 0 1 0 8 314 4 316 120 5 122 3 315 
314 14190 0.47607421875000000000 -0.06103515625000000000 0 0 1 0 8 317 3 319 313 4 315 5 316 
315 14191 0.47119140625000000000 -0.06591796875000000000 0 0 1 0 8 316 314 322 122 120 128 313 321 
316 14192 0.47607421875000000000 -0.06591796875000000000 0 0 1 0 8 319 317 325 315 313 321 314 322 
317 14193 0.48095703125000000000 -0.06103515625000000000 0 0 1 0 8 318 3 320 314 4 316 2 319 
318 14194 0.48583984375000000000 -0.06103515625000000000 0 0 1 0 8 329 2 331 317 3 319 4 320 
319 14195 0.48095703125000000000 -0.06591796875000000000 0 0 1 0 8 320 318 326 316 314 322 317 325 
320 14196 0.48583984375000000000 -0.06591796875000000000 0 0 1 0 8 331 329 337 319 317 325 318 326 
321 14197 0.47119140625000000000 -0.07080078125000000000 0 0 1 0 8 322 316 324 128 122 130 315 323 
322 14198 0.47607421875000000000 -0.07080078125000000000 0 0 1 0 8 325 319 327 321 315 323 316 324 
323 14199 0.47119140625000000000 -0.07568359375000000000 0 0 1 0 8 324 322 345 130 128 270 321 346 
324 14200 0.47607421875000000000 -0.07568359375000000000 0 0 1 0 8 327 325 346 323 321 345 322 270 
325 14201 0.48095703125000000000 -0.07080078125000000000 0 0 1 0 8 326 320 328 322 316 324 319 327 
326 14202 0.48583984375000000000 -0.07080078125000000000 0 0 1 0 8 337 331 339 325 319 327 320 328 
327 14203 0.48095703125000000000 -0.07568359375000000000 0 0 1 0 8 328 326 346 324 322 345 325 349 
328 14204 0.48583984375000000000 -0.07568359375000000000 0 0 1 0 8 339 337 349 327 325 346 326 345 
329 14205 0.49072265625000000000 -0.06103515625000000000 0 0 1 0 8 330 2 332 318 3 320 1 331 
330 14206 0.49560546875000000000 -0.06103515625000000000 0 0 1 0 8 333 1 335 329 2 331 3 332 
331 14207 0.49072265625000000000 -0.06591796875000000000 0 0 1 0 8 332 330 338 320 318 326 329 337 
332 14208 0.49560546875000000000 -0.06591796875000000000 0 0 1 0 8 335 333 341 331 329 337 330 338 
333 14209 0.50048828125000000000 -0.06103515625000000000 0 0 1 0 8 334 1 336 330 2 332 434 335 
334 14210 0.50537109375000000000 -0.06103515625000000000 0 0 1 0 8 464 434 465 333 1 335 2 336 
335 14211 0.50048828125000000000 -0.06591796875000000000 0 0 1 0 8 336 334 342 332 330 338 333 341 
336 14212 0.50537109375000000000 -0.06591796875000000000 0 0 1 0 8 465 464 466 335 333 341 334 342 
337 14213 0.49072265625000000000 -0.07080078125000000000 0 0 1 0 8 338 332 340 326 320 328 331 339 
338 14214 0.49560546875000000000 -0.07080078125000000000 0 0 1 0 8 341 335 343 337 331 339 332 340 
339 14215 0.49072265625000000000 -0.07568359375000000000 0 0 1 0 8 340 338 349 328 326 346 337 350 
340 14216 0.49560546875000000000 -0.07568359375000000000 0 0 1 0 8 343 341 350 339 337 349 338 346 
341 14217 0.50048828125000000000 -0.07080078125000000000 0 0 1 0 8 342 336 344 338 332 340 335 343 
342 14218 0.50537109375000000000 -0.07080078125000000000 0 0 1 0 8 466 465 467 341 335 343 336 344 
343 14219 0.50048828125000000000 -0.07568359375000000000 0 0 1 0 8 344 342 350 340 338 349 341 468 
344 14220 0.50537109375000000000 -0.07568359375000000000 0 0 1 0 8 467 466 468 343 341 350 342 349 
345 14221 0.47363281250000000000 -0.08300781250000000000 0 0 1 0 9 346 327 348 270 130 272 324 323 347 
346 14222 0.48339843750000000000 -0.08300781250000000000 0 0 1 0 9 349 339 351 345 324 347 328 327 348 
347 14223 0.47363281250000000000 -0.09277343750000000000 0 0 1 0 8 348 346 354 272 270 278 345 353 
348 14224 0.48339843750000000000 -0.09277343750000000000 0 0 1 0 8 351 349 357 347 345 353 346 354 
349 14225 0.49316406250000000000 -0.08300781250000000000 0 0 1 0 9 350 343 352 346 328 348 340 339 351 
350 14226 0.50292968750000000000 -0.08300781250000000000 0 0 1 0 9 468 467 361 349 340 351 344 343 352 
351 14227 0.49316406250000000000 -0.09277343750000000000 0 0 1 0 8 352 350 358 348 346 354 349 357 
352 14228 0.50292968750000000000 -0.09277343750000000000 0 0 1 0 8 361 468 362 351 349 357 350 358 
353 14229 0.47363281250000000000 -0.10253906250000000000 0 0 1 0 8 354 348 356 278 272 280 347 355 
354 14230 0.48339843750000000000 -0.10253906250000000000 0 0 1 0 8 357 351 359 353 347 355 348 356 
355 14231 0.47363281250000000000 -0.11230468750000000000 0 0 1 0 8 356 354 368 280 278 302 353 367 
356 14232 0.48339843750000000000 -0.11230468750000000000 0 0 1 0 8 359 357 371 355 353 367 354 368 
357 14233 0.49316406250000000000 -0.10253906250000000000 0 0 1 0 8 358 352 360 354 348 356 351 359 
358 14234 0.50292968750000000000 -0.10253906250000000000 0 0 1 0 8 362 361 364 357 351 359 352 360 
359 14235 0.49316406250000000000 -0.11230468750000000000 0 0 1 0 8 360 358 372 356 354 368 357 371 
360 14236 0.50292968750000000000 -0.11230468750000000000 0 0 1 0 8 364 362 383 359 357 371 358 372 
361 14237 0.51269531250000000000 -0.09277343750000000000 0 0 1 0 8 470 469 363 352 350 358 468 362 
362 14238 0.51269531250000000000 -0.10253906250000000000 0 0 1 0 8 363 470 365 358 352 360 361 364 
363 14239 0.52246093750000000000 -0.10253906250000000000 0 0 1 0 8 472 471 366 362 361 364 470 365 
364 14240 0.51269531250000000000 -0.11230468750000000000 0 0 1 0 8 365 363 384 360 358 372 362 383 
365 14241 0.52246093750000000000 -0.11230468750000000000 0 0 1 0 8 366 472 387 364 362 383 363 384 
366 14242 0.53222656250000000000 -0.11230468750000000000 0 0 1 0 8 474 473 388 365 363 384 472 387 
367 14243 0.47363281250000000000 -0.12207031250000000000 0 0 1 0 8 368 356 370 302 280 304 355 369 
368 14244 0.48339843750000000000 -0.12207031250000000000 0 0 1 0 8 371 359 373 367 355 369 356 370 
369 14245 0.47363281250000000000 -0.13183593750000000000 0 0 1 0 8 370 368 376 304 302 310 367 375 
370 14246 0.48339843750000000000 -0.13183593750000000000 0 0 1 0 8 373 371 379 369 367 375 368 376 
371 14247 0.49316406250000000000 -0.12207031250000000000 0 0 1 0 8 372 360 374 368 356 370 359 373 
372 14248 0.50292968750000000000 -0.12207031250000000000 0 0 1 0 8 383 364 385 371 359 373 360 374 
373 14249 0.49316406250000000000 -0.13183593750000000000 0 0 1 0 8 374 372 380 370 368 376 371 379 
374 14250 0.50292968750000000000 -0.13183593750000000000 0 0 1 0 8 385 383 391 373 371 379 372 380 
375 14251 0.47363281250000000000 -0.14160156250000000000 0 0 1 0 8 376 370 378 310 304 312 369 377 
376 14252 0.48339843750000000000 -0.14160156250000000000 0 0 1 0 8 379 373 381 375 369 377 370 378 
377 14253 0.47363281250000000000 -0.15136718750000000000 0 0 1 0 8 378 376 428 312 310 413 375 429 
378 14254 0.48339843750000000000 -0.15136718750000000000 0 0 1 0 8 381 379 429 377 375 428 376 413 
379 14255 0.49316406250000000000 -0.14160156250000000000 0 0 1 0 8 380 374 382 376 370 378 373 381 
380 14256 0.50292968750000000000 -0.14160156250000000000 0 0 1 0 8 391 385 393 379 373 381 374 382 
381 14257 0.49316406250000000000 -0.15136718750000000000 0 0 1 0 8 382 380 429 378 376 428 379 432 
382 14258 0.50292968750000000000 -0.15136718750000000000 0 0 1 0 8 393 391 432 381 379 429 380 428 
383 14259 0.51269531250000000000 -0.12207031250000000000 0 0 1 0 8 384 365 386 372 360 374 364 385 
384 14260 0.52246093750000000000 -0.12207031250000000000 0 0 1 0 8 387 366 389 383 364 385 365 386 
385 14261 0.51269531250000000000 -0.13183593750000000000 0 0 1 0 8 386 384 392 374 372 380 383 391 
386 14262 0.52246093750000000000 -0.13183593750000000000 0 0 1 0 8 389 387 395 385 383 391 384 392 
387 14263 0.53222656250000000000 -0.12207031250000000000 0 0 1 0 8 388 474 390 384 365 386 366 389 
388 14264 0.54199218750000000000 -0.12207031250000000000 0 0 1 0 8 477 476 478 387 366 389 474 390 
389 14265 0.53222656250000000000 -0.13183593750000000000 0 0 1 0 8 390 388 396 386 384 392 387 395 
390 14266 0.54199218750000000000 -0.13183593750000000000 0 0 1 0 8 478 477 479 389 387 395 388 396 
391 14267 0.51269531250000000000 -0.14160156250000000000 0 0 1 0 8 392 386 394 380 374 382 385 393 
392 14268 0.52246093750000000000 -0.14160156250000000000 0 0 1 0 8 395 389 397 391 385 393 386 394 
393 14269 0.51269531250000000000 -0.15136718750000000000 0 0 1 0 8 394 392 432 382 380 429 391 496 
394 14270 0.52246093750000000000 -0.15136718750000000000 0 0 1 0 8 397 395 496 393 391 432 392 429 
395 14271 0.53222656250000000000 -0.14160156250000000000 0 0 1 0 8 396 390 475 392 386 394 389 397 
396 14272 0.54199218750000000000 -0.14160156250000000000 0 0 1 0 8 479 478 480 395 389 397 390 475 
397 14273 0.53222656250000000000 -0.15136718750000000000 0 0 1 0 8 475 396 496 394 392 432 395 503 
398 14274 0.32226562500000000000 -0.16601562500000000000 0 0 1 0 9 399 231 400 21 20 443 228 227 481 
399 14275 0.34179687500000000000 -0.16601562500000000000 0 0 1 0 9 401 243 403 398 228 481 232 231 400 
400 14276 0.34179687500000000000 -0.18554687500000000000 0 0 1 0 8 403 401 405 481 398 482 399 483 
401 14277 0.36132812500000000000 -0.16601562500000000000 0 0 1 0 9 402 247 404 399 232 400 244 243 403 
402 14278 0.38085937500000000000 -0.16601562500000000000 0 0 1 0 9 408 291 410 401 244 403 248 247 404 
403 14279 0.36132812500000000000 -0.18554687500000000000 0 0 1 0 8 404 402 406 400 399 483 401 405 
404 14280 0.38085937500000000000 -0.18554687500000000000 0 0 1 0 8 410 408 416 403 401 405 402 406 
405 14281 0.36132812500000000000 -0.20507812500000000000 0 0 1 0 8 406 404 407 483 400 484 403 485 
406 14282 0.38085937500000000000 -0.20507812500000000000 0 0 1 0 8 416 410 418 405 403 485 404 407 
407 14283 0.38085937500000000000 -0.22460937500000000000 0 0 1 0 8 418 416 424 485 405 486 406 487 
408 14284 0.40039062500000000000 -0.16601562500000000000 0 0 1 0 9 409 295 411 402 248 404 292 291 410 
409 14285 0.41992187500000000000 -0.16601562500000000000 0 0 1 0 9 412 307 414 408 292 410 296 295 411 
410 14286 0.40039062500000000000 -0.18554687500000000000 0 0 1 0 8 411 409 417 404 402 406 408 416 
411 14287 0.41992187500000000000 -0.18554687500000000000 0 0 1 0 8 414 412 420 410 408 416 409 417 
412 14288 0.43945312500000000000 -0.16601562500000000000 0 0 1 0 9 413 311 415 409 296 411 308 307 414 
413 14289 0.45898437500000000000 -0.16601562500000000000 0 0 1 0 9 428 377 430 412 308 414 312 311 415 
414 14290 0.43945312500000000000 -0.18554687500000000000 0 0 1 0 8 415 413 421 411 409 417 412 420 
415 14291 0.45898437500000000000 -0.18554687500000000000 0 0 1 0 8 430 428 433 414 412 420 413 421 
416 14292 0.40039062500000000000 -0.20507812500000000000 0 0 1 0 8 417 411 419 406 404 407 410 418 
417 14293 0.41992187500000000000 -0.20507812500000000000 0 0 1 0 8 420 414 422 416 410 418 411 419 
418 14294 0.40039062500000000000 -0.22460937500000000000 0 0 1 0 8 419 417 425 407 406 487 416 424 
419 14295 0.41992187500000000000 -0.22460937500000000000 0 0 1 0 8 422 420 427 418 416 424 417 425 
420 14296 0.43945312500000000000 -0.20507812500000000000 0 0 1 0 8 421 415 423 417 411 419 414 422 
421 14297 0.45898437500000000000 -0.20507812500000000000 0 0 1 0 8 433 430 500 420 414 422 415 423 
422 14298 0.43945312500000000000 -0.22460937500000000000 0 0 1 0 8 423 421 490 419 417 425 420 427 
423 14299 0.45898437500000000000 -0.22460937500000000000 0 0 1 0 8 500 433 504 422 420 427 421 490 
424 14300 0.40039062500000000000 -0.24414062500000000000 0 0 1 0 8 425 419 426 487 407 488 418 489 
425 14301 0.41992187500000000000 -0.24414062500000000000 0 0 1 0 8 427 422 491 424 418 489 419 426 
426 14302 0.41992187500000000000 -0.26367187500000000000 0 0 1 0 8 491 427 495 489 424 493 425 494 
427 14303 0.43945312500000000000 -0.24414062500000000000 0 0 1 0 8 490 423 492 425 419 426 422 491 
428 14304 0.47851562500000000000 -0.16601562500000000000 0 0 1 0 9 429 381 431 413 312 415 378 377 430 
429 14305 0.49804687500000000000 -0.16601562500000000000 0 0 1 0 9 432 393 497 428 378 430 382 381 431 
430 14306 0.47851562500000000000 -0.18554687500000000000 0 0 1 0 8 431 429 499 415 413 421 428 433 
431 14307 0.49804687500000000000 -0.18554687500000000000 0 0 1 0 8 497 432 502 430 428 433 429 499 
432 14308 0.51757812500000000000 -0.16601562500000000000 0 0 1 0 9 496 397 498 429 382 431 394 393 497 
433 14309 0.47851562500000000000 -0.20507812500000000000 0 0 1 0 8 499 431 501 421 415 423 430 500 
