444 11726 0.01052298599999999980 0.01737392800000000029 
445 441 0.05197019299999999786 0.03595049699999999793 
446 12740 -0.00244140625000000000 0.06591796875000000000 
447 12741 -0.00732421875000000000 0.06103515625000000000 
448 12742 -0.00244140625000000000 0.06103515625000000000 
449 12763 -0.00732421875000000000 0.05615234375000000000 
450 12764 -0.00732421875000000000 0.05126953125000000000 
451 12769 -0.00732421875000000000 0.04638671875000000000 
452 12770 -0.00732421875000000000 0.04150390625000000000 
453 12771 -0.00244140625000000000 0.04150390625000000000 
454 12825 -0.00122070312500000000 0.03784179687500000000 
455 12965 0.00244140625000000000 0.06591796875000000000 
456 12966 0.00732421875000000000 0.06591796875000000000 
457 12967 0.01220703125000000000 0.06591796875000000000 
458 12968 0.01708984375000000000 0.06591796875000000000 
459 12977 0.02197265625000000000 0.06591796875000000000 
460 12978 0.02685546875000000000 0.06591796875000000000 
461 12979 0.03173828125000000000 0.06591796875000000000 
462 603 0.03662109375000000000 0.06591796875000000000 
463 604 0.03662109375000000000 0.06103515625000000000 
464 605 0.03784179687500000000 0.05737304687500000000 
465 615 0.04150390625000000000 0.06103515625000000000 
466 637 0.04028320312500000000 0.05737304687500000000 
467 639 0.04028320312500000000 0.05493164062500000000 
468 640 0.04272460937500000000 0.05493164062500000000 
469 645 0.04272460937500000000 0.05249023437500000000 
470 646 0.04516601562500000000 0.05249023437500000000 
471 648 0.04516601562500000000 0.05004882812500000000 
472 666 0.04516601562500000000 0.04760742187500000000 
473 668 0.04516601562500000000 0.04516601562500000000 
474 670 0.04516601562500000000 0.04272460937500000000 
475 671 0.04760742187500000000 0.04272460937500000000 
476 672 0.04760742187500000000 0.04028320312500000000 
477 683 0.05004882812500000000 0.04028320312500000000 
478 684 0.05249023437500000000 0.04028320312500000000 
479 12981 0.00122070312500000000 0.03784179687500000000 
480 12982 0.00122070312500000000 0.03540039062500000000 
481 12983 0.00122070312500000000 0.03295898437500000000 
482 12984 0.00122070312500000000 0.03051757812500000000 
483 12986 0.00183105468750000000 0.02868652343750000000 
484 11906 0.00183105468750000000 0.02746582031250000000 
485 11907 0.00305175781250000000 0.02746582031250000000 
486 11912 0.00305175781250000000 0.02624511718750000000 
487 11913 0.00427246093750000000 0.02624511718750000000 
488 11915 0.00427246093750000000 0.02502441406250000000 
489 11916 0.00549316406250000000 0.02502441406250000000 
490 11933 0.00549316406250000000 0.02380371093750000000 
491 11934 0.00671386718750000000 0.02380371093750000000 
492 11936 0.00671386718750000000 0.02258300781250000000 
493 11937 0.00793457031250000000 0.02258300781250000000 
494 11942 0.00793457031250000000 0.02136230468750000000 
495 11943 0.00915527343750000000 0.02136230468750000000 
496 11945 0.00915527343750000000 0.02014160156250000000 
497 11946 0.01037597656250000000 0.02014160156250000000 
498 12133 0.01037597656250000000 0.01892089843750000000 
499 12134 0.01159667968750000000 0.01892089843750000000 
