480 427 53
1 2628 0.87450488000000003996 0.01650936100000000017 429 2 0 1 8 70 71 73 74 429 2 117 455 
2 2629 0.88091711999999999794 0.01572423300000000065 1 3 0 1 6 121 74 118 117 1 3 
3 2630 0.88718341999999994485 0.01495125599999999957 2 4 0 1 8 139 133 141 118 122 121 2 4 
4 2631 0.89330138999999997296 0.01419107600000000038 3 5 0 1 7 141 142 143 3 145 5 144 
5 2632 0.89926866999999999219 0.01344433800000000012 4 6 0 1 6 289 146 286 285 4 6 
6 2633 0.90217588824185812602 0.01307862906152978608 5 7 0 1 6 301 286 290 289 5 7 
7 2634 0.90508297999999998140 0.01271168200000000019 6 8 0 1 7 307 305 290 302 301 6 8 
8 2635 0.91074209999999999887 0.01199374299999999942 7 9 0 1 7 340 341 342 9 7 318 319 
9 2636 0.91624384999999997081 0.01129115099999999927 8 10 0 1 7 335 338 8 342 10 343 376 
10 2637 0.91891505040700238727 0.01094837621802070837 9 11 0 1 7 355 9 343 11 377 376 378 
11 2638 0.92158614000000005362 0.01060452800000000022 10 12 0 1 7 359 377 10 376 12 378 379 
12 2639 0.92417657269863195957 0.01027001878134093694 11 13 0 1 7 390 377 374 378 11 13 379 
13 2640 0.92676689999999994907 0.00993449100000000015 12 14 0 1 6 390 388 378 379 12 14 
14 2641 0.92927557991211506838 0.00960855125907254630 13 15 0 1 8 388 389 390 391 394 13 379 15 
15 2642 0.93178415999999997243 0.00928164830000000052 14 16 0 1 7 390 391 392 394 395 14 16 
16 2643 0.93663600000000002410 0.00864659949999999934 15 17 0 1 8 422 424 391 425 394 395 15 17 
17 2644 0.94132055000000003364 0.00802993460000000006 16 430 0 1 8 424 425 426 427 395 478 16 430 
18 2645 0.89599609375000000000 0.05615234375000000000 0 0 1 0 8 28 442 30 440 432 19 433 20 
19 2646 0.89111328125000000000 0.05126953125000000000 0 0 1 0 8 20 18 25 439 437 21 440 24 
20 2647 0.89599609375000000000 0.05126953125000000000 0 0 1 0 8 30 28 36 19 440 24 18 25 
21 2648 0.88623046875000000000 0.04638671875000000000 0 0 1 0 8 24 19 26 441 438 22 439 23 
22 2649 0.88134765625000000000 0.04150390625000000000 0 0 1 0 11 23 21 79 436 434 60 441 75 61 76 81 
23 2650 0.88623046875000000000 0.04150390625000000000 0 0 1 0 11 26 24 91 22 441 76 21 79 78 80 93 
24 2651 0.89111328125000000000 0.04638671875000000000 0 0 1 0 8 25 20 27 21 439 23 19 26 
25 2652 0.89599609375000000000 0.04638671875000000000 0 0 1 0 8 36 30 38 24 19 26 20 27 
26 2653 0.89111328125000000000 0.04150390625000000000 0 0 1 0 11 27 25 95 23 21 80 24 91 82 92 97 
27 2654 0.89599609375000000000 0.04150390625000000000 0 0 1 0 11 38 36 147 26 24 92 25 95 94 96 149 
28 2655 0.90087890625000000000 0.05615234375000000000 0 0 1 0 8 29 443 31 18 433 20 442 30 
29 2656 0.90576171875000000000 0.05615234375000000000 0 0 1 0 8 32 444 34 28 442 30 443 31 
30 2657 0.90087890625000000000 0.05126953125000000000 0 0 1 0 8 31 29 37 20 18 25 28 36 
31 2658 0.90576171875000000000 0.05126953125000000000 0 0 1 0 8 34 32 40 30 28 36 29 37 
32 2659 0.91064453125000000000 0.05615234375000000000 0 0 1 0 8 33 445 35 29 443 31 444 34 
33 2660 0.91552734375000000000 0.05615234375000000000 0 0 1 0 8 44 446 46 32 444 34 445 35 
34 2661 0.91064453125000000000 0.05126953125000000000 0 0 1 0 8 35 33 41 31 29 37 32 40 
35 2662 0.91552734375000000000 0.05126953125000000000 0 0 1 0 8 46 44 52 34 32 40 33 41 
36 2663 0.90087890625000000000 0.04638671875000000000 0 0 1 0 8 37 31 39 25 20 27 30 38 
37 2664 0.90576171875000000000 0.04638671875000000000 0 0 1 0 8 40 34 42 36 30 38 31 39 
38 2665 0.90087890625000000000 0.04150390625000000000 0 0 1 0 11 39 37 151 27 25 96 36 147 98 148 153 
39 2666 0.90576171875000000000 0.04150390625000000000 0 0 1 0 11 42 40 163 38 36 148 37 151 150 152 165 
40 2667 0.91064453125000000000 0.04638671875000000000 0 0 1 0 8 41 35 43 37 31 39 34 42 
41 2668 0.91552734375000000000 0.04638671875000000000 0 0 1 0 8 52 46 54 40 34 42 35 43 
42 2669 0.91064453125000000000 0.04150390625000000000 0 0 1 0 11 43 41 167 39 37 152 40 163 154 164 169 
43 2670 0.91552734375000000000 0.04150390625000000000 0 0 1 0 11 54 52 211 42 40 164 41 167 166 168 213 
44 2671 0.92041015625000000000 0.05615234375000000000 0 0 1 0 8 45 447 47 33 445 35 446 46 
45 2672 0.92529296875000000000 0.05615234375000000000 0 0 1 0 8 48 448 50 44 446 46 447 47 
46 2673 0.92041015625000000000 0.05126953125000000000 0 0 1 0 8 47 45 53 35 33 41 44 52 
47 2674 0.92529296875000000000 0.05126953125000000000 0 0 1 0 8 50 48 56 46 44 52 45 53 
48 2675 0.93017578125000000000 0.05615234375000000000 0 0 1 0 8 49 449 51 45 447 47 448 50 
49 2676 0.93505859375000000000 0.05615234375000000000 0 0 1 0 8 462 461 396 48 448 50 449 51 
50 2677 0.93017578125000000000 0.05126953125000000000 0 0 1 0 8 51 49 57 47 45 53 48 56 
51 2678 0.93505859375000000000 0.05126953125000000000 0 0 1 0 8 396 462 397 50 48 56 49 57 
52 2679 0.92041015625000000000 0.04638671875000000000 0 0 1 0 8 53 47 55 41 35 43 46 54 
53 2680 0.92529296875000000000 0.04638671875000000000 0 0 1 0 8 56 50 58 52 46 54 47 55 
54 2681 0.92041015625000000000 0.04150390625000000000 0 0 1 0 11 55 53 215 43 41 168 52 211 170 212 217 
55 2682 0.92529296875000000000 0.04150390625000000000 0 0 1 0 11 58 56 227 54 52 212 53 215 214 216 229 
56 2683 0.93017578125000000000 0.04638671875000000000 0 0 1 0 8 57 51 59 53 47 55 50 58 
57 2684 0.93505859375000000000 0.04638671875000000000 0 0 1 0 8 397 396 399 56 50 58 51 59 
58 2685 0.93017578125000000000 0.04150390625000000000 0 0 1 0 11 59 57 231 55 53 216 56 227 218 228 233 
59 2686 0.93505859375000000000 0.04150390625000000000 0 0 1 0 10 399 397 402 58 56 228 57 231 230 232 
60 2687 0.87768554687500000000 0.03784179687500000000 0 0 1 0 8 75 22 77 450 436 451 435 61 
61 2688 0.87768554687500000000 0.03540039062500000000 0 0 1 0 8 77 75 83 451 450 453 60 62 
62 2689 0.87768554687500000000 0.03295898437500000000 0 0 1 0 8 83 77 85 453 451 454 61 63 
63 2690 0.87768554687500000000 0.03051757812500000000 0 0 1 0 8 85 83 107 454 453 65 62 66 
64 2691 0.87280273437500000000 0.02563476562500000000 0 0 1 0 8 67 65 71 458 456 459 457 69 
65 2692 0.87524414062500000000 0.02807617187500000000 0 0 1 0 8 66 63 68 457 452 64 454 67 
66 2693 0.87768554687500000000 0.02807617187500000000 0 0 1 0 8 107 85 109 65 454 67 63 68 
67 2694 0.87524414062500000000 0.02563476562500000000 0 0 1 0 8 68 66 72 64 457 69 65 71 
68 2695 0.87768554687500000000 0.02563476562500000000 0 0 1 0 8 109 107 115 67 65 71 66 72 
69 2696 0.87280273437500000000 0.02319335937500000000 0 0 1 0 8 71 67 73 459 458 460 64 70 
70 2697 0.87280273437500000000 0.02075195312500000000 0 0 1 0 8 73 71 1 460 459 429 69 428 
71 2698 0.87524414062500000000 0.02319335937500000000 0 0 1 0 8 72 68 74 69 64 70 67 73 
72 2699 0.87768554687500000000 0.02319335937500000000 0 0 1 0 8 115 109 117 71 67 73 68 74 
73 2700 0.87524414062500000000 0.02075195312500000000 0 0 1 0 8 74 72 1 70 69 429 71 2 
74 2701 0.87768554687500000000 0.02075195312500000000 0 0 1 0 8 117 115 2 73 71 1 72 429 
75 2702 0.88012695312500000000 0.03784179687500000000 0 0 1 0 8 76 22 78 60 436 61 23 77 
76 2703 0.88256835937500000000 0.03784179687500000000 0 0 1 0 8 79 23 81 75 22 77 436 78 
77 2704 0.88012695312500000000 0.03540039062500000000 0 0 1 0 8 78 76 84 61 60 62 75 83 
78 2705 0.88256835937500000000 0.03540039062500000000 0 0 1 0 8 81 79 87 77 75 83 76 84 
79 2706 0.88500976562500000000 0.03784179687500000000 0 0 1 0 8 80 23 82 76 22 78 26 81 
80 2707 0.88745117187500000000 0.03784179687500000000 0 0 1 0 8 91 26 93 79 23 81 22 82 
81 2708 0.88500976562500000000 0.03540039062500000000 0 0 1 0 8 82 80 88 78 76 84 79 87 
82 2709 0.88745117187500000000 0.03540039062500000000 0 0 1 0 8 93 91 99 81 79 87 80 88 
83 2710 0.88012695312500000000 0.03295898437500000000 0 0 1 0 8 84 78 86 62 61 63 77 85 
84 2711 0.88256835937500000000 0.03295898437500000000 0 0 1 0 8 87 81 89 83 77 85 78 86 
85 2712 0.88012695312500000000 0.03051757812500000000 0 0 1 0 8 86 84 108 63 62 66 83 107 
86 2713 0.88256835937500000000 0.03051757812500000000 0 0 1 0 8 89 87 111 85 83 107 84 108 
87 2714 0.88500976562500000000 0.03295898437500000000 0 0 1 0 8 88 82 90 84 78 86 81 89 
88 2715 0.88745117187500000000 0.03295898437500000000 0 0 1 0 8 99 93 101 87 81 89 82 90 
89 2716 0.88500976562500000000 0.03051757812500000000 0 0 1 0 8 90 88 112 86 84 108 87 111 
90 2717 0.88745117187500000000 0.03051757812500000000 0 0 1 0 8 101 99 123 89 87 111 88 112 
91 2718 0.88989257812500000000 0.03784179687500000000 0 0 1 0 8 92 26 94 80 23 82 27 93 
92 2719 0.89233398437500000000 0.03784179687500000000 0 0 1 0 8 95 27 97 91 26 93 23 94 
93 2720 0.88989257812500000000 0.03540039062500000000 0 0 1 0 8 94 92 100 82 80 88 91 99 
94 2721 0.89233398437500000000 0.03540039062500000000 0 0 1 0 8 97 95 103 93 91 99 92 100 
95 2722 0.89477539062500000000 0.03784179687500000000 0 0 1 0 8 96 27 98 92 26 94 38 97 
96 2723 0.89721679687500000000 0.03784179687500000000 0 0 1 0 8 147 38 149 95 27 97 26 98 
97 2724 0.89477539062500000000 0.03540039062500000000 0 0 1 0 8 98 96 104 94 92 100 95 103 
98 2725 0.89721679687500000000 0.03540039062500000000 0 0 1 0 8 149 147 155 97 95 103 96 104 
99 2726 0.88989257812500000000 0.03295898437500000000 0 0 1 0 8 100 94 102 88 82 90 93 101 
100 2727 0.89233398437500000000 0.03295898437500000000 0 0 1 0 8 103 97 105 99 93 101 94 102 
101 2728 0.88989257812500000000 0.03051757812500000000 0 0 1 0 8 102 100 124 90 88 112 99 123 
102 2729 0.89233398437500000000 0.03051757812500000000 0 0 1 0 8 105 103 127 101 99 123 100 124 
103 2730 0.89477539062500000000 0.03295898437500000000 0 0 1 0 8 104 98 106 100 94 102 97 105 
104 2731 0.89721679687500000000 0.03295898437500000000 0 0 1 0 8 155 149 157 103 97 105 98 106 
105 2732 0.89477539062500000000 0.03051757812500000000 0 0 1 0 8 106 104 128 102 100 124 103 127 
106 2733 0.89721679687500000000 0.03051757812500000000 0 0 1 0 8 157 155 179 105 103 127 104 128 
107 2734 0.88012695312500000000 0.02807617187500000000 0 0 1 0 8 108 86 110 66 63 68 85 109 
108 2735 0.88256835937500000000 0.02807617187500000000 0 0 1 0 8 111 89 113 107 85 109 86 110 
109 2736 0.88012695312500000000 0.02563476562500000000 0 0 1 0 8 110 108 116 68 66 72 107 115 
110 2737 0.88256835937500000000 0.02563476562500000000 0 0 1 0 8 113 111 119 109 107 115 108 116 
111 2738 0.88500976562500000000 0.02807617187500000000 0 0 1 0 8 112 90 114 108 86 110 89 113 
112 2739 0.88745117187500000000 0.02807617187500000000 0 0 1 0 8 123 101 125 111 89 113 90 114 
113 2740 0.88500976562500000000 0.02563476562500000000 0 0 1 0 8 114 112 120 110 108 116 111 119 
114 2741 0.88745117187500000000 0.02563476562500000000 0 0 1 0 8 125 123 131 113 111 119 112 120 
115 2742 0.88012695312500000000 0.02319335937500000000 0 0 1 0 8 116 110 118 72 68 74 109 117 
116 2743 0.88256835937500000000 0.02319335937500000000 0 0 1 0 8 119 113 121 115 109 117 110 118 
117 2744 0.88012695312500000000 0.02075195312500000000 0 0 1 0 8 118 116 2 74 72 1 115 3 
118 2745 0.88256835937500000000 0.02075195312500000000 0 0 1 0 8 121 119 3 117 115 2 116 1 
119 2746 0.88500976562500000000 0.02319335937500000000 0 0 1 0 8 120 114 122 116 110 118 113 121 
120 2747 0.88745117187500000000 0.02319335937500000000 0 0 1 0 8 131 125 133 119 113 121 114 122 
121 2748 0.88500976562500000000 0.02075195312500000000 0 0 1 0 7 122 120 3 118 116 2 119 
122 2749 0.88745117187500000000 0.02075195312500000000 0 0 1 0 8 133 131 139 121 119 3 120 2 
123 2750 0.88989257812500000000 0.02807617187500000000 0 0 1 0 8 124 102 126 112 90 114 101 125 
124 2751 0.89233398437500000000 0.02807617187500000000 0 0 1 0 8 127 105 129 123 101 125 102 126 
125 2752 0.88989257812500000000 0.02563476562500000000 0 0 1 0 8 126 124 132 114 112 120 123 131 
126 2753 0.89233398437500000000 0.02563476562500000000 0 0 1 0 8 129 127 135 125 123 131 124 132 
127 2754 0.89477539062500000000 0.02807617187500000000 0 0 1 0 8 128 106 130 124 102 126 105 129 
128 2755 0.89721679687500000000 0.02807617187500000000 0 0 1 0 8 179 157 181 127 105 129 106 130 
129 2756 0.89477539062500000000 0.02563476562500000000 0 0 1 0 8 130 128 136 126 124 132 127 135 
130 2757 0.89721679687500000000 0.02563476562500000000 0 0 1 0 8 181 179 187 129 127 135 128 136 
131 2758 0.88989257812500000000 0.02319335937500000000 0 0 1 0 8 132 126 134 120 114 122 125 133 
132 2759 0.89233398437500000000 0.02319335937500000000 0 0 1 0 8 135 129 137 131 125 133 126 134 
133 2760 0.88989257812500000000 0.02075195312500000000 0 0 1 0 8 134 132 140 122 120 3 131 139 
134 2761 0.89233398437500000000 0.02075195312500000000 0 0 1 0 8 137 135 143 133 131 139 132 140 
135 2762 0.89477539062500000000 0.02319335937500000000 0 0 1 0 8 136 130 138 132 126 134 129 137 
136 2763 0.89721679687500000000 0.02319335937500000000 0 0 1 0 8 187 181 189 135 129 137 130 138 
137 2764 0.89477539062500000000 0.02075195312500000000 0 0 1 0 8 138 136 144 134 132 140 135 143 
138 2765 0.89721679687500000000 0.02075195312500000000 0 0 1 0 9 189 187 275 137 135 143 136 144 277 
139 2766 0.88989257812500000000 0.01831054687500000000 0 0 1 0 7 140 134 142 3 133 122 141 
140 2767 0.89233398437500000000 0.01831054687500000000 0 0 1 0 8 143 137 145 139 133 141 134 142 
141 2768 0.88989257812500000000 0.01586914062500000000 0 0 1 0 5 142 140 4 3 139 
142 2769 0.89233398437500000000 0.01586914062500000000 0 0 1 0 6 145 143 141 139 4 140 
143 2770 0.89477539062500000000 0.01831054687500000000 0 0 1 0 8 144 138 146 140 134 142 137 145 
144 2771 0.89721679687500000000 0.01831054687500000000 0 0 1 0 10 275 189 277 283 143 137 145 138 146 285 
145 2772 0.89477539062500000000 0.01586914062500000000 0 0 1 0 6 146 144 142 140 4 143 
146 2773 0.89721679687500000000 0.01586914062500000000 0 0 1 0 7 283 277 285 5 145 143 144 
147 2774 0.89965820312500000000 0.03784179687500000000 0 0 1 0 8 148 38 150 96 27 98 39 149 
148 2775 0.90209960937500000000 0.03784179687500000000 0 0 1 0 8 151 39 153 147 38 149 27 150 
149 2776 0.89965820312500000000 0.03540039062500000000 0 0 1 0 8 150 148 156 98 96 104 147 155 
150 2777 0.90209960937500000000 0.03540039062500000000 0 0 1 0 8 153 151 159 149 147 155 148 156 
151 2778 0.90454101562500000000 0.03784179687500000000 0 0 1 0 8 152 39 154 148 38 150 42 153 
152 2779 0.90698242187500000000 0.03784179687500000000 0 0 1 0 8 163 42 165 151 39 153 38 154 
153 2780 0.90454101562500000000 0.03540039062500000000 0 0 1 0 8 154 152 160 150 148 156 151 159 
154 2781 0.90698242187500000000 0.03540039062500000000 0 0 1 0 8 165 163 171 153 151 159 152 160 
155 2782 0.89965820312500000000 0.03295898437500000000 0 0 1 0 8 156 150 158 104 98 106 149 157 
156 2783 0.90209960937500000000 0.03295898437500000000 0 0 1 0 8 159 153 161 155 149 157 150 158 
157 2784 0.89965820312500000000 0.03051757812500000000 0 0 1 0 8 158 156 180 106 104 128 155 179 
158 2785 0.90209960937500000000 0.03051757812500000000 0 0 1 0 8 161 159 183 157 155 179 156 180 
159 2786 0.90454101562500000000 0.03295898437500000000 0 0 1 0 8 160 154 162 156 150 158 153 161 
160 2787 0.90698242187500000000 0.03295898437500000000 0 0 1 0 8 171 165 173 159 153 161 154 162 
161 2788 0.90454101562500000000 0.03051757812500000000 0 0 1 0 8 162 160 184 158 156 180 159 183 
162 2789 0.90698242187500000000 0.03051757812500000000 0 0 1 0 8 173 171 195 161 159 183 160 184 
163 2790 0.90942382812500000000 0.03784179687500000000 0 0 1 0 8 164 42 166 152 39 154 43 165 
164 2791 0.91186523437500000000 0.03784179687500000000 0 0 1 0 8 167 43 169 163 42 165 39 166 
165 2792 0.90942382812500000000 0.03540039062500000000 0 0 1 0 8 166 164 172 154 152 160 163 171 
166 2793 0.91186523437500000000 0.03540039062500000000 0 0 1 0 8 169 167 175 165 163 171 164 172 
167 2794 0.91430664062500000000 0.03784179687500000000 0 0 1 0 8 168 43 170 164 42 166 54 169 
168 2795 0.91674804687500000000 0.03784179687500000000 0 0 1 0 8 211 54 213 167 43 169 42 170 
169 2796 0.91430664062500000000 0.03540039062500000000 0 0 1 0 8 170 168 176 166 164 172 167 175 
170 2797 0.91674804687500000000 0.03540039062500000000 0 0 1 0 8 213 211 219 169 167 175 168 176 
171 2798 0.90942382812500000000 0.03295898437500000000 0 0 1 0 8 172 166 174 160 154 162 165 173 
172 2799 0.91186523437500000000 0.03295898437500000000 0 0 1 0 8 175 169 177 171 165 173 166 174 
173 2800 0.90942382812500000000 0.03051757812500000000 0 0 1 0 8 174 172 196 162 160 184 171 195 
174 2801 0.91186523437500000000 0.03051757812500000000 0 0 1 0 8 177 175 199 173 171 195 172 196 
175 2802 0.91430664062500000000 0.03295898437500000000 0 0 1 0 8 176 170 178 172 166 174 169 177 
176 2803 0.91674804687500000000 0.03295898437500000000 0 0 1 0 8 219 213 221 175 169 177 170 178 
177 2804 0.91430664062500000000 0.03051757812500000000 0 0 1 0 8 178 176 200 174 172 196 175 199 
178 2805 0.91674804687500000000 0.03051757812500000000 0 0 1 0 8 221 219 243 177 175 199 176 200 
179 2806 0.89965820312500000000 0.02807617187500000000 0 0 1 0 8 180 158 182 128 106 130 157 181 
180 2807 0.90209960937500000000 0.02807617187500000000 0 0 1 0 8 183 161 185 179 157 181 158 182 
181 2808 0.89965820312500000000 0.02563476562500000000 0 0 1 0 8 182 180 188 130 128 136 179 187 
182 2809 0.90209960937500000000 0.02563476562500000000 0 0 1 0 8 185 183 191 181 179 187 180 188 
183 2810 0.90454101562500000000 0.02807617187500000000 0 0 1 0 8 184 162 186 180 158 182 161 185 
184 2811 0.90698242187500000000 0.02807617187500000000 0 0 1 0 8 195 173 197 183 161 185 162 186 
185 2812 0.90454101562500000000 0.02563476562500000000 0 0 1 0 8 186 184 192 182 180 188 183 191 
186 2813 0.90698242187500000000 0.02563476562500000000 0 0 1 0 8 197 195 203 185 183 191 184 192 
187 2814 0.89965820312500000000 0.02319335937500000000 0 0 1 0 8 188 182 190 136 130 138 181 189 
188 2815 0.90209960937500000000 0.02319335937500000000 0 0 1 0 8 191 185 193 187 181 189 182 190 
189 2816 0.89965820312500000000 0.02075195312500000000 0 0 1 0 10 190 188 279 138 136 144 187 275 276 281 
190 2817 0.90209960937500000000 0.02075195312500000000 0 0 1 0 11 193 191 291 189 187 276 188 279 278 280 293 
191 2818 0.90454101562500000000 0.02319335937500000000 0 0 1 0 8 192 186 194 188 182 190 185 193 
192 2819 0.90698242187500000000 0.02319335937500000000 0 0 1 0 8 203 197 205 191 185 193 186 194 
193 2820 0.90454101562500000000 0.02075195312500000000 0 0 1 0 11 194 192 295 190 188 280 191 291 282 292 297 
194 2821 0.90698242187500000000 0.02075195312500000000 0 0 1 0 11 205 203 308 193 191 292 192 295 294 296 310 
195 2822 0.90942382812500000000 0.02807617187500000000 0 0 1 0 8 196 174 198 184 162 186 173 197 
196 2823 0.91186523437500000000 0.02807617187500000000 0 0 1 0 8 199 177 201 195 173 197 174 198 
197 2824 0.90942382812500000000 0.02563476562500000000 0 0 1 0 8 198 196 204 186 184 192 195 203 
198 2825 0.91186523437500000000 0.02563476562500000000 0 0 1 0 8 201 199 207 197 195 203 196 204 
199 2826 0.91430664062500000000 0.02807617187500000000 0 0 1 0 8 200 178 202 196 174 198 177 201 
200 2827 0.91674804687500000000 0.02807617187500000000 0 0 1 0 8 243 221 245 199 177 201 178 202 
201 2828 0.91430664062500000000 0.02563476562500000000 0 0 1 0 8 202 200 208 198 196 204 199 207 
202 2829 0.91674804687500000000 0.02563476562500000000 0 0 1 0 8 245 243 251 201 199 207 200 208 
203 2830 0.90942382812500000000 0.02319335937500000000 0 0 1 0 8 204 198 206 192 186 194 197 205 
204 2831 0.91186523437500000000 0.02319335937500000000 0 0 1 0 8 207 201 209 203 197 205 198 206 
205 2832 0.90942382812500000000 0.02075195312500000000 0 0 1 0 11 206 204 312 194 192 296 203 308 298 309 314 
206 2833 0.91186523437500000000 0.02075195312500000000 0 0 1 0 11 209 207 324 205 203 309 204 312 311 313 326 
207 2834 0.91430664062500000000 0.02319335937500000000 0 0 1 0 8 208 202 210 204 198 206 201 209 
208 2835 0.91674804687500000000 0.02319335937500000000 0 0 1 0 8 251 245 253 207 201 209 202 210 
209 2836 0.91430664062500000000 0.02075195312500000000 0 0 1 0 11 210 208 328 206 204 313 207 324 315 325 330 
210 2837 0.91674804687500000000 0.02075195312500000000 0 0 1 0 11 253 251 344 209 207 325 208 328 327 329 346 
211 2838 0.91918945312500000000 0.03784179687500000000 0 0 1 0 8 212 54 214 168 43 170 55 213 
212 2839 0.92163085937500000000 0.03784179687500000000 0 0 1 0 8 215 55 217 211 54 213 43 214 
213 2840 0.91918945312500000000 0.03540039062500000000 0 0 1 0 8 214 212 220 170 168 176 211 219 
214 2841 0.92163085937500000000 0.03540039062500000000 0 0 1 0 8 217 215 223 213 211 219 212 220 
215 2842 0.92407226562500000000 0.03784179687500000000 0 0 1 0 8 216 55 218 212 54 214 58 217 
216 2843 0.92651367187500000000 0.03784179687500000000 0 0 1 0 8 227 58 229 215 55 217 54 218 
217 2844 0.92407226562500000000 0.03540039062500000000 0 0 1 0 8 218 216 224 214 212 220 215 223 
218 2845 0.92651367187500000000 0.03540039062500000000 0 0 1 0 8 229 227 235 217 215 223 216 224 
219 2846 0.91918945312500000000 0.03295898437500000000 0 0 1 0 8 220 214 222 176 170 178 213 221 
220 2847 0.92163085937500000000 0.03295898437500000000 0 0 1 0 8 223 217 225 219 213 221 214 222 
221 2848 0.91918945312500000000 0.03051757812500000000 0 0 1 0 8 222 220 244 178 176 200 219 243 
222 2849 0.92163085937500000000 0.03051757812500000000 0 0 1 0 8 225 223 247 221 219 243 220 244 
223 2850 0.92407226562500000000 0.03295898437500000000 0 0 1 0 8 224 218 226 220 214 222 217 225 
224 2851 0.92651367187500000000 0.03295898437500000000 0 0 1 0 8 235 229 237 223 217 225 218 226 
225 2852 0.92407226562500000000 0.03051757812500000000 0 0 1 0 8 226 224 248 222 220 244 223 247 
226 2853 0.92651367187500000000 0.03051757812500000000 0 0 1 0 8 237 235 259 225 223 247 224 248 
227 2854 0.92895507812500000000 0.03784179687500000000 0 0 1 0 8 228 58 230 216 55 218 59 229 
228 2855 0.93139648437500000000 0.03784179687500000000 0 0 1 0 8 231 59 233 227 58 229 55 230 
229 2856 0.92895507812500000000 0.03540039062500000000 0 0 1 0 8 230 228 236 218 216 224 227 235 
230 2857 0.93139648437500000000 0.03540039062500000000 0 0 1 0 8 233 231 239 229 227 235 228 236 
231 2858 0.93383789062500000000 0.03784179687500000000 0 0 1 0 8 232 59 234 228 58 230 399 233 
232 2859 0.93627929687500000000 0.03784179687500000000 0 0 1 0 8 402 399 404 231 59 233 58 234 
233 2860 0.93383789062500000000 0.03540039062500000000 0 0 1 0 8 234 232 240 230 228 236 231 239 
234 2861 0.93627929687500000000 0.03540039062500000000 0 0 1 0 8 402 399 404 233 231 239 232 240 
235 2862 0.92895507812500000000 0.03295898437500000000 0 0 1 0 8 236 230 238 224 218 226 229 237 
236 2863 0.93139648437500000000 0.03295898437500000000 0 0 1 0 8 239 233 241 235 229 237 230 238 
237 2864 0.92895507812500000000 0.03051757812500000000 0 0 1 0 8 238 236 260 226 224 248 235 259 
238 2865 0.93139648437500000000 0.03051757812500000000 0 0 1 0 8 241 239 263 237 235 259 236 260 
239 2866 0.93383789062500000000 0.03295898437500000000 0 0 1 0 8 240 234 242 236 230 238 233 241 
240 2867 0.93627929687500000000 0.03295898437500000000 0 0 1 0 8 404 402 410 239 233 241 234 242 
241 2868 0.93383789062500000000 0.03051757812500000000 0 0 1 0 8 242 240 264 238 236 260 239 263 
242 2869 0.93627929687500000000 0.03051757812500000000 0 0 1 0 8 404 402 410 241 239 263 240 264 
243 2870 0.91918945312500000000 0.02807617187500000000 0 0 1 0 8 244 222 246 200 178 202 221 245 
244 2871 0.92163085937500000000 0.02807617187500000000 0 0 1 0 8 247 225 249 243 221 245 222 246 
245 2872 0.91918945312500000000 0.02563476562500000000 0 0 1 0 8 246 244 252 202 200 208 243 251 
246 2873 0.92163085937500000000 0.02563476562500000000 0 0 1 0 8 249 247 255 245 243 251 244 252 
247 2874 0.92407226562500000000 0.02807617187500000000 0 0 1 0 8 248 226 250 244 222 246 225 249 
248 2875 0.92651367187500000000 0.02807617187500000000 0 0 1 0 8 259 237 261 247 225 249 226 250 
249 2876 0.92407226562500000000 0.02563476562500000000 0 0 1 0 8 250 248 256 246 244 252 247 255 
250 2877 0.92651367187500000000 0.02563476562500000000 0 0 1 0 8 261 259 267 249 247 255 248 256 
251 2878 0.91918945312500000000 0.02319335937500000000 0 0 1 0 8 252 246 254 208 202 210 245 253 
252 2879 0.92163085937500000000 0.02319335937500000000 0 0 1 0 8 255 249 257 251 245 253 246 254 
253 2880 0.91918945312500000000 0.02075195312500000000 0 0 1 0 11 254 252 348 210 208 329 251 344 331 345 350 
254 2881 0.92163085937500000000 0.02075195312500000000 0 0 1 0 11 257 255 360 253 251 345 252 348 347 349 362 
255 2882 0.92407226562500000000 0.02319335937500000000 0 0 1 0 8 256 250 258 252 246 254 249 257 
256 2883 0.92651367187500000000 0.02319335937500000000 0 0 1 0 8 267 261 269 255 249 257 250 258 
257 2884 0.92407226562500000000 0.02075195312500000000 0 0 1 0 11 258 256 364 254 252 349 255 360 351 361 366 
258 2885 0.92651367187500000000 0.02075195312500000000 0 0 1 0 10 269 267 380 257 255 361 256 364 363 365 
259 2886 0.92895507812500000000 0.02807617187500000000 0 0 1 0 8 260 238 262 248 226 250 237 261 
260 2887 0.93139648437500000000 0.02807617187500000000 0 0 1 0 8 263 241 265 259 237 261 238 262 
261 2888 0.92895507812500000000 0.02563476562500000000 0 0 1 0 8 262 260 268 250 248 256 259 267 
262 2889 0.93139648437500000000 0.02563476562500000000 0 0 1 0 8 265 263 271 261 259 267 260 268 
263 2890 0.93383789062500000000 0.02807617187500000000 0 0 1 0 8 264 242 266 260 238 262 241 265 
264 2891 0.93627929687500000000 0.02807617187500000000 0 0 1 0 8 410 404 412 263 241 265 242 266 
265 2892 0.93383789062500000000 0.02563476562500000000 0 0 1 0 8 266 264 272 262 260 268 263 271 
266 2893 0.93627929687500000000 0.02563476562500000000 0 0 1 0 8 410 404 412 265 263 271 264 272 
267 2894 0.92895507812500000000 0.02319335937500000000 0 0 1 0 8 268 262 270 256 250 258 261 269 
268 2895 0.93139648437500000000 0.02319335937500000000 0 0 1 0 8 271 265 273 267 261 269 262 270 
269 2896 0.92895507812500000000 0.02075195312500000000 0 0 1 0 9 270 268 381 258 256 365 267 380 367 
270 2897 0.93139648437500000000 0.02075195312500000000 0 0 1 0 8 273 271 384 269 267 380 268 381 
271 2898 0.93383789062500000000 0.02319335937500000000 0 0 1 0 8 272 266 274 268 262 270 265 273 
272 2899 0.93627929687500000000 0.02319335937500000000 0 0 1 0 7 412 410 271 265 273 266 274 
273 2900 0.93383789062500000000 0.02075195312500000000 0 0 1 0 8 274 272 385 270 268 381 271 384 
274 2901 0.93627929687500000000 0.02075195312500000000 0 0 1 0 8 412 410 273 271 384 272 385 415 
275 2902 0.89904785156250000000 0.01892089843750000000 0 0 1 0 8 276 189 278 144 138 146 190 277 
276 2903 0.90026855468750000000 0.01892089843750000000 0 0 1 0 8 279 190 281 275 189 277 138 278 
277 2904 0.89904785156250000000 0.01770019531250000000 0 0 1 0 8 278 276 284 144 138 146 275 283 
278 2905 0.90026855468750000000 0.01770019531250000000 0 0 1 0 8 281 279 287 277 275 283 276 284 
279 2906 0.90148925781250000000 0.01892089843750000000 0 0 1 0 8 280 190 282 276 189 278 193 281 
280 2907 0.90270996093750000000 0.01892089843750000000 0 0 1 0 8 291 193 293 279 190 281 189 282 
281 2908 0.90148925781250000000 0.01770019531250000000 0 0 1 0 8 282 280 288 278 276 284 279 287 
282 2909 0.90270996093750000000 0.01770019531250000000 0 0 1 0 8 293 291 299 281 279 287 280 288 
283 2910 0.89904785156250000000 0.01647949218750000000 0 0 1 0 7 284 278 286 146 144 277 285 
284 2911 0.90026855468750000000 0.01647949218750000000 0 0 1 0 8 287 281 289 283 277 285 278 286 
285 2912 0.89904785156250000000 0.01525878906250000000 0 0 1 0 7 286 284 5 146 144 283 6 
286 2913 0.90026855468750000000 0.01525878906250000000 0 0 1 0 7 289 287 6 285 283 5 284 
287 2914 0.90148925781250000000 0.01647949218750000000 0 0 1 0 8 288 282 290 284 278 286 281 289 
288 2915 0.90270996093750000000 0.01647949218750000000 0 0 1 0 8 299 293 301 287 281 289 282 290 
289 2916 0.90148925781250000000 0.01525878906250000000 0 0 1 0 8 290 288 6 286 284 5 287 7 
290 2917 0.90270996093750000000 0.01525878906250000000 0 0 1 0 8 301 299 7 289 287 6 288 5 
291 2918 0.90393066406250000000 0.01892089843750000000 0 0 1 0 8 292 193 294 280 190 282 194 293 
292 2919 0.90515136718750000000 0.01892089843750000000 0 0 1 0 8 295 194 297 291 193 293 190 294 
293 2920 0.90393066406250000000 0.01770019531250000000 0 0 1 0 8 294 292 300 282 280 288 291 299 
294 2921 0.90515136718750000000 0.01770019531250000000 0 0 1 0 8 297 295 303 293 291 299 292 300 
295 2922 0.90637207031250000000 0.01892089843750000000 0 0 1 0 8 296 194 298 292 193 294 205 297 
296 2923 0.90759277343750000000 0.01892089843750000000 0 0 1 0 8 308 205 310 295 194 297 193 298 
297 2924 0.90637207031250000000 0.01770019531250000000 0 0 1 0 8 298 296 304 294 292 300 295 303 
298 2925 0.90759277343750000000 0.01770019531250000000 0 0 1 0 8 310 308 316 297 295 303 296 304 
299 2926 0.90393066406250000000 0.01647949218750000000 0 0 1 0 8 300 294 302 288 282 290 293 301 
300 2927 0.90515136718750000000 0.01647949218750000000 0 0 1 0 8 303 297 305 299 293 301 294 302 
301 2928 0.90393066406250000000 0.01525878906250000000 0 0 1 0 8 302 300 7 290 288 6 299 307 
302 2929 0.90515136718750000000 0.01525878906250000000 0 0 1 0 8 305 303 307 301 299 7 300 6 
303 2930 0.90637207031250000000 0.01647949218750000000 0 0 1 0 8 304 298 306 300 294 302 297 305 
304 2931 0.90759277343750000000 0.01647949218750000000 0 0 1 0 8 316 310 318 303 297 305 298 306 
305 2932 0.90637207031250000000 0.01525878906250000000 0 0 1 0 8 306 304 307 302 300 7 303 340 
306 2933 0.90759277343750000000 0.01525878906250000000 0 0 1 0 8 318 316 340 305 303 307 304 7 
307 2934 0.90698242187500000000 0.01342773437500000000 0 0 1 0 7 305 306 318 8 302 340 7 
308 2935 0.90881347656250000000 0.01892089843750000000 0 0 1 0 8 309 205 311 296 194 298 206 310 
309 2936 0.91003417968750000000 0.01892089843750000000 0 0 1 0 8 312 206 314 308 205 310 194 311 
310 2937 0.90881347656250000000 0.01770019531250000000 0 0 1 0 8 311 309 317 298 296 304 308 316 
311 2938 0.91003417968750000000 0.01770019531250000000 0 0 1 0 8 314 312 320 310 308 316 309 317 
312 2939 0.91125488281250000000 0.01892089843750000000 0 0 1 0 8 313 206 315 309 205 311 209 314 
313 2940 0.91247558593750000000 0.01892089843750000000 0 0 1 0 8 324 209 326 312 206 314 205 315 
314 2941 0.91125488281250000000 0.01770019531250000000 0 0 1 0 8 315 313 321 311 309 317 312 320 
315 2942 0.91247558593750000000 0.01770019531250000000 0 0 1 0 8 326 324 332 314 312 320 313 321 
316 2943 0.90881347656250000000 0.01647949218750000000 0 0 1 0 8 317 311 319 304 298 306 310 318 
317 2944 0.91003417968750000000 0.01647949218750000000 0 0 1 0 8 320 314 322 316 310 318 311 319 
318 2945 0.90881347656250000000 0.01525878906250000000 0 0 1 0 8 319 317 340 306 304 307 316 341 
319 2946 0.91003417968750000000 0.01525878906250000000 0 0 1 0 8 322 320 341 318 316 340 317 307 
320 2947 0.91125488281250000000 0.01647949218750000000 0 0 1 0 8 321 315 323 317 311 319 314 322 
321 2948 0.91247558593750000000 0.01647949218750000000 0 0 1 0 8 332 326 334 320 314 322 315 323 
322 2949 0.91125488281250000000 0.01525878906250000000 0 0 1 0 8 323 321 341 319 317 340 320 342 
323 2950 0.91247558593750000000 0.01525878906250000000 0 0 1 0 8 334 332 342 322 320 341 321 340 
324 2951 0.91369628906250000000 0.01892089843750000000 0 0 1 0 8 325 209 327 313 206 315 210 326 
325 2952 0.91491699218750000000 0.01892089843750000000 0 0 1 0 8 328 210 330 324 209 326 206 327 
326 2953 0.91369628906250000000 0.01770019531250000000 0 0 1 0 8 327 325 333 315 313 321 324 332 
327 2954 0.91491699218750000000 0.01770019531250000000 0 0 1 0 8 330 328 336 326 324 332 325 333 
328 2955 0.91613769531250000000 0.01892089843750000000 0 0 1 0 8 329 210 331 325 209 327 253 330 
329 2956 0.91735839843750000000 0.01892089843750000000 0 0 1 0 8 344 253 346 328 210 330 209 331 
330 2957 0.91613769531250000000 0.01770019531250000000 0 0 1 0 8 331 329 337 327 325 333 328 336 
331 2958 0.91735839843750000000 0.01770019531250000000 0 0 1 0 8 346 344 352 330 328 336 329 337 
332 2959 0.91369628906250000000 0.01647949218750000000 0 0 1 0 8 333 327 335 321 315 323 326 334 
333 2960 0.91491699218750000000 0.01647949218750000000 0 0 1 0 8 336 330 338 332 326 334 327 335 
334 2961 0.91369628906250000000 0.01525878906250000000 0 0 1 0 8 335 333 342 323 321 341 332 343 
335 2962 0.91491699218750000000 0.01525878906250000000 0 0 1 0 8 338 336 343 334 332 342 333 341 
336 2963 0.91613769531250000000 0.01647949218750000000 0 0 1 0 8 337 331 339 333 327 335 330 338 
337 2964 0.91735839843750000000 0.01647949218750000000 0 0 1 0 8 352 346 354 336 330 338 331 339 
338 2965 0.91613769531250000000 0.01525878906250000000 0 0 1 0 8 339 337 343 335 333 342 336 376 
339 2966 0.91735839843750000000 0.01525878906250000000 0 0 1 0 8 354 352 376 338 336 343 337 342 
340 2967 0.90942382812500000000 0.01342773437500000000 0 0 1 0 7 341 322 8 307 306 319 318 
341 2968 0.91186523437500000000 0.01342773437500000000 0 0 1 0 7 342 334 340 319 323 322 8 
342 2969 0.91430664062500000000 0.01342773437500000000 0 0 1 0 8 343 338 9 341 323 8 335 334 
343 2970 0.91674804687500000000 0.01342773437500000000 0 0 1 0 8 376 354 10 342 335 339 338 9 
344 2971 0.91857910156250000000 0.01892089843750000000 0 0 1 0 8 345 253 347 329 210 331 254 346 
345 2972 0.91979980468750000000 0.01892089843750000000 0 0 1 0 8 348 254 350 344 253 346 210 347 
346 2973 0.91857910156250000000 0.01770019531250000000 0 0 1 0 8 347 345 353 331 329 337 344 352 
347 2974 0.91979980468750000000 0.01770019531250000000 0 0 1 0 8 350 348 356 346 344 352 345 353 
348 2975 0.92102050781250000000 0.01892089843750000000 0 0 1 0 8 349 254 351 345 253 347 257 350 
349 2976 0.92224121093750000000 0.01892089843750000000 0 0 1 0 8 360 257 362 348 254 350 253 351 
350 2977 0.92102050781250000000 0.01770019531250000000 0 0 1 0 8 351 349 357 347 345 353 348 356 
351 2978 0.92224121093750000000 0.01770019531250000000 0 0 1 0 8 362 360 368 350 348 356 349 357 
352 2979 0.91857910156250000000 0.01647949218750000000 0 0 1 0 8 353 347 355 337 331 339 346 354 
353 2980 0.91979980468750000000 0.01647949218750000000 0 0 1 0 8 356 350 358 352 346 354 347 355 
354 2981 0.91857910156250000000 0.01525878906250000000 0 0 1 0 8 355 353 376 339 337 343 352 377 
355 2982 0.91979980468750000000 0.01525878906250000000 0 0 1 0 8 358 356 377 354 352 376 353 343 
356 2983 0.92102050781250000000 0.01647949218750000000 0 0 1 0 8 357 351 359 353 347 355 350 358 
357 2984 0.92224121093750000000 0.01647949218750000000 0 0 1 0 8 368 362 370 356 350 358 351 359 
358 2985 0.92102050781250000000 0.01525878906250000000 0 0 1 0 8 359 357 377 355 353 376 356 378 
359 2986 0.92224121093750000000 0.01525878906250000000 0 0 1 0 8 370 368 378 358 356 377 357 376 
360 2987 0.92346191406250000000 0.01892089843750000000 0 0 1 0 8 361 257 363 349 254 351 258 362 
361 2988 0.92468261718750000000 0.01892089843750000000 0 0 1 0 8 364 258 366 360 257 362 254 363 
362 2989 0.92346191406250000000 0.01770019531250000000 0 0 1 0 8 363 361 369 351 349 357 360 368 
363 2990 0.92468261718750000000 0.01770019531250000000 0 0 1 0 8 366 364 372 362 360 368 361 369 
364 2991 0.92590332031250000000 0.01892089843750000000 0 0 1 0 8 365 258 367 361 257 363 269 366 
365 2992 0.92712402343750000000 0.01892089843750000000 0 0 1 0 8 380 269 382 364 258 366 257 367 
366 2993 0.92590332031250000000 0.01770019531250000000 0 0 1 0 8 367 365 373 363 361 369 364 372 
367 2994 0.92712402343750000000 0.01770019531250000000 0 0 1 0 8 380 269 382 366 364 372 365 373 
368 2995 0.92346191406250000000 0.01647949218750000000 0 0 1 0 8 369 363 371 357 351 359 362 370 
369 2996 0.92468261718750000000 0.01647949218750000000 0 0 1 0 8 372 366 374 368 362 370 363 371 
370 2997 0.92346191406250000000 0.01525878906250000000 0 0 1 0 8 371 369 378 359 357 377 368 379 
371 2998 0.92468261718750000000 0.01525878906250000000 0 0 1 0 8 374 372 379 370 368 378 369 377 
372 2999 0.92590332031250000000 0.01647949218750000000 0 0 1 0 8 373 367 375 369 363 371 366 374 
373 3000 0.92712402343750000000 0.01647949218750000000 0 0 1 0 8 382 380 388 372 366 374 367 375 
374 3001 0.92590332031250000000 0.01525878906250000000 0 0 1 0 8 375 373 379 371 369 378 372 388 
375 3002 0.92712402343750000000 0.01525878906250000000 0 0 1 0 8 382 380 388 374 372 379 373 378 
376 3003 0.91918945312500000000 0.01342773437500000000 0 0 1 0 9 377 358 11 343 339 9 355 354 10 
377 3004 0.92163085937500000000 0.01342773437500000000 0 0 1 0 9 378 370 12 376 355 10 359 358 11 
378 3005 0.92407226562500000000 0.01342773437500000000 0 0 1 0 9 379 374 13 377 359 11 371 370 12 
379 3006 0.92651367187500000000 0.01342773437500000000 0 0 1 0 9 388 382 390 378 371 12 375 374 13 
380 3007 0.92895507812500000000 0.01831054687500000000 0 0 1 0 10 381 270 383 365 258 367 373 269 382 375 
381 3008 0.93139648437500000000 0.01831054687500000000 0 0 1 0 8 384 273 386 380 269 382 270 383 
382 3009 0.92895507812500000000 0.01586914062500000000 0 0 1 0 9 383 381 389 373 367 375 379 380 388 
383 3010 0.93139648437500000000 0.01586914062500000000 0 0 1 0 8 386 384 392 382 380 388 381 389 
384 3011 0.93383789062500000000 0.01831054687500000000 0 0 1 0 8 385 274 387 381 270 383 273 386 
385 3012 0.93627929687500000000 0.01831054687500000000 0 0 1 0 8 415 412 417 384 273 386 274 387 
386 3013 0.93383789062500000000 0.01586914062500000000 0 0 1 0 8 387 385 393 383 381 389 384 392 
387 3014 0.93627929687500000000 0.01586914062500000000 0 0 1 0 8 417 415 422 386 384 392 385 393 
388 3015 0.92895507812500000000 0.01342773437500000000 0 0 1 0 8 389 383 391 379 375 13 382 390 
389 3016 0.93139648437500000000 0.01342773437500000000 0 0 1 0 8 392 386 394 388 382 390 383 391 
390 3017 0.92895507812500000000 0.01098632812500000000 0 0 1 0 7 391 389 15 13 379 388 14 
391 3018 0.93139648437500000000 0.01098632812500000000 0 0 1 0 8 394 392 16 390 388 14 389 15 
392 3019 0.93383789062500000000 0.01342773437500000000 0 0 1 0 8 393 387 395 389 383 391 386 394 
393 3020 0.93627929687500000000 0.01342773437500000000 0 0 1 0 8 422 417 424 392 386 394 387 395 
394 3021 0.93383789062500000000 0.01098632812500000000 0 0 1 0 8 395 393 16 391 389 15 392 17 
395 3022 0.93627929687500000000 0.01098632812500000000 0 0 1 0 7 424 422 17 394 392 16 393 
396 3023 0.93994140625000000000 0.05126953125000000000 0 0 1 0 8 464 463 398 51 49 57 462 397 
397 3024 0.93994140625000000000 0.04638671875000000000 0 0 1 0 8 398 464 400 57 51 59 396 399 
398 3025 0.94482421875000000000 0.04638671875000000000 0 0 1 0 8 466 465 401 397 396 399 464 400 
399 3026 0.93994140625000000000 0.04150390625000000000 0 0 1 0 9 400 398 403 59 57 232 397 402 234 
400 3027 0.94482421875000000000 0.04150390625000000000 0 0 1 0 8 401 466 406 399 397 402 398 403 
401 3028 0.94970703125000000000 0.04150390625000000000 0 0 1 0 8 468 467 407 400 398 403 466 406 
402 3029 0.93994140625000000000 0.03662109375000000000 0 0 1 0 10 403 400 405 232 59 234 240 399 404 242 
403 3030 0.94482421875000000000 0.03662109375000000000 0 0 1 0 8 406 401 408 402 399 404 400 405 
404 3031 0.93994140625000000000 0.03173828125000000000 0 0 1 0 10 405 403 411 240 234 242 264 402 410 266 
405 3032 0.94482421875000000000 0.03173828125000000000 0 0 1 0 8 408 406 414 404 402 410 403 411 
406 3033 0.94970703125000000000 0.03662109375000000000 0 0 1 0 8 407 468 409 403 400 405 401 408 
407 3034 0.95458984375000000000 0.03662109375000000000 0 0 1 0 8 473 469 474 406 401 408 468 409 
408 3035 0.94970703125000000000 0.03173828125000000000 0 0 1 0 8 409 407 470 405 403 411 406 414 
409 3036 0.95458984375000000000 0.03173828125000000000 0 0 1 0 8 474 473 475 408 406 414 407 470 
410 3037 0.93994140625000000000 0.02685546875000000000 0 0 1 0 10 411 405 413 264 242 266 272 404 412 274 
411 3038 0.94482421875000000000 0.02685546875000000000 0 0 1 0 8 414 408 471 410 404 412 405 413 
412 3039 0.93994140625000000000 0.02197265625000000000 0 0 1 0 12 413 411 419 272 266 274 385 410 415 387 416 421 
413 3040 0.94482421875000000000 0.02197265625000000000 0 0 1 0 11 471 414 479 412 410 416 411 419 418 420 480 
414 3041 0.94970703125000000000 0.02685546875000000000 0 0 1 0 8 470 409 472 411 405 413 408 471 
415 3042 0.93872070312500000000 0.01831054687500000000 0 0 1 0 8 416 412 418 385 274 387 413 417 
416 3043 0.94116210937500000000 0.01831054687500000000 0 0 1 0 7 419 413 421 415 412 417 418 
417 3044 0.93872070312500000000 0.01586914062500000000 0 0 1 0 8 418 416 423 387 385 393 415 422 
418 3045 0.94116210937500000000 0.01586914062500000000 0 0 1 0 8 421 419 426 417 415 422 416 423 
419 3046 0.94360351562500000000 0.01831054687500000000 0 0 1 0 8 420 413 476 416 412 418 471 421 
420 3047 0.94604492187500000000 0.01831054687500000000 0 0 1 0 8 479 471 480 419 413 421 412 476 
421 3048 0.94360351562500000000 0.01586914062500000000 0 0 1 0 8 476 420 477 418 416 423 419 426 
422 3049 0.93872070312500000000 0.01342773437500000000 0 0 1 0 8 423 418 425 393 387 395 417 424 
423 3050 0.94116210937500000000 0.01342773437500000000 0 0 1 0 8 426 421 427 422 417 424 418 425 
424 3051 0.93872070312500000000 0.01098632812500000000 0 0 1 0 8 425 423 17 395 393 16 422 430 
425 3052 0.94116210937500000000 0.01098632812500000000 0 0 1 0 8 427 426 430 424 422 17 423 16 
426 3053 0.94360351562500000000 0.01342773437500000000 0 0 1 0 8 477 476 478 423 418 425 421 427 
427 3054 0.94360351562500000000 0.01098632812500000000 0 0 1 0 8 478 477 430 425 423 17 426 431 
