494 443 51
1 1317 0.20888546999999998977 0.05744070500000000162 444 2 0 1 7 218 444 2 171 173 174 175 
2 1318 0.21689770999999999357 0.05781861499999999682 1 3 0 1 6 222 175 219 218 1 3 
3 1319 0.22501841999999999677 0.05815748999999999919 2 4 0 1 7 220 221 223 2 4 234 235 
4 1320 0.22913127628604124109 0.05831278147097251896 3 5 0 1 7 3 5 234 235 236 238 239 
5 1321 0.23324448000000000403 0.05845741599999999816 4 6 0 1 8 4 231 6 235 237 238 239 274 
6 1322 0.24157273000000001328 0.05871852300000000163 5 7 0 1 7 277 275 274 272 273 5 7 
7 1323 0.25000000000000000000 0.05894098899999999919 6 8 0 1 6 310 277 275 276 6 8 
8 1324 0.25852304999999997648 0.05912503599999999887 7 9 0 1 6 312 311 276 310 7 9 
9 1325 0.26713860999999999857 0.05927092700000000103 8 10 0 1 7 315 314 312 311 313 8 10 
10 1326 0.27584338000000002689 0.05937897100000000261 9 11 0 1 7 350 349 315 314 348 9 11 
11 1327 0.28463403999999997707 0.05944951799999999981 10 12 0 1 8 359 357 350 349 354 353 10 12 
12 1328 0.28907062964177487885 0.05947088791335763264 11 13 0 1 6 350 354 359 360 11 13 
13 1329 0.29128892774012526967 0.05947807328175780395 12 14 0 1 7 350 357 359 360 425 12 14 
14 1330 0.29350721000000001837 0.05948295599999999655 13 15 0 1 7 350 358 360 425 426 13 15 
15 1331 0.29574527757588320309 0.05948557175105050054 14 16 0 1 7 360 425 426 427 14 16 404 
16 1332 0.29798336901526017995 0.05948588895044008146 15 17 0 1 7 408 360 426 427 428 15 17 
17 1333 0.30245948000000000278 0.05947971600000000192 16 18 0 1 7 427 428 431 16 18 437 438 
18 1334 0.30471648355992581036 0.05947320571285182739 17 19 0 1 7 437 443 428 432 17 19 438 
19 1335 0.30697350202763179494 0.05946444632133320030 18 20 0 1 6 443 438 435 18 437 20 
20 1336 0.31148744000000000431 0.05944026599999999855 19 445 0 1 8 443 442 438 432 436 435 19 445 
21 1337 0.22949218750000000000 0.12207031250000000000 0 0 1 0 11 68 462 71 449 447 25 448 28 27 29 73 
22 1338 0.21240234375000000000 0.10498046875000000000 0 0 1 0 8 32 26 34 456 451 23 452 24 
23 1339 0.20751953125000000000 0.10009765625000000000 0 0 1 0 8 24 22 43 455 453 40 456 42 
24 1340 0.21240234375000000000 0.10009765625000000000 0 0 1 0 8 34 32 52 23 456 42 22 43 
25 1341 0.22216796875000000000 0.11474609375000000000 0 0 1 0 8 28 21 30 457 449 26 446 27 
26 1342 0.21728515625000000000 0.10986328125000000000 0 0 1 0 8 27 25 33 452 450 22 457 32 
27 1343 0.22216796875000000000 0.10986328125000000000 0 0 1 0 8 30 28 36 26 457 32 25 33 
28 1344 0.22705078125000000000 0.11474609375000000000 0 0 1 0 8 29 21 31 25 449 27 68 30 
29 1345 0.23193359375000000000 0.11474609375000000000 0 0 1 0 8 71 68 73 28 21 30 449 31 
30 1346 0.22705078125000000000 0.10986328125000000000 0 0 1 0 8 31 29 37 27 25 33 28 36 
31 1347 0.23193359375000000000 0.10986328125000000000 0 0 1 0 8 73 71 79 30 28 36 29 37 
32 1348 0.21728515625000000000 0.10498046875000000000 0 0 1 0 8 33 27 35 22 452 24 26 34 
33 1349 0.22216796875000000000 0.10498046875000000000 0 0 1 0 8 36 30 38 32 26 34 27 35 
34 1350 0.21728515625000000000 0.10009765625000000000 0 0 1 0 8 35 33 53 24 22 43 32 52 
35 1351 0.22216796875000000000 0.10009765625000000000 0 0 1 0 8 38 36 56 34 32 52 33 53 
36 1352 0.22705078125000000000 0.10498046875000000000 0 0 1 0 8 37 31 39 33 27 35 30 38 
37 1353 0.23193359375000000000 0.10498046875000000000 0 0 1 0 8 79 73 81 36 30 38 31 39 
38 1354 0.22705078125000000000 0.10009765625000000000 0 0 1 0 8 39 37 57 35 33 53 36 56 
39 1355 0.23193359375000000000 0.10009765625000000000 0 0 1 0 8 81 79 103 38 36 56 37 57 
40 1356 0.20263671875000000000 0.09521484375000000000 0 0 1 0 8 42 23 44 458 454 459 455 41 
41 1357 0.20263671875000000000 0.09033203125000000000 0 0 1 0 8 44 42 48 459 458 460 40 46 
42 1358 0.20751953125000000000 0.09521484375000000000 0 0 1 0 8 43 24 45 40 455 41 23 44 
43 1359 0.21240234375000000000 0.09521484375000000000 0 0 1 0 8 52 34 54 42 23 44 24 45 
44 1360 0.20751953125000000000 0.09033203125000000000 0 0 1 0 8 45 43 49 41 40 46 42 48 
45 1361 0.21240234375000000000 0.09033203125000000000 0 0 1 0 8 54 52 60 44 42 48 43 49 
46 1362 0.20263671875000000000 0.08544921875000000000 0 0 1 0 8 48 44 50 460 459 461 41 47 
47 1363 0.20263671875000000000 0.08056640625000000000 0 0 1 0 8 50 48 166 461 460 482 46 164 
48 1364 0.20751953125000000000 0.08544921875000000000 0 0 1 0 8 49 45 51 46 41 47 44 50 
49 1365 0.21240234375000000000 0.08544921875000000000 0 0 1 0 8 60 54 62 48 44 50 45 51 
50 1366 0.20751953125000000000 0.08056640625000000000 0 0 1 0 8 51 49 167 47 46 164 48 166 
51 1367 0.21240234375000000000 0.08056640625000000000 0 0 1 0 9 62 60 176 50 48 166 49 167 178 
52 1368 0.21728515625000000000 0.09521484375000000000 0 0 1 0 8 53 35 55 43 24 45 34 54 
53 1369 0.22216796875000000000 0.09521484375000000000 0 0 1 0 8 56 38 58 52 34 54 35 55 
54 1370 0.21728515625000000000 0.09033203125000000000 0 0 1 0 8 55 53 61 45 43 49 52 60 
55 1371 0.22216796875000000000 0.09033203125000000000 0 0 1 0 8 58 56 64 54 52 60 53 61 
56 1372 0.22705078125000000000 0.09521484375000000000 0 0 1 0 8 57 39 59 53 35 55 38 58 
57 1373 0.23193359375000000000 0.09521484375000000000 0 0 1 0 8 103 81 105 56 38 58 39 59 
58 1374 0.22705078125000000000 0.09033203125000000000 0 0 1 0 8 59 57 65 55 53 61 56 64 
59 1375 0.23193359375000000000 0.09033203125000000000 0 0 1 0 8 105 103 111 58 56 64 57 65 
60 1376 0.21728515625000000000 0.08544921875000000000 0 0 1 0 8 61 55 63 49 45 51 54 62 
61 1377 0.22216796875000000000 0.08544921875000000000 0 0 1 0 8 64 58 66 60 54 62 55 63 
62 1378 0.21728515625000000000 0.08056640625000000000 0 0 1 0 10 63 61 180 51 49 167 60 176 177 182 
63 1379 0.22216796875000000000 0.08056640625000000000 0 0 1 0 11 66 64 192 62 60 177 61 180 179 181 194 
64 1380 0.22705078125000000000 0.08544921875000000000 0 0 1 0 8 65 59 67 61 55 63 58 66 
65 1381 0.23193359375000000000 0.08544921875000000000 0 0 1 0 8 111 105 113 64 58 66 59 67 
66 1382 0.22705078125000000000 0.08056640625000000000 0 0 1 0 11 67 65 196 63 61 181 64 192 183 193 198 
67 1383 0.23193359375000000000 0.08056640625000000000 0 0 1 0 11 113 111 240 66 64 193 65 196 195 197 242 
68 1384 0.23925781250000000000 0.12207031250000000000 0 0 1 0 11 69 463 75 21 448 29 462 71 31 72 77 
69 1385 0.24902343750000000000 0.12207031250000000000 0 0 1 0 11 70 464 87 68 462 72 463 75 74 76 89 
70 1386 0.25878906250000000000 0.12207031250000000000 0 0 1 0 11 466 465 91 69 463 76 464 87 78 88 93 
71 1387 0.23681640625000000000 0.11474609375000000000 0 0 1 0 8 72 68 74 29 21 31 69 73 
72 1388 0.24169921875000000000 0.11474609375000000000 0 0 1 0 8 75 69 77 71 68 73 21 74 
73 1389 0.23681640625000000000 0.10986328125000000000 0 0 1 0 8 74 72 80 31 29 37 71 79 
74 1390 0.24169921875000000000 0.10986328125000000000 0 0 1 0 8 77 75 83 73 71 79 72 80 
75 1391 0.24658203125000000000 0.11474609375000000000 0 0 1 0 8 76 69 78 72 68 74 70 77 
76 1392 0.25146484375000000000 0.11474609375000000000 0 0 1 0 8 87 70 89 75 69 77 68 78 
77 1393 0.24658203125000000000 0.10986328125000000000 0 0 1 0 8 78 76 84 74 72 80 75 83 
78 1394 0.25146484375000000000 0.10986328125000000000 0 0 1 0 8 89 87 95 77 75 83 76 84 
79 1395 0.23681640625000000000 0.10498046875000000000 0 0 1 0 8 80 74 82 37 31 39 73 81 
80 1396 0.24169921875000000000 0.10498046875000000000 0 0 1 0 8 83 77 85 79 73 81 74 82 
81 1397 0.23681640625000000000 0.10009765625000000000 0 0 1 0 8 82 80 104 39 37 57 79 103 
82 1398 0.24169921875000000000 0.10009765625000000000 0 0 1 0 8 85 83 107 81 79 103 80 104 
83 1399 0.24658203125000000000 0.10498046875000000000 0 0 1 0 8 84 78 86 80 74 82 77 85 
84 1400 0.25146484375000000000 0.10498046875000000000 0 0 1 0 8 95 89 97 83 77 85 78 86 
85 1401 0.24658203125000000000 0.10009765625000000000 0 0 1 0 8 86 84 108 82 80 104 83 107 
86 1402 0.25146484375000000000 0.10009765625000000000 0 0 1 0 8 97 95 119 85 83 107 84 108 
87 1403 0.25634765625000000000 0.11474609375000000000 0 0 1 0 8 88 70 90 76 69 78 466 89 
88 1404 0.26123046875000000000 0.11474609375000000000 0 0 1 0 8 91 466 93 87 70 89 69 90 
89 1405 0.25634765625000000000 0.10986328125000000000 0 0 1 0 8 90 88 96 78 76 84 87 95 
90 1406 0.26123046875000000000 0.10986328125000000000 0 0 1 0 8 93 91 99 89 87 95 88 96 
91 1407 0.26611328125000000000 0.11474609375000000000 0 0 1 0 8 92 466 94 88 70 90 467 93 
92 1408 0.27099609375000000000 0.11474609375000000000 0 0 1 0 8 468 467 469 91 466 93 70 94 
93 1409 0.26611328125000000000 0.10986328125000000000 0 0 1 0 8 94 92 100 90 88 96 91 99 
94 1410 0.27099609375000000000 0.10986328125000000000 0 0 1 0 8 469 468 135 93 91 99 92 100 
95 1411 0.25634765625000000000 0.10498046875000000000 0 0 1 0 8 96 90 98 84 78 86 89 97 
96 1412 0.26123046875000000000 0.10498046875000000000 0 0 1 0 8 99 93 101 95 89 97 90 98 
97 1413 0.25634765625000000000 0.10009765625000000000 0 0 1 0 8 98 96 120 86 84 108 95 119 
98 1414 0.26123046875000000000 0.10009765625000000000 0 0 1 0 8 101 99 123 97 95 119 96 120 
99 1415 0.26611328125000000000 0.10498046875000000000 0 0 1 0 8 100 94 102 96 90 98 93 101 
100 1416 0.27099609375000000000 0.10498046875000000000 0 0 1 0 8 135 469 136 99 93 101 94 102 
101 1417 0.26611328125000000000 0.10009765625000000000 0 0 1 0 8 102 100 124 98 96 120 99 123 
102 1418 0.27099609375000000000 0.10009765625000000000 0 0 1 0 8 136 135 138 101 99 123 100 124 
103 1419 0.23681640625000000000 0.09521484375000000000 0 0 1 0 8 104 82 106 57 39 59 81 105 
104 1420 0.24169921875000000000 0.09521484375000000000 0 0 1 0 8 107 85 109 103 81 105 82 106 
105 1421 0.23681640625000000000 0.09033203125000000000 0 0 1 0 8 106 104 112 59 57 65 103 111 
106 1422 0.24169921875000000000 0.09033203125000000000 0 0 1 0 8 109 107 115 105 103 111 104 112 
107 1423 0.24658203125000000000 0.09521484375000000000 0 0 1 0 8 108 86 110 104 82 106 85 109 
108 1424 0.25146484375000000000 0.09521484375000000000 0 0 1 0 8 119 97 121 107 85 109 86 110 
109 1425 0.24658203125000000000 0.09033203125000000000 0 0 1 0 8 110 108 116 106 104 112 107 115 
110 1426 0.25146484375000000000 0.09033203125000000000 0 0 1 0 8 121 119 127 109 107 115 108 116 
111 1427 0.23681640625000000000 0.08544921875000000000 0 0 1 0 8 112 106 114 65 59 67 105 113 
112 1428 0.24169921875000000000 0.08544921875000000000 0 0 1 0 8 115 109 117 111 105 113 106 114 
113 1429 0.23681640625000000000 0.08056640625000000000 0 0 1 0 11 114 112 244 67 65 197 111 240 199 241 246 
114 1430 0.24169921875000000000 0.08056640625000000000 0 0 1 0 11 117 115 256 113 111 241 112 244 243 245 258 
115 1431 0.24658203125000000000 0.08544921875000000000 0 0 1 0 8 116 110 118 112 106 114 109 117 
116 1432 0.25146484375000000000 0.08544921875000000000 0 0 1 0 8 127 121 129 115 109 117 110 118 
117 1433 0.24658203125000000000 0.08056640625000000000 0 0 1 0 11 118 116 260 114 112 245 115 256 247 257 262 
118 1434 0.25146484375000000000 0.08056640625000000000 0 0 1 0 11 129 127 278 117 115 257 116 260 259 261 280 
119 1435 0.25634765625000000000 0.09521484375000000000 0 0 1 0 8 120 98 122 108 86 110 97 121 
120 1436 0.26123046875000000000 0.09521484375000000000 0 0 1 0 8 123 101 125 119 97 121 98 122 
121 1437 0.25634765625000000000 0.09033203125000000000 0 0 1 0 8 122 120 128 110 108 116 119 127 
122 1438 0.26123046875000000000 0.09033203125000000000 0 0 1 0 8 125 123 131 121 119 127 120 128 
123 1439 0.26611328125000000000 0.09521484375000000000 0 0 1 0 8 124 102 126 120 98 122 101 125 
124 1440 0.27099609375000000000 0.09521484375000000000 0 0 1 0 8 138 136 140 123 101 125 102 126 
125 1441 0.26611328125000000000 0.09033203125000000000 0 0 1 0 8 126 124 132 122 120 128 123 131 
126 1442 0.27099609375000000000 0.09033203125000000000 0 0 1 0 8 140 138 146 125 123 131 124 132 
127 1443 0.25634765625000000000 0.08544921875000000000 0 0 1 0 8 128 122 130 116 110 118 121 129 
128 1444 0.26123046875000000000 0.08544921875000000000 0 0 1 0 8 131 125 133 127 121 129 122 130 
129 1445 0.25634765625000000000 0.08056640625000000000 0 0 1 0 11 130 128 282 118 116 261 127 278 263 279 284 
130 1446 0.26123046875000000000 0.08056640625000000000 0 0 1 0 11 133 131 294 129 127 279 128 282 281 283 296 
131 1447 0.26611328125000000000 0.08544921875000000000 0 0 1 0 8 132 126 134 128 122 130 125 133 
132 1448 0.27099609375000000000 0.08544921875000000000 0 0 1 0 8 146 140 148 131 125 133 126 134 
133 1449 0.26611328125000000000 0.08056640625000000000 0 0 1 0 11 134 132 298 130 128 283 131 294 285 295 300 
134 1450 0.27099609375000000000 0.08056640625000000000 0 0 1 0 11 148 146 316 133 131 295 132 298 297 299 318 
135 1451 0.27587890625000000000 0.10498046875000000000 0 0 1 0 8 471 470 137 100 94 102 469 136 
136 1452 0.27587890625000000000 0.10009765625000000000 0 0 1 0 8 137 471 139 102 100 124 135 138 
137 1453 0.28076171875000000000 0.10009765625000000000 0 0 1 0 8 473 472 142 136 135 138 471 139 
138 1454 0.27587890625000000000 0.09521484375000000000 0 0 1 0 8 139 137 141 124 102 126 136 140 
139 1455 0.28076171875000000000 0.09521484375000000000 0 0 1 0 8 142 473 144 138 136 140 137 141 
140 1456 0.27587890625000000000 0.09033203125000000000 0 0 1 0 8 141 139 147 126 124 132 138 146 
141 1457 0.28076171875000000000 0.09033203125000000000 0 0 1 0 8 144 142 150 140 138 146 139 147 
142 1458 0.28564453125000000000 0.09521484375000000000 0 0 1 0 8 143 474 145 139 137 141 473 144 
143 1459 0.29052734375000000000 0.09521484375000000000 0 0 1 0 8 154 475 155 142 473 144 474 145 
144 1460 0.28564453125000000000 0.09033203125000000000 0 0 1 0 8 145 143 151 141 139 147 142 150 
145 1461 0.29052734375000000000 0.09033203125000000000 0 0 1 0 8 155 154 157 144 142 150 143 151 
146 1462 0.27587890625000000000 0.08544921875000000000 0 0 1 0 8 147 141 149 132 126 134 140 148 
147 1463 0.28076171875000000000 0.08544921875000000000 0 0 1 0 8 150 144 152 146 140 148 141 149 
148 1464 0.27587890625000000000 0.08056640625000000000 0 0 1 0 11 149 147 320 134 132 299 146 316 301 317 322 
149 1465 0.28076171875000000000 0.08056640625000000000 0 0 1 0 11 152 150 332 148 146 317 147 320 319 321 334 
150 1466 0.28564453125000000000 0.08544921875000000000 0 0 1 0 8 151 145 153 147 141 149 144 152 
151 1467 0.29052734375000000000 0.08544921875000000000 0 0 1 0 8 157 155 159 150 144 152 145 153 
152 1468 0.28564453125000000000 0.08056640625000000000 0 0 1 0 11 153 151 336 149 147 321 150 332 323 333 338 
153 1469 0.29052734375000000000 0.08056640625000000000 0 0 1 0 11 159 157 361 152 150 333 151 336 335 337 363 
154 1470 0.29541015625000000000 0.09521484375000000000 0 0 1 0 8 477 476 156 143 474 145 475 155 
155 1471 0.29541015625000000000 0.09033203125000000000 0 0 1 0 8 156 477 158 145 143 151 154 157 
156 1472 0.30029296875000000000 0.09033203125000000000 0 0 1 0 8 479 478 161 155 154 157 477 158 
157 1473 0.29541015625000000000 0.08544921875000000000 0 0 1 0 8 158 156 160 151 145 153 155 159 
158 1474 0.30029296875000000000 0.08544921875000000000 0 0 1 0 8 161 479 162 157 155 159 156 160 
159 1475 0.29541015625000000000 0.08056640625000000000 0 0 1 0 11 160 158 365 153 151 337 157 361 339 362 367 
160 1476 0.30029296875000000000 0.08056640625000000000 0 0 1 0 11 162 161 377 159 157 362 158 365 364 366 379 
161 1477 0.30517578125000000000 0.08544921875000000000 0 0 1 0 8 481 480 163 158 156 160 479 162 
162 1478 0.30517578125000000000 0.08056640625000000000 0 0 1 0 11 163 481 381 160 158 366 161 377 368 378 383 
163 1479 0.31005859375000000000 0.08056640625000000000 0 0 1 0 11 487 486 488 162 161 378 481 381 380 382 439 
164 1480 0.20263671875000000000 0.07568359375000000000 0 0 1 0 8 166 50 168 482 461 483 47 165 
165 1481 0.20263671875000000000 0.07080078125000000000 0 0 1 0 8 168 166 172 483 482 484 164 170 
166 1482 0.20751953125000000000 0.07568359375000000000 0 0 1 0 8 167 51 169 164 47 165 50 168 
167 1483 0.21240234375000000000 0.07568359375000000000 0 0 1 0 10 176 62 178 184 166 50 168 51 169 186 
168 1484 0.20751953125000000000 0.07080078125000000000 0 0 1 0 8 169 167 173 165 164 170 166 172 
169 1485 0.21240234375000000000 0.07080078125000000000 0 0 1 0 10 184 178 186 208 168 166 172 167 173 210 
170 1486 0.20263671875000000000 0.06591796875000000000 0 0 1 0 8 172 168 174 484 483 485 165 171 
171 1487 0.20263671875000000000 0.06103515625000000000 0 0 1 0 7 174 172 1 485 484 170 444 
172 1488 0.20751953125000000000 0.06591796875000000000 0 0 1 0 8 173 169 175 170 165 171 168 174 
173 1489 0.21240234375000000000 0.06591796875000000000 0 0 1 0 10 208 186 210 216 172 168 174 169 175 218 
174 1490 0.20751953125000000000 0.06103515625000000000 0 0 1 0 7 175 173 171 170 444 172 1 
175 1491 0.21240234375000000000 0.06103515625000000000 0 0 1 0 8 216 210 218 2 174 172 1 173 
176 1492 0.21606445312500000000 0.07690429687500000000 0 0 1 0 8 177 62 179 167 51 169 63 178 
177 1493 0.21850585937500000000 0.07690429687500000000 0 0 1 0 8 180 63 182 176 62 178 51 179 
178 1494 0.21606445312500000000 0.07446289062500000000 0 0 1 0 8 179 177 185 167 51 169 176 184 
179 1495 0.21850585937500000000 0.07446289062500000000 0 0 1 0 8 182 180 188 178 176 184 177 185 
180 1496 0.22094726562500000000 0.07690429687500000000 0 0 1 0 8 181 63 183 177 62 179 66 182 
181 1497 0.22338867187500000000 0.07690429687500000000 0 0 1 0 8 192 66 194 180 63 182 62 183 
182 1498 0.22094726562500000000 0.07446289062500000000 0 0 1 0 8 183 181 189 179 177 185 180 188 
183 1499 0.22338867187500000000 0.07446289062500000000 0 0 1 0 8 194 192 200 182 180 188 181 189 
184 1500 0.21606445312500000000 0.07202148437500000000 0 0 1 0 8 185 179 187 169 167 173 178 186 
185 1501 0.21850585937500000000 0.07202148437500000000 0 0 1 0 8 188 182 190 184 178 186 179 187 
186 1502 0.21606445312500000000 0.06958007812500000000 0 0 1 0 8 187 185 209 169 167 173 184 208 
187 1503 0.21850585937500000000 0.06958007812500000000 0 0 1 0 8 190 188 212 186 184 208 185 209 
188 1504 0.22094726562500000000 0.07202148437500000000 0 0 1 0 8 189 183 191 185 179 187 182 190 
189 1505 0.22338867187500000000 0.07202148437500000000 0 0 1 0 8 200 194 202 188 182 190 183 191 
190 1506 0.22094726562500000000 0.06958007812500000000 0 0 1 0 8 191 189 213 187 185 209 188 212 
191 1507 0.22338867187500000000 0.06958007812500000000 0 0 1 0 8 202 200 224 190 188 212 189 213 
192 1508 0.22583007812500000000 0.07690429687500000000 0 0 1 0 8 193 66 195 181 63 183 67 194 
193 1509 0.22827148437500000000 0.07690429687500000000 0 0 1 0 8 196 67 198 192 66 194 63 195 
194 1510 0.22583007812500000000 0.07446289062500000000 0 0 1 0 8 195 193 201 183 181 189 192 200 
195 1511 0.22827148437500000000 0.07446289062500000000 0 0 1 0 8 198 196 204 194 192 200 193 201 
196 1512 0.23071289062500000000 0.07690429687500000000 0 0 1 0 8 197 67 199 193 66 195 113 198 
197 1513 0.23315429687500000000 0.07690429687500000000 0 0 1 0 8 240 113 242 196 67 198 66 199 
198 1514 0.23071289062500000000 0.07446289062500000000 0 0 1 0 8 199 197 205 195 193 201 196 204 
199 1515 0.23315429687500000000 0.07446289062500000000 0 0 1 0 8 242 240 248 198 196 204 197 205 
200 1516 0.22583007812500000000 0.07202148437500000000 0 0 1 0 8 201 195 203 189 183 191 194 202 
201 1517 0.22827148437500000000 0.07202148437500000000 0 0 1 0 8 204 198 206 200 194 202 195 203 
202 1518 0.22583007812500000000 0.06958007812500000000 0 0 1 0 8 203 201 225 191 189 213 200 224 
203 1519 0.22827148437500000000 0.06958007812500000000 0 0 1 0 8 206 204 228 202 200 224 201 225 
204 1520 0.23071289062500000000 0.07202148437500000000 0 0 1 0 8 205 199 207 201 195 203 198 206 
205 1521 0.23315429687500000000 0.07202148437500000000 0 0 1 0 8 248 242 250 204 198 206 199 207 
206 1522 0.23071289062500000000 0.06958007812500000000 0 0 1 0 8 207 205 229 203 201 225 204 228 
207 1523 0.23315429687500000000 0.06958007812500000000 0 0 1 0 8 250 248 272 206 204 228 205 229 
208 1524 0.21606445312500000000 0.06713867187500000000 0 0 1 0 8 209 187 211 173 169 175 186 210 
209 1525 0.21850585937500000000 0.06713867187500000000 0 0 1 0 8 212 190 214 208 186 210 187 211 
210 1526 0.21606445312500000000 0.06469726562500000000 0 0 1 0 8 211 209 217 173 169 175 208 216 
211 1527 0.21850585937500000000 0.06469726562500000000 0 0 1 0 8 214 212 220 210 208 216 209 217 
212 1528 0.22094726562500000000 0.06713867187500000000 0 0 1 0 8 213 191 215 209 187 211 190 214 
213 1529 0.22338867187500000000 0.06713867187500000000 0 0 1 0 8 224 202 226 212 190 214 191 215 
214 1530 0.22094726562500000000 0.06469726562500000000 0 0 1 0 8 215 213 221 211 209 217 212 220 
215 1531 0.22338867187500000000 0.06469726562500000000 0 0 1 0 8 226 224 232 214 212 220 213 221 
216 1532 0.21606445312500000000 0.06225585937500000000 0 0 1 0 7 217 211 219 175 173 210 218 
217 1533 0.21850585937500000000 0.06225585937500000000 0 0 1 0 8 220 214 222 216 210 218 211 219 
218 1534 0.21606445312500000000 0.05981445312500000000 0 0 1 0 6 219 217 2 175 173 216 
219 1535 0.21850585937500000000 0.05981445312500000000 0 0 1 0 6 222 220 218 216 2 217 
220 1536 0.22094726562500000000 0.06225585937500000000 0 0 1 0 8 221 215 223 217 211 219 214 222 
221 1537 0.22338867187500000000 0.06225585937500000000 0 0 1 0 8 232 226 234 220 214 222 215 223 
222 1538 0.22094726562500000000 0.05981445312500000000 0 0 1 0 7 221 223 3 2 220 219 217 
223 1539 0.22338867187500000000 0.05981445312500000000 0 0 1 0 7 234 232 3 222 220 221 2 
224 1540 0.22583007812500000000 0.06713867187500000000 0 0 1 0 8 225 203 227 213 191 215 202 226 
225 1541 0.22827148437500000000 0.06713867187500000000 0 0 1 0 8 228 206 230 224 202 226 203 227 
226 1542 0.22583007812500000000 0.06469726562500000000 0 0 1 0 8 227 225 233 215 213 221 224 232 
227 1543 0.22827148437500000000 0.06469726562500000000 0 0 1 0 8 230 228 236 226 224 232 225 233 
228 1544 0.23071289062500000000 0.06713867187500000000 0 0 1 0 8 229 207 231 225 203 227 206 230 
229 1545 0.23315429687500000000 0.06713867187500000000 0 0 1 0 8 272 274 228 206 230 207 250 231 
230 1546 0.23071289062500000000 0.06469726562500000000 0 0 1 0 8 231 229 237 227 225 233 228 236 
231 1547 0.23315429687500000000 0.06469726562500000000 0 0 1 0 7 272 274 230 228 236 229 237 
232 1548 0.22583007812500000000 0.06225585937500000000 0 0 1 0 8 233 227 235 221 215 223 226 234 
233 1549 0.22827148437500000000 0.06225585937500000000 0 0 1 0 8 236 230 238 232 226 234 227 235 
234 1550 0.22583007812500000000 0.05981445312500000000 0 0 1 0 7 235 233 4 223 221 232 3 
235 1551 0.22827148437500000000 0.05981445312500000000 0 0 1 0 8 238 236 5 234 232 3 233 4 
236 1552 0.23071289062500000000 0.06225585937500000000 0 0 1 0 8 237 231 239 233 227 235 230 238 
237 1553 0.23315429687500000000 0.06225585937500000000 0 0 1 0 7 274 272 236 230 238 231 239 
238 1554 0.23071289062500000000 0.05981445312500000000 0 0 1 0 7 239 237 5 235 233 4 236 
239 1555 0.23315429687500000000 0.05981445312500000000 0 0 1 0 6 274 272 238 236 5 237 
240 1556 0.23559570312500000000 0.07690429687500000000 0 0 1 0 8 241 113 243 197 67 199 114 242 
241 1557 0.23803710937500000000 0.07690429687500000000 0 0 1 0 8 244 114 246 240 113 242 67 243 
242 1558 0.23559570312500000000 0.07446289062500000000 0 0 1 0 8 243 241 249 199 197 205 240 248 
243 1559 0.23803710937500000000 0.07446289062500000000 0 0 1 0 8 246 244 252 242 240 248 241 249 
244 1560 0.24047851562500000000 0.07690429687500000000 0 0 1 0 8 245 114 247 241 113 243 117 246 
245 1561 0.24291992187500000000 0.07690429687500000000 0 0 1 0 8 256 117 258 244 114 246 113 247 
246 1562 0.24047851562500000000 0.07446289062500000000 0 0 1 0 8 247 245 253 243 241 249 244 252 
247 1563 0.24291992187500000000 0.07446289062500000000 0 0 1 0 8 258 256 264 246 244 252 245 253 
248 1564 0.23559570312500000000 0.07202148437500000000 0 0 1 0 8 249 243 251 205 199 207 242 250 
249 1565 0.23803710937500000000 0.07202148437500000000 0 0 1 0 8 252 246 254 248 242 250 243 251 
250 1566 0.23559570312500000000 0.06958007812500000000 0 0 1 0 8 251 249 272 207 205 229 248 273 
251 1567 0.23803710937500000000 0.06958007812500000000 0 0 1 0 7 254 252 273 250 248 272 249 
252 1568 0.24047851562500000000 0.07202148437500000000 0 0 1 0 8 253 247 255 249 243 251 246 254 
253 1569 0.24291992187500000000 0.07202148437500000000 0 0 1 0 8 264 258 266 252 246 254 247 255 
254 1570 0.24047851562500000000 0.06958007812500000000 0 0 1 0 8 255 253 273 251 249 272 252 275 
255 1571 0.24291992187500000000 0.06958007812500000000 0 0 1 0 8 266 264 275 254 252 273 253 272 
256 1572 0.24536132812500000000 0.07690429687500000000 0 0 1 0 8 257 117 259 245 114 247 118 258 
257 1573 0.24780273437500000000 0.07690429687500000000 0 0 1 0 8 260 118 262 256 117 258 114 259 
258 1574 0.24536132812500000000 0.07446289062500000000 0 0 1 0 8 259 257 265 247 245 253 256 264 
259 1575 0.24780273437500000000 0.07446289062500000000 0 0 1 0 8 262 260 268 258 256 264 257 265 
260 1576 0.25024414062500000000 0.07690429687500000000 0 0 1 0 8 261 118 263 257 117 259 129 262 
261 1577 0.25268554687500000000 0.07690429687500000000 0 0 1 0 8 278 129 280 260 118 262 117 263 
262 1578 0.25024414062500000000 0.07446289062500000000 0 0 1 0 8 263 261 269 259 257 265 260 268 
263 1579 0.25268554687500000000 0.07446289062500000000 0 0 1 0 8 280 278 286 262 260 268 261 269 
264 1580 0.24536132812500000000 0.07202148437500000000 0 0 1 0 8 265 259 267 253 247 255 258 266 
265 1581 0.24780273437500000000 0.07202148437500000000 0 0 1 0 8 268 262 270 264 258 266 259 267 
266 1582 0.24536132812500000000 0.06958007812500000000 0 0 1 0 8 267 265 275 255 253 273 264 276 
267 1583 0.24780273437500000000 0.06958007812500000000 0 0 1 0 8 270 268 276 266 264 275 265 273 
268 1584 0.25024414062500000000 0.07202148437500000000 0 0 1 0 8 269 263 271 265 259 267 262 270 
269 1585 0.25268554687500000000 0.07202148437500000000 0 0 1 0 8 286 280 288 268 262 270 263 271 
270 1586 0.25024414062500000000 0.06958007812500000000 0 0 1 0 8 271 269 276 267 265 275 268 310 
271 1587 0.25268554687500000000 0.06958007812500000000 0 0 1 0 8 288 286 310 270 268 276 269 275 
272 1588 0.23681640625000000000 0.06591796875000000000 0 0 1 0 11 273 254 6 229 207 231 237 251 250 274 239 
273 1589 0.24169921875000000000 0.06591796875000000000 0 0 1 0 9 275 266 277 272 251 274 255 254 6 
274 1590 0.23681640625000000000 0.06103515625000000000 0 0 1 0 7 6 273 237 231 239 5 272 
275 1591 0.24658203125000000000 0.06591796875000000000 0 0 1 0 9 276 270 7 273 255 6 267 266 277 
276 1592 0.25146484375000000000 0.06591796875000000000 0 0 1 0 9 310 288 8 275 267 277 271 270 7 
277 1593 0.24658203125000000000 0.06103515625000000000 0 0 1 0 5 7 276 6 273 275 
278 1594 0.25512695312500000000 0.07690429687500000000 0 0 1 0 8 279 129 281 261 118 263 130 280 
279 1595 0.25756835937500000000 0.07690429687500000000 0 0 1 0 8 282 130 284 278 129 280 118 281 
280 1596 0.25512695312500000000 0.07446289062500000000 0 0 1 0 8 281 279 287 263 261 269 278 286 
281 1597 0.25756835937500000000 0.07446289062500000000 0 0 1 0 8 284 282 290 280 278 286 279 287 
282 1598 0.26000976562500000000 0.07690429687500000000 0 0 1 0 8 283 130 285 279 129 281 133 284 
283 1599 0.26245117187500000000 0.07690429687500000000 0 0 1 0 8 294 133 296 282 130 284 129 285 
284 1600 0.26000976562500000000 0.07446289062500000000 0 0 1 0 8 285 283 291 281 279 287 282 290 
285 1601 0.26245117187500000000 0.07446289062500000000 0 0 1 0 8 296 294 302 284 282 290 283 291 
286 1602 0.25512695312500000000 0.07202148437500000000 0 0 1 0 8 287 281 289 269 263 271 280 288 
287 1603 0.25756835937500000000 0.07202148437500000000 0 0 1 0 8 290 284 292 286 280 288 281 289 
288 1604 0.25512695312500000000 0.06958007812500000000 0 0 1 0 8 289 287 310 271 269 276 286 311 
289 1605 0.25756835937500000000 0.06958007812500000000 0 0 1 0 8 292 290 311 288 286 310 287 276 
290 1606 0.26000976562500000000 0.07202148437500000000 0 0 1 0 8 291 285 293 287 281 289 284 292 
291 1607 0.26245117187500000000 0.07202148437500000000 0 0 1 0 8 302 296 304 290 284 292 285 293 
292 1608 0.26000976562500000000 0.06958007812500000000 0 0 1 0 8 293 291 311 289 287 310 290 313 
293 1609 0.26245117187500000000 0.06958007812500000000 0 0 1 0 8 304 302 313 292 290 311 291 310 
294 1610 0.26489257812500000000 0.07690429687500000000 0 0 1 0 8 295 133 297 283 130 285 134 296 
295 1611 0.26733398437500000000 0.07690429687500000000 0 0 1 0 8 298 134 300 294 133 296 130 297 
296 1612 0.26489257812500000000 0.07446289062500000000 0 0 1 0 8 297 295 303 285 283 291 294 302 
297 1613 0.26733398437500000000 0.07446289062500000000 0 0 1 0 8 300 298 306 296 294 302 295 303 
298 1614 0.26977539062500000000 0.07690429687500000000 0 0 1 0 8 299 134 301 295 133 297 148 300 
299 1615 0.27221679687500000000 0.07690429687500000000 0 0 1 0 8 316 148 318 298 134 300 133 301 
300 1616 0.26977539062500000000 0.07446289062500000000 0 0 1 0 8 301 299 307 297 295 303 298 306 
301 1617 0.27221679687500000000 0.07446289062500000000 0 0 1 0 8 318 316 324 300 298 306 299 307 
302 1618 0.26489257812500000000 0.07202148437500000000 0 0 1 0 8 303 297 305 291 285 293 296 304 
303 1619 0.26733398437500000000 0.07202148437500000000 0 0 1 0 8 306 300 308 302 296 304 297 305 
304 1620 0.26489257812500000000 0.06958007812500000000 0 0 1 0 8 305 303 313 293 291 311 302 314 
305 1621 0.26733398437500000000 0.06958007812500000000 0 0 1 0 8 308 306 314 304 302 313 303 311 
306 1622 0.26977539062500000000 0.07202148437500000000 0 0 1 0 8 307 301 309 303 297 305 300 308 
307 1623 0.27221679687500000000 0.07202148437500000000 0 0 1 0 8 324 318 326 306 300 308 301 309 
308 1624 0.26977539062500000000 0.06958007812500000000 0 0 1 0 8 309 307 314 305 303 313 306 348 
309 1625 0.27221679687500000000 0.06958007812500000000 0 0 1 0 8 326 324 348 308 306 314 307 313 
310 1626 0.25634765625000000000 0.06591796875000000000 0 0 1 0 9 311 292 312 276 271 7 289 288 8 
311 1627 0.26123046875000000000 0.06591796875000000000 0 0 1 0 9 313 304 9 310 289 8 293 292 312 
312 1628 0.26123046875000000000 0.06103515625000000000 0 0 1 0 5 9 313 8 310 311 
313 1629 0.26611328125000000000 0.06591796875000000000 0 0 1 0 9 314 308 315 311 293 312 305 304 9 
314 1630 0.27099609375000000000 0.06591796875000000000 0 0 1 0 9 348 326 10 313 305 9 309 308 315 
315 1631 0.27099609375000000000 0.06103515625000000000 0 0 1 0 5 10 348 9 313 314 
316 1632 0.27465820312500000000 0.07690429687500000000 0 0 1 0 8 317 148 319 299 134 301 149 318 
317 1633 0.27709960937500000000 0.07690429687500000000 0 0 1 0 8 320 149 322 316 148 318 134 319 
318 1634 0.27465820312500000000 0.07446289062500000000 0 0 1 0 8 319 317 325 301 299 307 316 324 
319 1635 0.27709960937500000000 0.07446289062500000000 0 0 1 0 8 322 320 328 318 316 324 317 325 
320 1636 0.27954101562500000000 0.07690429687500000000 0 0 1 0 8 321 149 323 317 148 319 152 322 
321 1637 0.28198242187500000000 0.07690429687500000000 0 0 1 0 8 332 152 334 320 149 322 148 323 
322 1638 0.27954101562500000000 0.07446289062500000000 0 0 1 0 8 323 321 329 319 317 325 320 328 
323 1639 0.28198242187500000000 0.07446289062500000000 0 0 1 0 8 334 332 340 322 320 328 321 329 
324 1640 0.27465820312500000000 0.07202148437500000000 0 0 1 0 8 325 319 327 307 301 309 318 326 
325 1641 0.27709960937500000000 0.07202148437500000000 0 0 1 0 8 328 322 330 324 318 326 319 327 
326 1642 0.27465820312500000000 0.06958007812500000000 0 0 1 0 8 327 325 348 309 307 314 324 349 
327 1643 0.27709960937500000000 0.06958007812500000000 0 0 1 0 8 330 328 349 326 324 348 325 314 
328 1644 0.27954101562500000000 0.07202148437500000000 0 0 1 0 8 329 323 331 325 319 327 322 330 
329 1645 0.28198242187500000000 0.07202148437500000000 0 0 1 0 8 340 334 342 328 322 330 323 331 
330 1646 0.27954101562500000000 0.06958007812500000000 0 0 1 0 7 331 329 349 327 325 348 328 
331 1647 0.28198242187500000000 0.06958007812500000000 0 0 1 0 8 342 340 351 330 328 349 329 348 
332 1648 0.28442382812500000000 0.07690429687500000000 0 0 1 0 8 333 152 335 321 149 323 153 334 
333 1649 0.28686523437500000000 0.07690429687500000000 0 0 1 0 8 336 153 338 332 152 334 149 335 
334 1650 0.28442382812500000000 0.07446289062500000000 0 0 1 0 8 335 333 341 323 321 329 332 340 
335 1651 0.28686523437500000000 0.07446289062500000000 0 0 1 0 8 338 336 344 334 332 340 333 341 
336 1652 0.28930664062500000000 0.07690429687500000000 0 0 1 0 8 337 153 339 333 152 335 159 338 
337 1653 0.29174804687500000000 0.07690429687500000000 0 0 1 0 8 361 159 363 336 153 338 152 339 
338 1654 0.28930664062500000000 0.07446289062500000000 0 0 1 0 8 339 337 345 335 333 341 336 344 
339 1655 0.29174804687500000000 0.07446289062500000000 0 0 1 0 8 363 361 369 338 336 344 337 345 
340 1656 0.28442382812500000000 0.07202148437500000000 0 0 1 0 8 341 335 343 329 323 331 334 342 
341 1657 0.28686523437500000000 0.07202148437500000000 0 0 1 0 8 344 338 346 340 334 342 335 343 
342 1658 0.28442382812500000000 0.06958007812500000000 0 0 1 0 8 343 341 352 331 329 349 340 351 
343 1659 0.28686523437500000000 0.06958007812500000000 0 0 1 0 8 346 344 355 342 340 351 341 352 
344 1660 0.28930664062500000000 0.07202148437500000000 0 0 1 0 8 345 339 347 341 335 343 338 346 
345 1661 0.29174804687500000000 0.07202148437500000000 0 0 1 0 8 369 363 371 344 338 346 339 347 
346 1662 0.28930664062500000000 0.06958007812500000000 0 0 1 0 8 347 345 356 343 341 352 344 355 
347 1663 0.29174804687500000000 0.06958007812500000000 0 0 1 0 9 371 369 393 346 344 355 345 356 395 
348 1664 0.27587890625000000000 0.06591796875000000000 0 0 1 0 9 349 330 350 314 309 315 327 326 10 
349 1665 0.28076171875000000000 0.06591796875000000000 0 0 1 0 10 351 342 353 11 348 327 10 331 330 350 
350 1666 0.28076171875000000000 0.06103515625000000000 0 0 1 0 5 11 353 10 348 349 
351 1667 0.28442382812500000000 0.06713867187500000000 0 0 1 0 8 352 343 354 349 350 342 331 353 
352 1668 0.28686523437500000000 0.06713867187500000000 0 0 1 0 8 355 346 357 351 342 353 343 354 
353 1669 0.28442382812500000000 0.06469726562500000000 0 0 1 0 6 354 352 11 349 350 351 
354 1670 0.28686523437500000000 0.06469726562500000000 0 0 1 0 8 357 355 359 353 351 11 352 350 
355 1671 0.28930664062500000000 0.06713867187500000000 0 0 1 0 8 356 347 358 352 343 354 346 357 
356 1672 0.29174804687500000000 0.06713867187500000000 0 0 1 0 10 393 371 395 401 355 346 357 347 358 403 
357 1673 0.28930664062500000000 0.06469726562500000000 0 0 1 0 8 358 356 360 354 352 11 355 359 
358 1674 0.29174804687500000000 0.06469726562500000000 0 0 1 0 9 401 395 403 425 357 355 359 356 360 
359 1675 0.28930664062500000000 0.06225585937500000000 0 0 1 0 7 360 358 13 11 357 354 12 
360 1676 0.29174804687500000000 0.06225585937500000000 0 0 1 0 8 425 403 14 359 357 12 358 13 
361 1677 0.29418945312500000000 0.07690429687500000000 0 0 1 0 8 362 159 364 337 153 339 160 363 
362 1678 0.29663085937500000000 0.07690429687500000000 0 0 1 0 8 365 160 367 361 159 363 153 364 
363 1679 0.29418945312500000000 0.07446289062500000000 0 0 1 0 8 364 362 370 339 337 345 361 369 
364 1680 0.29663085937500000000 0.07446289062500000000 0 0 1 0 8 367 365 373 363 361 369 362 370 
365 1681 0.29907226562500000000 0.07690429687500000000 0 0 1 0 8 366 160 368 362 159 364 162 367 
366 1682 0.30151367187500000000 0.07690429687500000000 0 0 1 0 8 377 162 379 365 160 367 159 368 
367 1683 0.29907226562500000000 0.07446289062500000000 0 0 1 0 8 368 366 374 364 362 370 365 373 
368 1684 0.30151367187500000000 0.07446289062500000000 0 0 1 0 8 379 377 385 367 365 373 366 374 
369 1685 0.29418945312500000000 0.07202148437500000000 0 0 1 0 8 370 364 372 345 339 347 363 371 
370 1686 0.29663085937500000000 0.07202148437500000000 0 0 1 0 8 373 367 375 369 363 371 364 372 
371 1687 0.29418945312500000000 0.06958007812500000000 0 0 1 0 10 372 370 397 347 345 356 369 393 394 399 
372 1688 0.29663085937500000000 0.06958007812500000000 0 0 1 0 11 375 373 409 371 369 394 370 397 396 398 411 
373 1689 0.29907226562500000000 0.07202148437500000000 0 0 1 0 8 374 368 376 370 364 372 367 375 
374 1690 0.30151367187500000000 0.07202148437500000000 0 0 1 0 8 385 379 387 373 367 375 368 376 
375 1691 0.29907226562500000000 0.06958007812500000000 0 0 1 0 11 376 374 413 372 370 398 373 409 400 410 415 
376 1692 0.30151367187500000000 0.06958007812500000000 0 0 1 0 10 387 385 429 375 373 410 374 413 412 414 
377 1693 0.30395507812500000000 0.07690429687500000000 0 0 1 0 8 378 162 380 366 160 368 163 379 
378 1694 0.30639648437500000000 0.07690429687500000000 0 0 1 0 8 381 163 383 377 162 379 160 380 
379 1695 0.30395507812500000000 0.07446289062500000000 0 0 1 0 8 380 378 386 368 366 374 377 385 
380 1696 0.30639648437500000000 0.07446289062500000000 0 0 1 0 8 383 381 389 379 377 385 378 386 
381 1697 0.30883789062500000000 0.07690429687500000000 0 0 1 0 8 382 163 384 378 162 380 487 383 
382 1698 0.31127929687500000000 0.07690429687500000000 0 0 1 0 8 488 487 439 381 163 383 162 384 
383 1699 0.30883789062500000000 0.07446289062500000000 0 0 1 0 8 384 382 390 380 378 386 381 389 
384 1700 0.31127929687500000000 0.07446289062500000000 0 0 1 0 8 439 488 440 383 381 389 382 390 
385 1701 0.30395507812500000000 0.07202148437500000000 0 0 1 0 8 386 380 388 374 368 376 379 387 
386 1702 0.30639648437500000000 0.07202148437500000000 0 0 1 0 8 389 383 391 385 379 387 380 388 
387 1703 0.30395507812500000000 0.06958007812500000000 0 0 1 0 9 388 386 430 376 374 414 385 429 416 
388 1704 0.30639648437500000000 0.06958007812500000000 0 0 1 0 8 391 389 433 387 385 429 386 430 
389 1705 0.30883789062500000000 0.07202148437500000000 0 0 1 0 8 390 384 392 386 380 388 383 391 
390 1706 0.31127929687500000000 0.07202148437500000000 0 0 1 0 8 440 439 441 389 383 391 384 392 
391 1707 0.30883789062500000000 0.06958007812500000000 0 0 1 0 8 392 390 434 388 386 430 389 433 
392 1708 0.31127929687500000000 0.06958007812500000000 0 0 1 0 8 441 440 442 391 389 433 390 434 
393 1709 0.29357910156250000000 0.06774902343750000000 0 0 1 0 8 394 371 396 356 347 358 372 395 
394 1710 0.29479980468750000000 0.06774902343750000000 0 0 1 0 8 397 372 399 393 371 395 347 396 
395 1711 0.29357910156250000000 0.06652832031250000000 0 0 1 0 8 396 394 402 356 347 358 393 401 
396 1712 0.29479980468750000000 0.06652832031250000000 0 0 1 0 8 399 397 405 395 393 401 394 402 
397 1713 0.29602050781250000000 0.06774902343750000000 0 0 1 0 8 398 372 400 394 371 396 375 399 
398 1714 0.29724121093750000000 0.06774902343750000000 0 0 1 0 8 409 375 411 397 372 399 371 400 
399 1715 0.29602050781250000000 0.06652832031250000000 0 0 1 0 8 400 398 406 396 394 402 397 405 
400 1716 0.29724121093750000000 0.06652832031250000000 0 0 1 0 8 411 409 417 399 397 405 398 406 
401 1717 0.29357910156250000000 0.06530761718750000000 0 0 1 0 8 402 396 404 358 356 360 395 403 
402 1718 0.29479980468750000000 0.06530761718750000000 0 0 1 0 8 405 399 407 401 395 403 396 404 
403 1719 0.29357910156250000000 0.06408691406250000000 0 0 1 0 8 404 402 425 358 356 360 401 426 
404 1720 0.29479980468750000000 0.06408691406250000000 0 0 1 0 8 407 405 426 403 401 425 402 360 
405 1721 0.29602050781250000000 0.06530761718750000000 0 0 1 0 8 406 400 408 402 396 404 399 407 
406 1722 0.29724121093750000000 0.06530761718750000000 0 0 1 0 8 417 411 419 405 399 407 400 408 
407 1723 0.29602050781250000000 0.06408691406250000000 0 0 1 0 8 408 406 426 404 402 425 405 427 
408 1724 0.29724121093750000000 0.06408691406250000000 0 0 1 0 8 419 417 427 407 405 426 406 425 
409 1725 0.29846191406250000000 0.06774902343750000000 0 0 1 0 8 410 375 412 398 372 400 376 411 
410 1726 0.29968261718750000000 0.06774902343750000000 0 0 1 0 8 413 376 415 409 375 411 372 412 
411 1727 0.29846191406250000000 0.06652832031250000000 0 0 1 0 8 412 410 418 400 398 406 409 417 
412 1728 0.29968261718750000000 0.06652832031250000000 0 0 1 0 8 415 413 421 411 409 417 410 418 
413 1729 0.30090332031250000000 0.06774902343750000000 0 0 1 0 8 414 376 416 410 375 412 387 415 
414 1730 0.30212402343750000000 0.06774902343750000000 0 0 1 0 8 429 387 431 413 376 415 375 416 
415 1731 0.30090332031250000000 0.06652832031250000000 0 0 1 0 8 416 414 422 412 410 418 413 421 
416 1732 0.30212402343750000000 0.06652832031250000000 0 0 1 0 8 429 387 431 415 413 421 414 422 
417 1733 0.29846191406250000000 0.06530761718750000000 0 0 1 0 8 418 412 420 406 400 408 411 419 
418 1734 0.29968261718750000000 0.06530761718750000000 0 0 1 0 8 421 415 423 417 411 419 412 420 
419 1735 0.29846191406250000000 0.06408691406250000000 0 0 1 0 8 420 418 427 408 406 426 417 428 
420 1736 0.29968261718750000000 0.06408691406250000000 0 0 1 0 8 423 421 428 419 417 427 418 426 
421 1737 0.30090332031250000000 0.06530761718750000000 0 0 1 0 8 422 416 424 418 412 420 415 423 
422 1738 0.30212402343750000000 0.06530761718750000000 0 0 1 0 8 431 429 437 421 415 423 416 424 
423 1739 0.30090332031250000000 0.06408691406250000000 0 0 1 0 8 424 422 428 420 418 427 421 437 
424 1740 0.30212402343750000000 0.06408691406250000000 0 0 1 0 8 431 429 437 423 421 428 422 427 
425 1741 0.29418945312500000000 0.06225585937500000000 0 0 1 0 9 426 407 15 360 358 13 404 403 14 
426 1742 0.29663085937500000000 0.06225585937500000000 0 0 1 0 9 427 419 16 425 404 14 408 407 15 
427 1743 0.29907226562500000000 0.06225585937500000000 0 0 1 0 9 428 423 17 426 408 15 420 419 16 
428 1744 0.30151367187500000000 0.06225585937500000000 0 0 1 0 9 437 431 18 427 420 16 424 423 17 
429 1745 0.30395507812500000000 0.06713867187500000000 0 0 1 0 10 430 388 432 414 376 416 422 387 431 424 
430 1746 0.30639648437500000000 0.06713867187500000000 0 0 1 0 8 433 391 435 429 387 431 388 432 
431 1747 0.30395507812500000000 0.06469726562500000000 0 0 1 0 9 432 430 438 422 416 424 428 429 437 
432 1748 0.30639648437500000000 0.06469726562500000000 0 0 1 0 8 435 433 20 431 429 437 430 438 
433 1749 0.30883789062500000000 0.06713867187500000000 0 0 1 0 8 434 392 436 430 388 432 391 435 
434 1750 0.31127929687500000000 0.06713867187500000000 0 0 1 0 8 442 443 433 391 435 392 441 436 
435 1751 0.30883789062500000000 0.06469726562500000000 0 0 1 0 8 436 434 20 432 430 438 433 443 
436 1752 0.31127929687500000000 0.06469726562500000000 0 0 1 0 6 442 443 435 433 20 434 
437 1753 0.30395507812500000000 0.06225585937500000000 0 0 1 0 8 438 432 19 428 424 17 431 18 
438 1754 0.30639648437500000000 0.06225585937500000000 0 0 1 0 7 20 437 431 18 432 435 19 
439 1755 0.31372070312500000000 0.07446289062500000000 0 0 1 0 8 490 489 491 384 382 390 488 440 
440 1756 0.31372070312500000000 0.07202148437500000000 0 0 1 0 8 491 490 492 390 384 392 439 441 
441 1757 0.31372070312500000000 0.06958007812500000000 0 0 1 0 8 492 491 442 392 390 434 440 494 
442 1758 0.31494140625000000000 0.06591796875000000000 0 0 1 0 10 494 493 445 434 392 436 20 492 441 443 
443 1759 0.31494140625000000000 0.06103515625000000000 0 0 1 0 5 445 494 20 436 442 
