421 4794 0.66563432000000000155 -0.03899874999999999869 
422 13877 0.50244670999999996308 -0.05203275699999999893 
423 14210 0.50537109375000000000 -0.06103515625000000000 
424 14212 0.50537109375000000000 -0.06591796875000000000 
425 14218 0.50537109375000000000 -0.07080078125000000000 
426 14220 0.50537109375000000000 -0.07568359375000000000 
427 14226 0.50292968750000000000 -0.08300781250000000000 
428 14228 0.50292968750000000000 -0.09277343750000000000 
429 14237 0.51269531250000000000 -0.09277343750000000000 
430 14238 0.51269531250000000000 -0.10253906250000000000 
431 14239 0.52246093750000000000 -0.10253906250000000000 
432 14241 0.52246093750000000000 -0.11230468750000000000 
433 14242 0.53222656250000000000 -0.11230468750000000000 
434 14263 0.53222656250000000000 -0.12207031250000000000 
435 14264 0.54199218750000000000 -0.12207031250000000000 
436 14266 0.54199218750000000000 -0.13183593750000000000 
437 14731 0.55175781250000000000 -0.13183593750000000000 
438 14732 0.56152343750000000000 -0.13183593750000000000 
439 14733 0.57128906250000000000 -0.13183593750000000000 
440 14734 0.58105468750000000000 -0.13183593750000000000 
441 14743 0.59082031250000000000 -0.13183593750000000000 
442 14744 0.60058593750000000000 -0.13183593750000000000 
443 14745 0.61035156250000000000 -0.13183593750000000000 
444 14746 0.62011718750000000000 -0.13183593750000000000 
445 4795 0.66162109375000000000 -0.04150390625000000000 
446 4798 0.66528320312500000000 -0.04272460937500000000 
447 4804 0.66528320312500000000 -0.04516601562500000000 
448 4806 0.66528320312500000000 -0.04760742187500000000 
449 4828 0.66528320312500000000 -0.05004882812500000000 
450 4830 0.66528320312500000000 -0.05249023437500000000 
451 4836 0.66528320312500000000 -0.05493164062500000000 
452 4838 0.66528320312500000000 -0.05737304687500000000 
453 4924 0.66650390625000000000 -0.06103515625000000000 
454 4926 0.66650390625000000000 -0.06591796875000000000 
455 4932 0.66650390625000000000 -0.07080078125000000000 
456 4934 0.66650390625000000000 -0.07568359375000000000 
457 14851 0.65917968750000000000 -0.10253906250000000000 
458 14852 0.64941406250000000000 -0.11230468750000000000 
459 14853 0.65917968750000000000 -0.11230468750000000000 
460 5102 0.66894531250000000000 -0.08300781250000000000 
461 5104 0.66894531250000000000 -0.09277343750000000000 
462 5110 0.66894531250000000000 -0.10253906250000000000 
463 14855 0.62988281250000000000 -0.12207031250000000000 
464 14856 0.63964843750000000000 -0.12207031250000000000 
465 14857 0.62988281250000000000 -0.13183593750000000000 
466 14859 0.64941406250000000000 -0.12207031250000000000 
