1 1.0 -0.6513591328891902
1 0.999615 -0.5374412613742766
1 0.998459 -0.44714113120565024
1 0.996534 -0.42045202009594757
1 0.993844 -0.39174316435477274
1 0.990393 -0.3650283977856437
1 0.986185 -0.339659157446071
1 0.981228 -0.3167024065730525
1 0.975528 -0.2955634644000041
1 0.969096 -0.2758152090282715
1 0.96194 -0.257243353636526
1 0.954072 -0.2396476742981886
1 0.945503 -0.22285539838444288
1 0.936248 -0.20679830504744895
1 0.92632 -0.19140647872996527
1 0.915735 -0.17663497905389428
1 0.904508 -0.1624269979109224
1 0.892658 -0.148729571559772
1 0.880203 -0.13557709172242818
1 0.867161 -0.12293766153876205
1 0.853553 -0.11082560299968643
1 0.8394 -0.09916733504369765
1 0.824724 -0.08827345985383414
1 0.809547 -0.07819774790851405
1 0.793893 -0.06844565974169199
1 0.777785 -0.057664950642214344
1 0.761249 -0.04547917143771046
1 0.744311 -0.037608411634543724
1 0.726995 -0.04865872157301161
1 0.70933 -0.08558146845191872
1 0.691342 -0.08547419308879232
1 0.673059 0.12476386204347092
1 0.654508 0.5205864129075107
1 0.63572 0.7862525095532151
1 0.616723 0.8517846829464213
1 0.597545 0.8358132711794058
1 0.578217 0.8148959833712311
1 0.558769 0.8058420812854359
1 0.53923 0.8030565209991953
1 0.51963 0.8003717522327012
1 0.5 0.7958478840490197
1 0.48037 0.789795788696764
1 0.46077 0.7828198855133033
1 0.441231 0.7751753960102925
1 0.421783 0.7668514918108831
1 0.402455 0.7577790805648377
1 0.383277 0.7478747129066842
1 0.36428 0.7370867251404667
1 0.345491 0.7253742413471113
1 0.326941 0.7126863721410538
1 0.308658 0.6989809959019503
1 0.29067 0.6842119680353258
1 0.273005 0.6683297502052465
1 0.255689 0.651275281731393
1 0.238751 0.6329977479802071
1 0.222215 0.613428554498301
1 0.206107 0.5924873657770022
1 0.190453 0.570084011407616
1 0.175276 0.546126334255643
1 0.1606 0.5204959940944213
1 0.146447 0.4930275020296372
1 0.132839 0.46351860216830515
1 0.119797 0.43173438658340324
1 0.107342 0.3973792605173847
1 0.0954915 0.3600503278101015
1 0.0842652 0.3192312658811089
1 0.0736799 0.2742368103470433
1 0.063752 0.2241993173263048
1 0.0544967 0.16797342159944162
1 0.0459284 0.10419220660246083
1 0.0380602 0.0314611005012556
1 0.0309043 -0.05163002149070658
1 0.0244717 -0.14625816663533123
1 0.0187724 -0.25376167876291894
1 0.013815 -0.37967439184558993
1 0.00960735 -0.5245445242376336
1 0.00615582 -0.6844188288727782
1 0.00346577 -0.8439261484618057
1 0.00154133 -0.9599774829468443
1 0.00038548 -0.9792530198864924
1 0.0 -0.9448765089435432
1 0.000385484 -0.9296377955998327
1 0.00154134 -0.8512073396584854
1 0.00346578 -0.6873118634184137
1 0.00615584 -0.49764724935818994
1 0.00960737 -0.3213170049400928
1 0.0138151 -0.16821017199920701
1 0.0187724 -0.039172699238089505
1 0.0244718 0.06813449358899856
1 0.0309043 0.16060957720652452
1 0.0380603 0.24063972745008655
1 0.0459284 0.31012043310947823
1 0.0544968 0.37060332328641166
1 0.063752 0.4234887899374129
1 0.0736799 0.47015961420105623
1 0.0842652 0.511787975162693
1 0.0954915 0.5492926535747454
1 0.107342 0.5834095914779698
1 0.119797 0.6146949948461483
1 0.132839 0.6435788693672309
1 0.146447 0.6703715081813613
1 0.1606 0.6953126932832007
1 0.175276 0.7186024928916932
1 0.190453 0.7404028843909826
1 0.206107 0.7608264258438351
1 0.222215 0.7799613593318241
1 0.238751 0.7978921173418618
1 0.255689 0.8146932818204065
1 0.273005 0.8304284278869452
1 0.29067 0.8451453673999971
1 0.308658 0.8588980337749414
1 0.326942 0.8717323704997015
1 0.345492 0.8836937302748032
1 0.36428 0.8948180717221148
1 0.383277 0.9051539474541372
1 0.402455 0.9147412578356942
1 0.421783 0.9236174525395516
1 0.441231 0.9318316626849459
1 0.460771 0.9394227597600254
1 0.48037 0.9464368278912042
1 0.5 0.9529071382715961
1 0.51963 0.9588730876803786
1 0.53923 0.9643839381535858
1 0.558769 0.9694797186576896
1 0.578217 0.9741981571933129
1 0.597545 0.9785759131549527
1 0.616723 0.9826622172003433
1 0.63572 0.986483586510042
1 0.654509 0.9900652668677058
1 0.673059 0.9934673566715576
1 0.691342 0.9967577221342201
1 0.70933 1.0000624872253798
1 0.726995 1.0033511578864627
1 0.744311 1.006036443353592
1 0.761249 1.0071888986037818
1 0.777785 1.0087250285667817
1 0.793893 1.0195288776558298
1 0.809547 1.0430820836045112
1 0.824724 1.014176720908931
1 0.8394 0.7189373459720803
1 0.853553 0.11229944858470424
1 0.867161 -0.21487874241115254
1 0.880203 -0.1909928648782649
1 0.892659 -0.15159494592596975
1 0.904509 -0.15620541192580067
1 0.915735 -0.17556887097483756
1 0.92632 -0.19338971486549525
1 0.936248 -0.20897313916732055
1 0.945503 -0.22451114574649797
1 0.954072 -0.24077006004754778
1 0.96194 -0.25765929878484867
1 0.969096 -0.2752528739259925
1 0.975528 -0.2937304332556199
1 0.981228 -0.31329289522913356
1 0.986185 -0.3343454957747804
1 0.990393 -0.3574724360478197
1 0.993844 -0.3816484371903878
1 0.996534 -0.40555911163942837
1 0.998459 -0.42357126460244343
1 0.999615 -0.43426945540121004
