1 0.999615 1.7526074907372367
1 0.998459 1.7450663721569724
1 0.996534 1.7410836239607796
1 0.993844 1.73709297224401
1 0.990393 1.7332126970622552
1 0.986185 1.7298835077708044
1 0.981228 1.7272200248965675
1 0.975528 1.7251342939763812
1 0.969096 1.7235544421076492
1 0.96194 1.7224517202145657
1 0.954072 1.721767874144903
1 0.945503 1.7214535958596489
1 0.936248 1.7214937975196303
1 0.92632 1.7218727503304057
1 0.915735 1.7225849486966076
1 0.904508 1.723596618107949
1 0.892658 1.7248688069911133
1 0.880203 1.7264483701348219
1 0.867161 1.7283051060870245
1 0.853553 1.73041589281514
1 0.8394 1.7328198586222947
1 0.824724 1.735508107367488
1 0.809547 1.738496345675383
1 0.793893 1.7418158672900377
1 0.777785 1.7454120405038875
1 0.761249 1.7491302404075684
1 0.744311 1.7530159972414345
1 0.726995 1.7576740713660235
1 0.70933 1.7645107812007634
1 0.691342 1.774194011881539
1 0.673059 1.7816099834735206
1 0.654508 1.7718573008955267
1 0.63572 1.7385973562920365
1 0.616723 1.7118205918828922
1 0.597545 1.7114687402799933
1 0.578217 1.7237343054671381
1 0.558769 1.7376120225531684
1 0.53923 1.7505873833815595
1 0.51963 1.7633521265317658
1 0.5 1.7767323974287985
1 0.48037 1.7910407591916513
1 0.46077 1.8062606858353154
1 0.441231 1.8223695939471063
1 0.421783 1.839387982625811
1 0.402455 1.8573280835676629
1 0.383277 1.8762423362177594
1 0.36428 1.8961560965572375
1 0.345491 1.917089437482704
1 0.326941 1.9390765179502585
1 0.308658 1.9621313915307996
1 0.29067 1.9862698029075048
1 0.273005 2.011506058230702
1 0.255689 2.037862968117802
1 0.238751 2.065343043774167
1 0.222215 2.09396520016176
1 0.206107 2.123752804157673
1 0.190453 2.154728903595912
1 0.175276 2.1869034933319376
1 0.1606 2.220296266386813
1 0.146447 2.2549596076676277
1 0.132839 2.2909485877771423
1 0.119797 2.3283036012638503
1 0.107342 2.367067592770154
1 0.0954915 2.4073064050866035
1 0.0842652 2.449069952948806
1 0.0736799 2.4923755354061616
1 0.063752 2.537163221877658
1 0.0544967 2.5832513646849637
1 0.0459284 2.63026437527396
1 0.0380602 2.6774622754138733
1 0.0309043 2.7234979167047433
1 0.0244717 2.7659001465532302
1 0.0187724 2.80071225224942
1 0.013815 2.8229227159152344
1 0.00960735 2.8226972964573696
1 0.00615582 2.785653938285443
1 0.00346577 2.6885723324901134
1 0.00154133 2.4988223057547234
1 0.00038548 2.2073837727563683
1 0.0 1.8772327229040118
1 0.000385484 1.5306094618199948
1 0.00154134 1.2567399203502914
1 0.00346578 1.0920688827259069
1 0.00615584 1.01807999852664
1 0.00960737 1.0005878486658868
1 0.0138151 1.0171941904523767
1 0.0187724 1.0538132822188153
1 0.0244718 1.1008183636380007
1 0.0309043 1.1535361589032431
1 0.0380603 1.208378694405747
1 0.0459284 1.2632187828964663
1 0.0544968 1.3169331144867131
1 0.063752 1.3689771709450913
1 0.0736799 1.4191168780107408
1 0.0842652 1.467252503702514
1 0.0954915 1.5133922933868778
1 0.107342 1.5576084152151772
1 0.119797 1.5999986635341978
1 0.132839 1.6406722122440185
1 0.146447 1.6797084734881917
1 0.1606 1.7171797640871582
1 0.175276 1.753169736427625
1 0.190453 1.7877554421424102
1 0.206107 1.8209755336146805
1 0.222215 1.8528561546033466
1 0.238751 1.8834350535503235
1 0.255689 1.9127485950069134
1 0.273005 1.9408269793317274
1 0.29067 1.9676817135909617
1 0.308658 1.9933443944276565
1 0.326942 2.017837370917218
1 0.345492 2.0411871700446738
1 0.36428 2.0634084703231723
1 0.383277 2.0845417302069102
1 0.402455 2.1046167865433527
1 0.421783 2.1236593363934495
1 0.441231 2.1417204638113674
1 0.460771 2.158832740345954
1 0.48037 2.17504527762083
1 0.5 2.190399043070256
1 0.51963 2.2049312134212187
1 0.53923 2.2187078335748063
1 0.558769 2.23177334206262
1 0.578217 2.2441717287148326
1 0.597545 2.255946733675163
1 0.616723 2.267171980117964
1 0.63572 2.277882114329121
1 0.654509 2.288113077550345
1 0.673059 2.297944205106257
1 0.691342 2.307385180639828
1 0.70933 2.316485049372758
1 0.726995 2.325292608400173
1 0.744311 2.333878133930523
1 0.761249 2.3421344209794883
1 0.777785 2.3498665728711736
1 0.793893 2.3573654094579326
1 0.809547 2.366270643239087
1 0.824724 2.378148225674016
1 0.8394 2.3834610739894466
1 0.853553 2.33938960876577
1 0.867161 2.2425993904766908
1 0.880203 2.200345084387795
1 0.892659 2.2047261490779717
1 0.904509 2.2129708867142277
1 0.915735 2.2154431589852317
1 0.92632 2.2153925227087736
1 0.936248 2.2151638091230534
1 0.945503 2.214953209495232
1 0.954072 2.214504363304302
1 0.96194 2.2137005801651473
1 0.969096 2.212502211750158
1 0.975528 2.210868741658787
1 0.981228 2.208775842738947
1 0.986185 2.2061533068371086
1 0.990393 2.2029071024701987
1 0.993844 2.1992027224874375
1 0.996534 2.195629471820564
1 0.998459 2.1931358964626755
1 0.999615 2.1855000289954245
