1 1.0 -0.004342002249008468
1 0.999615 -0.0056080463997923435
1 0.998459 0.008321746484597924
1 0.996534 0.01809888660245229
1 0.993844 0.031468151396488175
1 0.990393 0.038539573531358916
1 0.986185 0.0426529459559569
1 0.981228 0.04476611885537872
1 0.975528 0.046047330723200816
1 0.969096 0.04676780287244294
1 0.96194 0.04693711056330695
1 0.954072 0.045868985643373085
1 0.945503 0.04207875210496105
1 0.936248 0.04224383868743415
1 0.92632 0.042181995977817285
1 0.915735 0.042045064334629415
1 0.904508 0.041842797899082414
1 0.892658 0.04159882795566524
1 0.880203 0.041391920025599875
1 0.867161 0.04150052007496676
1 0.853553 0.04250725755335083
1 0.8394 0.04208542721856705
1 0.824724 0.041675288546020074
1 0.809547 0.04123030582899528
1 0.793893 0.04074712827455387
1 0.777785 0.04022800416507217
1 0.761249 0.03968165639699129
1 0.744311 0.03909708666793546
1 0.726995 0.03847700411225501
1 0.70933 0.03782235206104884
1 0.691342 0.03712883885317813
1 0.673059 0.036388408942737246
1 0.654508 0.035602015771654054
1 0.63572 0.03476651536681478
1 0.616723 0.033872365240522
1 0.597545 0.032914202164259346
1 0.578217 0.031886290269649474
1 0.558769 0.030783324248657214
1 0.53923 0.029594207851118333
1 0.51963 0.028310853749929612
1 0.5 0.026920371759442088
1 0.48037 0.025401511692475943
1 0.46077 0.02374464718975912
1 0.441231 0.021960734008876246
1 0.421783 0.020034652543472135
1 0.402455 0.01795862248703786
1 0.383277 0.01571531384491096
1 0.36428 0.013293641470729645
1 0.345491 0.01068179715382447
1 0.326941 0.007860027518346673
1 0.308658 0.004813022957376703
1 0.29067 0.001522697949085044
1 0.273005 -0.002030638761603112
1 0.255689 -0.005872189936362602
1 0.238751 -0.010025659051974186
1 0.222215 -0.014519581832645827
1 0.206107 -0.019389061712757956
1 0.190453 -0.024678625534194858
1 0.175276 -0.030429721417904145
1 0.1606 -0.03669736845029563
1 0.146447 -0.04355046549002684
1 0.132839 -0.051077690963839684
1 0.119797 -0.05937826863765246
1 0.107342 -0.06858160478862055
1 0.0954915 -0.07884119946267665
1 0.0842652 -0.09036627250634471
1 0.0736799 -0.10341706522944971
1 0.063752 -0.11834039041326773
1 0.0544967 -0.13554916263945216
1 0.0459284 -0.15532066327933686
1 0.0380602 -0.17700562958561064
1 0.0309043 -0.20705250876183592
1 0.0244717 -0.24105136298468474
1 0.0187724 -0.2783063645799612
1 0.013815 -0.3215624843067146
1 0.00960735 -0.3751718657759683
1 0.00615582 -0.44673200541907104
1 0.00346577 -0.5344770763457716
1 0.00154133 -0.618518919781995
1 0.00038548 -0.658075807073721
1 0.0 -0.6635354589171515
1 0.000385484 -0.6529570293779334
1 0.00154134 -0.6182263865395514
1 0.00346578 -0.5345225404075554
1 0.00615584 -0.44673714898179867
1 0.00960737 -0.3751661432390872
1 0.0138151 -0.32156513456553193
1 0.0187724 -0.2783018690365558
1 0.0244718 -0.24105237095953125
1 0.0309043 -0.20704945329190422
1 0.0380603 -0.17700517694272652
1 0.0459284 -0.15531893635543592
1 0.0544968 -0.13554918373253114
1 0.063752 -0.11834011695460137
1 0.0736799 -0.10341603858516162
1 0.0842652 -0.09036549927943628
1 0.0954915 -0.07884081555980157
1 0.107342 -0.06858167135337857
1 0.119797 -0.05937791050884051
1 0.132839 -0.051077367064616346
1 0.146447 -0.043550257704730005
1 0.1606 -0.03669696076398838
1 0.175276 -0.030429606505294318
1 0.190453 -0.024678046186971114
1 0.206107 -0.019388758365898904
1 0.222215 -0.014519248488753522
1 0.238751 -0.010025415678139058
1 0.255689 -0.005872064362160639
1 0.273005 -0.002030581490047096
1 0.29067 0.0015228323386983706
1 0.308658 0.0048130320055432396
1 0.326942 0.007860172443902797
1 0.345492 0.010682302466651855
1 0.36428 0.013293578788577584
1 0.383277 0.01571517921148865
1 0.402455 0.01795855602243737
1 0.421783 0.02003457964963688
1 0.441231 0.02195985235842977
1 0.460771 0.023745749110510216
1 0.48037 0.02540196361596963
1 0.5 0.026919956661425017
1 0.51963 0.02831081907211683
1 0.53923 0.02959405369198118
1 0.558769 0.03078335890387742
1 0.578217 0.03188793462758154
1 0.597545 0.03291353877883559
1 0.616723 0.03387118481798574
1 0.63572 0.034767157203206216
1 0.654509 0.035601854417039204
1 0.673059 0.03638999326428465
1 0.691342 0.03712827423601631
1 0.70933 0.03782232169206929
1 0.726995 0.03847708663879031
1 0.744311 0.03909724413072024
1 0.761249 0.03968187452618871
1 0.777785 0.040228361024090276
1 0.793893 0.04074736110709924
1 0.809547 0.041230432583348894
1 0.824724 0.04167531265034108
1 0.8394 0.04208538042732579
1 0.853553 0.04250713178697728
1 0.867161 0.041500763622609925
1 0.880203 0.04139241472365878
1 0.892659 0.04159886226948416
1 0.904509 0.04184859006019164
1 0.915735 0.042045407027535106
1 0.92632 0.04217707786792942
1 0.936248 0.042245714656005684
1 0.945503 0.042079080114994075
1 0.954072 0.045869318976503315
1 0.96194 0.04693701353922744
1 0.969096 0.046767212544510106
1 0.975528 0.04604690266288122
1 0.981228 0.044766102762291676
1 0.986185 0.0426528853960239
1 0.990393 0.03854024091144067
1 0.993844 0.03146613197255239
1 0.996534 0.018111563554925388
1 0.998459 0.008261086765862081
1 0.999615 0.0025107603515032223
